(title "dX-Velocity/dy vs. Y-Coordinate")
(labels "Y-Coordinate" "dX-Velocity/dy")

((xy/key/label "line")
-1	9.1702
-0.994508	7.91689
-0.988193	7.31311
-0.98093	7.70933
-0.972577	6.38853
-0.962972	5.07235
-0.952331	4.0616
-0.941691	3.37292
-0.93105	2.87927
-0.92041	2.50963
-0.909769	2.2244
-0.899128	1.99848
-0.888488	1.81542
-0.877847	1.66415
-0.867207	1.537
-0.856566	1.42855
-0.845926	1.33485
-0.835285	1.25302
-0.824644	1.18085
-0.814004	1.11665
-0.803363	1.05911
-0.792723	1.00719
-0.782082	0.960074
-0.771442	0.917091
-0.760801	0.877676
-0.75016	0.841356
-0.73952	0.807756
-0.728879	0.776557
-0.718239	0.747482
-0.707598	0.720314
-0.696958	0.694846
-0.686317	0.670883
-0.675676	0.648284
-0.665036	0.626913
-0.654395	0.606645
-0.643755	0.587382
-0.633114	0.569047
-0.622474	0.551553
-0.611833	0.534828
-0.601192	0.518806
-0.590552	0.503426
-0.579911	0.488638
-0.569271	0.474395
-0.55863	0.460641
-0.54799	0.447335
-0.537349	0.434462
-0.526708	0.421985
-0.516068	0.409867
-0.505427	0.398088
-0.494787	0.386618
-0.484146	0.375441
-0.473506	0.364544
-0.462865	0.353901
-0.452224	0.34349
-0.441584	0.333297
-0.430943	0.323315
-0.420303	0.313526
-0.409662	0.303924
-0.399022	0.294493
-0.388381	0.285211
-0.37774	0.276091
-0.3671	0.267111
-0.356459	0.258262
-0.345819	0.249553
-0.335178	0.240971
-0.324537	0.232503
-0.313897	0.22414
-0.303256	0.215891
-0.292616	0.207746
-0.281975	0.19969
-0.271335	0.19172
-0.260694	0.183839
-0.250053	0.17604
-0.239413	0.168303
-0.228772	0.160627
-0.218132	0.153021
-0.207491	0.145463
-0.196851	0.137949
-0.18621	0.13047
-0.175569	0.123026
-0.164929	0.115604
-0.154288	0.10819
-0.143648	0.100777
-0.133007	0.0933548
-0.122367	0.0859064
-0.111726	0.0784229
-0.101085	0.0708695
-0.0904449	0.0632197
-0.0798043	0.0554475
-0.0691637	0.0475045
-0.0585232	0.0393603
-0.0478826	0.0309797
-0.037242	0.0224284
-0.0266014	0.0139647
-0.0159609	0.00641125
-0.00532029	0.00150982
0	0
)
