(title "Turbulent Kinetic Energy (k) vs. Y-Coordinate")
(labels "Y-Coordinate" "Turbulent Kinetic Energy (k)")

((xy/key/label "line")
-1	0.0115037
-0.994508	0.00896474
-0.988193	0.00553631
-0.98093	0.00534092
-0.972577	0.00641619
-0.962972	0.00769623
-0.952331	0.00873266
-0.941691	0.00942928
-0.93105	0.00989578
-0.92041	0.0102087
-0.909769	0.0104158
-0.899128	0.0105477
-0.888488	0.0106247
-0.877847	0.0106605
-0.867207	0.0106648
-0.856566	0.0106445
-0.845926	0.0106048
-0.835285	0.0105495
-0.824644	0.0104816
-0.814004	0.0104034
-0.803363	0.0103167
-0.792723	0.0102229
-0.782082	0.0101233
-0.771442	0.0100187
-0.760801	0.00991007
-0.75016	0.00979795
-0.73952	0.00968293
-0.728879	0.00956547
-0.718239	0.00944599
-0.707598	0.00932482
-0.696958	0.00920227
-0.686317	0.00907859
-0.675676	0.00895402
-0.665036	0.00882876
-0.654395	0.00870299
-0.643755	0.00857688
-0.633114	0.00845056
-0.622474	0.00832419
-0.611833	0.00819789
-0.601192	0.00807176
-0.590552	0.00794592
-0.579911	0.00782047
-0.569271	0.00769551
-0.55863	0.00757112
-0.54799	0.00744739
-0.537349	0.00732441
-0.526708	0.00720227
-0.516068	0.00708104
-0.505427	0.00696081
-0.494787	0.00684165
-0.484146	0.00672364
-0.473506	0.00660685
-0.462865	0.00649137
-0.452224	0.00637727
-0.441584	0.00626463
-0.430943	0.00615352
-0.420303	0.00604402
-0.409662	0.0059362
-0.399022	0.00583015
-0.388381	0.00572593
-0.37774	0.00562363
-0.3671	0.00552331
-0.356459	0.00542505
-0.345819	0.00532893
-0.335178	0.00523501
-0.324537	0.00514338
-0.313897	0.00505409
-0.303256	0.00496722
-0.292616	0.00488283
-0.281975	0.00480099
-0.271335	0.00472176
-0.260694	0.00464519
-0.250053	0.00457135
-0.239413	0.00450029
-0.228772	0.00443205
-0.218132	0.00436669
-0.207491	0.00430424
-0.196851	0.00424475
-0.18621	0.00418824
-0.175569	0.00413476
-0.164929	0.00408432
-0.154288	0.00403696
-0.143648	0.00399269
-0.133007	0.00395154
-0.122367	0.00391351
-0.111726	0.00387862
-0.101085	0.00384689
-0.0904449	0.00381831
-0.0798043	0.0037929
-0.0691637	0.00377065
-0.0585232	0.00375159
-0.0478826	0.00373569
-0.037242	0.00372298
-0.0266014	0.00371345
-0.0159609	0.0037071
-0.00532029	0.00370393
0	0.00370393
)
