(title "VV Reynolds Stress vs. Y-Coordinate")
(labels "Y-Coordinate" "VV Reynolds Stress")

((xy/key/label "line")
-1	0.00284142
-0.994508	0.002449
-0.988193	0.0019025
-0.98093	0.00187859
-0.972577	0.0021008
-0.962972	0.00234945
-0.952331	0.00254703
-0.941691	0.00268264
-0.93105	0.00277879
-0.92041	0.00284897
-0.909769	0.00290088
-0.899128	0.0029393
-0.888488	0.00296735
-0.877847	0.00298721
-0.867207	0.00300041
-0.856566	0.00300811
-0.845926	0.00301118
-0.835285	0.00301031
-0.824644	0.00300605
-0.814004	0.00299881
-0.803363	0.00298898
-0.792723	0.00297686
-0.782082	0.00296269
-0.771442	0.00294669
-0.760801	0.00292905
-0.75016	0.00290994
-0.73952	0.00288949
-0.728879	0.00286782
-0.718239	0.00284505
-0.707598	0.00282128
-0.696958	0.0027966
-0.686317	0.00277108
-0.675676	0.00274481
-0.665036	0.00271785
-0.654395	0.00269026
-0.643755	0.0026621
-0.633114	0.00263342
-0.622474	0.00260429
-0.611833	0.00257474
-0.601192	0.00254483
-0.590552	0.00251459
-0.579911	0.00248407
-0.569271	0.00245332
-0.55863	0.00242236
-0.54799	0.00239125
-0.537349	0.00236002
-0.526708	0.0023287
-0.516068	0.00229733
-0.505427	0.00226596
-0.494787	0.0022346
-0.484146	0.00220331
-0.473506	0.00217212
-0.462865	0.00214106
-0.452224	0.00211016
-0.441584	0.00207947
-0.430943	0.00204901
-0.420303	0.00201882
-0.409662	0.00198894
-0.399022	0.00195939
-0.388381	0.00193022
-0.37774	0.00190146
-0.3671	0.00187313
-0.356459	0.00184528
-0.345819	0.00181794
-0.335178	0.00179113
-0.324537	0.00176489
-0.313897	0.00173926
-0.303256	0.00171425
-0.292616	0.00168989
-0.281975	0.00166623
-0.271335	0.00164327
-0.260694	0.00162105
-0.250053	0.0015996
-0.239413	0.00157892
-0.228772	0.00155905
-0.218132	0.00154001
-0.207491	0.00152181
-0.196851	0.00150447
-0.18621	0.001488
-0.175569	0.00147242
-0.164929	0.00145773
-0.154288	0.00144396
-0.143648	0.0014311
-0.133007	0.00141917
-0.122367	0.00140817
-0.111726	0.00139811
-0.101085	0.00138898
-0.0904449	0.0013808
-0.0798043	0.00137356
-0.0691637	0.00136726
-0.0585232	0.00136191
-0.0478826	0.0013575
-0.037242	0.00135404
-0.0266014	0.00135151
-0.0159609	0.00134992
-0.00532029	0.00134926
0	0.00134926
)
