nodenumber,    x-coordinate,    y-coordinate,    z-coordinate,  total-pressure,      x-velocity,uu-reynolds-stress,vv-reynolds-stress,ww-reynolds-stress,uv-reynolds-stress,          y-plus,  dx-velocity-dy
         1, 0.000000000E+00,-1.000000000E+00, 0.000000000E+00,-6.747202133E-04, 0.000000000E+00, 9.274267592E-03, 2.086287597E-03, 5.532463547E-03,-2.153859707E-03, 5.019721389E-01, 2.344863701E+01
         2, 8.809142651E-19,-9.981600642E-01, 0.000000000E+00, 1.004069927E-04, 4.135239497E-02, 7.101495750E-03, 1.813722774E-03, 4.371192306E-03,-1.580096548E-03, 0.000000000E+00, 2.018222427E+01
         3, 5.421010862E-19,-9.960440993E-01, 0.000000000E+00, 2.835252322E-03, 7.894673944E-02, 4.294074140E-03, 1.448631287E-03, 2.826535609E-03,-8.963803411E-04, 0.000000000E+00, 1.842439651E+01
         4, 0.000000000E+00,-9.936107993E-01, 0.000000000E+00, 7.856803015E-03, 1.266281158E-01, 4.393186886E-03, 1.460300526E-03, 2.804986900E-03,-1.015619142E-03, 0.000000000E+00, 1.916343307E+01
         5, 0.000000000E+00,-9.908124804E-01, 0.000000000E+00, 1.487916987E-02, 1.744018495E-01, 5.541794468E-03, 1.630963525E-03, 3.381028539E-03,-1.353859669E-03, 0.000000000E+00, 1.565154934E+01
         6, 0.000000000E+00,-9.875944257E-01, 0.000000000E+00, 2.332232706E-02, 2.184973210E-01, 6.806388497E-03, 1.806982094E-03, 4.042411223E-03,-1.685926458E-03, 0.000000000E+00, 1.232418346E+01
         7, 0.000000000E+00,-9.838936329E-01, 0.000000000E+00, 3.272134066E-02, 2.586531043E-01, 7.854906842E-03, 1.949184341E-03, 4.602334462E-03,-1.944553806E-03, 0.000000000E+00, 9.761753082E+00
         8, 5.421010862E-19,-9.796377420E-01, 0.000000000E+00, 4.280687496E-02, 2.955509126E-01, 8.659512736E-03, 2.061327221E-03, 5.039311480E-03,-2.133852104E-03, 0.000000000E+00, 7.843178272E+00
         9, 0.000000000E+00,-9.747434855E-01, 0.000000000E+00, 5.345726013E-02, 3.299777508E-01, 9.262029082E-03, 2.152621746E-03, 5.371693522E-03,-2.270909492E-03, 0.000000000E+00, 6.386178017E+00
        10, 0.000000000E+00,-9.694315195E-01,-3.469446952E-18, 6.403560936E-02, 3.609022498E-01, 9.683955461E-03, 2.225140342E-03, 5.607940257E-03,-2.365076914E-03, 0.000000000E+00, 5.313418388E+00
        11, 0.000000000E+00,-9.641195536E-01, 0.000000000E+00, 7.375127822E-02, 3.870990276E-01, 9.957879782E-03, 2.279913519E-03, 5.763469264E-03,-2.425977727E-03, 0.000000000E+00, 4.553404331E+00
        12, 0.000000000E+00,-9.588075876E-01, 0.000000000E+00, 8.272971213E-02, 4.097846746E-01, 1.013735309E-02, 2.322440967E-03, 5.866747350E-03,-2.466316335E-03, 0.000000000E+00, 3.985459328E+00
        13, 0.000000000E+00,-9.534956813E-01, 0.000000000E+00, 9.108196944E-02, 4.297904372E-01, 1.025397610E-02, 2.356107347E-03, 5.934788845E-03,-2.493309556E-03, 0.000000000E+00, 3.545208931E+00
        14, 1.084202172E-18,-9.481837153E-01, 0.000000000E+00, 9.890203923E-02, 4.476956129E-01, 1.032715477E-02, 2.383097075E-03, 5.978158675E-03,-2.511257073E-03, 0.000000000E+00, 3.195160866E+00
        15, 0.000000000E+00,-9.428717494E-01, 0.000000000E+00, 1.062662154E-01, 4.639139175E-01, 1.036929712E-02, 2.404887462E-03, 6.003698334E-03,-2.522819676E-03, 0.000000000E+00, 2.910498142E+00
        16, 0.000000000E+00,-9.375597835E-01, 0.000000000E+00, 1.132358313E-01, 4.787486792E-01, 1.038864814E-02, 2.422522521E-03, 6.016009487E-03,-2.529711928E-03, 0.000000000E+00, 2.674475670E+00
        17, 0.000000000E+00,-9.322478771E-01, 0.000000000E+00, 1.198602170E-01, 4.924277365E-01, 1.039085723E-02, 2.436764538E-03, 6.018287502E-03,-2.533079591E-03, 0.000000000E+00, 2.475498199E+00
        18, 0.000000000E+00,-9.269359112E-01, 0.000000000E+00, 1.261794269E-01, 5.051259995E-01, 1.037991792E-02, 2.448186744E-03, 6.012815051E-03,-2.533713821E-03, 0.000000000E+00, 2.305317402E+00
        19, 0.000000000E+00,-9.216239452E-01, 0.000000000E+00, 1.322263777E-01, 5.169807673E-01, 1.035872288E-02, 2.457230119E-03, 6.001261063E-03,-2.532180399E-03, 0.000000000E+00, 2.157978535E+00
        20, 0.000000000E+00,-9.163119793E-01, 0.000000000E+00, 1.380285919E-01, 5.281018019E-01, 1.032941043E-02, 2.464242280E-03, 5.984873511E-03,-2.528894693E-03, 0.000000000E+00, 2.029092312E+00
        21, 0.000000000E+00,-9.110000134E-01, 0.000000000E+00, 1.436091363E-01, 5.385781527E-01, 1.029360201E-02, 2.469501458E-03, 5.964603275E-03,-2.524168929E-03, 0.000000000E+00, 1.915270329E+00
        22, 0.000000000E+00,-9.056881070E-01,-1.387778781E-17, 1.489876658E-01, 5.484830737E-01, 1.025254186E-02, 2.473234432E-03, 5.941186566E-03,-2.518244553E-03, 0.000000000E+00, 1.813979864E+00
        23, 0.000000000E+00,-9.003761411E-01,-6.938893904E-18, 1.541811526E-01, 5.578779578E-01, 1.020720135E-02, 2.475628164E-03, 5.915202200E-03,-2.511310857E-03, 0.000000000E+00, 1.723245144E+00
        24, 0.000000000E+00,-8.950641751E-01, 0.000000000E+00, 1.592043936E-01, 5.668145418E-01, 1.015834697E-02, 2.476837952E-03, 5.887108855E-03,-2.503518248E-03, 0.000000000E+00, 1.641433954E+00
        25, 0.000000000E+00,-8.897522092E-01, 0.000000000E+00, 1.640702188E-01, 5.753368139E-01, 1.010658965E-02, 2.476994414E-03, 5.857273005E-03,-2.494987566E-03, 0.000000000E+00, 1.567249298E+00
        26, 0.000000000E+00,-8.844402432E-01, 0.000000000E+00, 1.687899232E-01, 5.834824443E-01, 1.005242486E-02, 2.476208843E-03, 5.825994536E-03,-2.485818230E-03, 0.000000000E+00, 1.499651074E+00
        27, 0.000000000E+00,-8.791283369E-01, 0.000000000E+00, 1.733736396E-01, 5.912843943E-01, 9.996260516E-03, 2.474576002E-03, 5.793519318E-03,-2.476093126E-03, 0.000000000E+00, 1.437817931E+00
        28, 0.000000000E+00,-8.738163710E-01, 0.000000000E+00, 1.778303236E-01, 5.987712145E-01, 9.938425384E-03, 2.472176682E-03, 5.760048982E-03,-2.465880476E-03, 0.000000000E+00, 1.381026983E+00
        29, 0.000000000E+00,-8.685044050E-01, 0.000000000E+00, 1.821680665E-01, 6.059679985E-01, 9.879191406E-03, 2.469081664E-03, 5.725747906E-03,-2.455237322E-03, 0.000000000E+00, 1.328648567E+00
        30, 0.000000000E+00,-8.631924391E-01, 0.000000000E+00, 1.863940358E-01, 6.128969789E-01, 9.818787687E-03, 2.465353347E-03, 5.690757651E-03,-2.444212092E-03, 0.000000000E+00, 1.280153513E+00
        31, 0.000000000E+00,-8.578804731E-01, 0.000000000E+00, 1.905147582E-01, 6.195775867E-01, 9.757407010E-03, 2.461046213E-03, 5.655195564E-03,-2.432847396E-03, 0.000000000E+00, 1.235140920E+00
        32, 0.000000000E+00,-8.525685668E-01,-3.469446952E-18, 1.945361495E-01, 6.260273457E-01, 9.695205837E-03, 2.456207061E-03, 5.619158503E-03,-2.421178389E-03, 0.000000000E+00, 1.193255424E+00
        33, 0.000000000E+00,-8.472566009E-01,-6.938893904E-18, 1.984636784E-01, 6.322619915E-01, 9.632324800E-03, 2.450878732E-03, 5.582733545E-03,-2.409236971E-03, 0.000000000E+00, 1.154164433E+00
        34, 0.000000000E+00,-8.419446349E-01,-1.734723476E-17, 2.023022622E-01, 6.382957697E-01, 9.568879381E-03, 2.445098944E-03, 5.545991939E-03,-2.397049218E-03, 0.000000000E+00, 1.117595911E+00
        35, 0.000000000E+00,-8.366326690E-01,-1.040834086E-17, 2.060564458E-01, 6.441413164E-01, 9.504968300E-03, 2.438901458E-03, 5.508995615E-03,-2.384639345E-03, 0.000000000E+00, 1.083297968E+00
        36, 0.000000000E+00,-8.313207030E-01,-6.938893904E-18, 2.097303569E-01, 6.498100758E-01, 9.440677240E-03, 2.432315610E-03, 5.471794866E-03,-2.372026909E-03, 0.000000000E+00, 1.051048636E+00
        37, 0.000000000E+00,-8.260087967E-01,-6.938893904E-18, 2.133277059E-01, 6.553124189E-01, 9.376076981E-03, 2.425367944E-03, 5.434435792E-03,-2.359230071E-03, 0.000000000E+00, 1.020647049E+00
        38, 0.000000000E+00,-8.206968307E-01,-6.938893904E-18, 2.168519944E-01, 6.606578827E-01, 9.311231785E-03, 2.418083139E-03, 5.396958906E-03,-2.346264897E-03, 0.000000000E+00, 9.919618964E-01
        39, 0.000000000E+00,-8.153848648E-01,-1.040834086E-17, 2.203065455E-01, 6.658551693E-01, 9.246198460E-03, 2.410483779E-03, 5.359397270E-03,-2.333146054E-03, 0.000000000E+00, 9.648522139E-01
        40, 0.000000000E+00,-8.100728989E-01,-2.081668171E-17, 2.236943543E-01, 6.709122658E-01, 9.181022644E-03, 2.402589424E-03, 5.321780685E-03,-2.319886582E-03, 0.000000000E+00, 9.391863346E-01
        41, 0.000000000E+00,-8.047609925E-01,-1.387778781E-17, 2.270182669E-01, 6.758365631E-01, 9.115746245E-03, 2.394418698E-03, 5.284134299E-03,-2.306496724E-03, 0.000000000E+00, 9.148642421E-01
        42, 0.000000000E+00,-7.994490266E-01,-6.938893904E-18, 2.302809060E-01, 6.806348562E-01, 9.050400928E-03, 2.385987202E-03, 5.246480461E-03,-2.292986494E-03, 0.000000000E+00, 8.917456865E-01
        43, 0.000000000E+00,-7.941370606E-01,-6.938893904E-18, 2.334847301E-01, 6.853133440E-01, 8.985022083E-03, 2.377311233E-03, 5.208838731E-03,-2.279364737E-03, 0.000000000E+00, 8.697335720E-01
        44, 1.734723476E-18,-7.888250947E-01, 0.000000000E+00, 2.366318703E-01, 6.898776293E-01, 8.919635788E-03, 2.368404996E-03, 5.171228200E-03,-2.265640534E-03, 0.000000000E+00, 8.487516046E-01
        45, 0.000000000E+00,-7.835131288E-01,-2.081668171E-17, 2.397243977E-01, 6.943328977E-01, 8.854267187E-03, 2.359280596E-03, 5.133663304E-03,-2.251820173E-03, 0.000000000E+00, 8.287178278E-01
        46, 1.734723476E-18,-7.782012224E-01, 0.000000000E+00, 2.427643239E-01, 6.986842155E-01, 8.788939565E-03, 2.349950839E-03, 5.096157081E-03,-2.237911336E-03, 0.000000000E+00, 8.095853329E-01
        47, 0.000000000E+00,-7.728892565E-01,-6.938893904E-18, 2.457535565E-01, 7.029361725E-01, 8.723672479E-03, 2.340426436E-03, 5.058722105E-03,-2.223920543E-03, 0.000000000E+00, 7.913016677E-01
        48, 0.000000000E+00,-7.675772905E-01,-1.040834086E-17, 2.486938238E-01, 7.070930004E-01, 8.658481762E-03, 2.330718096E-03, 5.021368619E-03,-2.209853148E-03, 0.000000000E+00, 7.737954259E-01
        49, 0.000000000E+00,-7.622653246E-01,-6.938893904E-18, 2.515867949E-01, 7.111588717E-01, 8.593383245E-03, 2.320835367E-03, 4.984106869E-03,-2.195714042E-03, 0.000000000E+00, 7.570167780E-01
        50, 0.000000000E+00,-7.569533587E-01,-6.938893904E-18, 2.544340193E-01, 7.151373625E-01, 8.528390899E-03, 2.310786862E-03, 4.946944304E-03,-2.181507181E-03, 0.000000000E+00, 7.409365177E-01
        51, 0.000000000E+00,-7.516414523E-01,-6.938893904E-18, 2.572369576E-01, 7.190320492E-01, 8.463514037E-03, 2.300581429E-03, 4.909889307E-03,-2.167236991E-03, 0.000000000E+00, 7.254682779E-01
        52, 0.000000000E+00,-7.463294864E-01,-6.938893904E-18, 2.599970102E-01, 7.228462100E-01, 8.398768492E-03, 2.290226985E-03, 4.872948863E-03,-2.152908128E-03, 0.000000000E+00, 7.105773687E-01
        53, 0.000000000E+00,-7.410175204E-01,-6.938893904E-18, 2.627153397E-01, 7.265826464E-01, 8.334161714E-03, 2.279730747E-03, 4.836126696E-03,-2.138523385E-03, 0.000000000E+00, 6.962444782E-01
        54, 0.000000000E+00,-7.357055545E-01,-6.938893904E-18, 2.653931081E-01, 7.302443981E-01, 8.269700222E-03, 2.269099467E-03, 4.799430259E-03,-2.124086954E-03, 0.000000000E+00, 6.824288368E-01
        55, 0.000000000E+00,-7.303935885E-01, 0.000000000E+00, 2.680315971E-01, 7.338340878E-01, 8.205391467E-03, 2.258339431E-03, 4.762862809E-03,-2.109600697E-03, 0.000000000E+00, 6.691141129E-01
        56, 0.000000000E+00,-7.250816822E-01,-6.938893904E-18, 2.706318498E-01, 7.373542786E-01, 8.141243830E-03, 2.247456927E-03, 4.726429004E-03,-2.095068339E-03, 0.000000000E+00, 6.562626362E-01
        57, 0.000000000E+00,-7.197697163E-01, 0.000000000E+00, 2.731949091E-01, 7.408074141E-01, 8.077267557E-03, 2.236458473E-03, 4.690133967E-03,-2.080492675E-03, 0.000000000E+00, 6.438659430E-01
        58, 0.000000000E+00,-7.144577503E-01,-6.938893904E-18, 2.757218778E-01, 7.441957593E-01, 8.013464510E-03, 2.225350123E-03, 4.653980024E-03,-2.065875567E-03, 0.000000000E+00, 6.318956614E-01
        59, 0.000000000E+00,-7.091457844E-01,-6.938893904E-18, 2.782135904E-01, 7.475215197E-01, 7.949841209E-03, 2.214136301E-03, 4.617971368E-03,-2.051219577E-03, 0.000000000E+00, 6.202978492E-01
        60, 0.000000000E+00,-7.038338184E-01, 0.000000000E+00, 2.806710005E-01, 7.507867813E-01, 7.886403240E-03, 2.202822827E-03, 4.582110327E-03,-2.036527032E-03, 0.000000000E+00, 6.090781093E-01
        61, 0.000000000E+00,-6.985219121E-01,-6.938893904E-18, 2.830949426E-01, 7.539932728E-01, 7.823154330E-03, 2.191413660E-03, 4.546399228E-03,-2.021798864E-03, 0.000000000E+00, 5.982122421E-01
        62, 0.000000000E+00,-6.932099462E-01,-6.938893904E-18, 2.854861021E-01, 7.571429014E-01, 7.760099135E-03, 2.179914154E-03, 4.510840867E-03,-2.007037401E-03, 0.000000000E+00, 5.876477957E-01
        63, 0.000000000E+00,-6.878979802E-01,-6.938893904E-18, 2.878452539E-01, 7.602372169E-01, 7.697242312E-03, 2.168328036E-03, 4.475437570E-03,-1.992243808E-03, 0.000000000E+00, 5.773868561E-01
        64, 0.000000000E+00,-6.825860143E-01,-6.938893904E-18, 2.901731133E-01, 7.632778287E-01, 7.634585723E-03, 2.156659961E-03, 4.440191668E-03,-1.977420645E-03, 0.000000000E+00, 5.674371719E-01
        65, 0.000000000E+00,-6.772740483E-01, 0.000000000E+00, 2.924703658E-01, 7.662663460E-01, 7.572137751E-03, 2.144914586E-03, 4.405105952E-03,-1.962569542E-03, 0.000000000E+00, 5.577820539E-01
        66, 0.000000000E+00,-6.719621420E-01,-6.938893904E-18, 2.947377861E-01, 7.692043781E-01, 7.509901188E-03, 2.133096103E-03, 4.370182753E-03,-1.947692130E-03, 0.000000000E+00, 5.483933687E-01
        67, 0.000000000E+00,-6.666501760E-01,-1.387778781E-17, 2.969758511E-01, 7.720931768E-01, 7.447878364E-03, 2.121207770E-03, 4.335422069E-03,-1.932788990E-03, 0.000000000E+00, 5.392578840E-01
        68, 0.000000000E+00,-6.613382101E-01,-6.938893904E-18, 2.991852462E-01, 7.749340534E-01, 7.386073470E-03, 2.109254012E-03, 4.300827160E-03,-1.917861984E-03, 0.000000000E+00, 5.303689241E-01
        69, 0.000000000E+00,-6.560262442E-01,-6.938893904E-18, 3.013665676E-01, 7.777283788E-01, 7.324487902E-03, 2.097238321E-03, 4.266399890E-03,-1.902912045E-03, 0.000000000E+00, 5.217176080E-01
        70, 0.000000000E+00,-6.507143378E-01,-6.938893904E-18, 3.035203218E-01, 7.804773450E-01, 7.263124920E-03, 2.085163025E-03, 4.232140258E-03,-1.887940103E-03, 0.000000000E+00, 5.132931471E-01
        71, 0.000000000E+00,-6.454023719E-01,-6.938893904E-18, 3.056470752E-01, 7.831820846E-01, 7.201984990E-03, 2.073031850E-03, 4.198049195E-03,-1.872946508E-03, 0.000000000E+00, 5.050825477E-01
        72, 0.000000000E+00,-6.400904059E-01,-6.938893904E-18, 3.077473640E-01, 7.858437896E-01, 7.141073234E-03, 2.060848754E-03, 4.164128564E-03,-1.857932308E-03, 0.000000000E+00, 4.970658123E-01
        73, 0.000000000E+00,-6.347784400E-01,-6.938893904E-18, 3.098216057E-01, 7.884633541E-01, 7.080390118E-03, 2.048616763E-03, 4.130380228E-03,-1.842898317E-03, 0.000000000E+00, 4.892462790E-01
        74, 0.000000000E+00,-6.294664741E-01,-6.938893904E-18, 3.118702769E-01, 7.910419106E-01, 7.019940764E-03, 2.036339138E-03, 4.096806049E-03,-1.827845350E-03, 0.000000000E+00, 4.816029966E-01
        75, 0.000000000E+00,-6.241545677E-01,-6.938893904E-18, 3.138937354E-01, 7.935802937E-01, 6.959730294E-03, 2.024020068E-03, 4.063407890E-03,-1.812775037E-03, 0.000000000E+00, 4.741078019E-01
        76, 0.000000000E+00,-6.188426018E-01,-6.938893904E-18, 3.158923388E-01, 7.960792780E-01, 6.899760570E-03, 2.011661883E-03, 4.030184820E-03,-1.797687495E-03, 0.000000000E+00, 4.667870402E-01
        77, 0.000000000E+00,-6.135306358E-01,-6.938893904E-18, 3.178665042E-01, 7.985398173E-01, 6.840033457E-03, 1.999266911E-03, 3.997140564E-03,-1.782583422E-03, 0.000000000E+00, 4.596337676E-01
        78, 0.000000000E+00,-6.082186699E-01,-6.938893904E-18, 3.198166490E-01, 8.009627461E-01, 6.780551281E-03, 1.986838877E-03, 3.964275122E-03,-1.767463866E-03, 0.000000000E+00, 4.526207447E-01
        79, 0.000000000E+00,-6.029067039E-01,-6.938893904E-18, 3.217431307E-01, 8.033488393E-01, 6.721316837E-03, 1.974380109E-03, 3.931589890E-03,-1.752329292E-03, 0.000000000E+00, 4.457663298E-01
        80, 0.000000000E+00,-5.975947976E-01,-6.938893904E-18, 3.236463070E-01, 8.056989908E-01, 6.662335247E-03, 1.961895032E-03, 3.899087198E-03,-1.737180632E-03, 0.000000000E+00, 4.390600920E-01
        81, 0.000000000E+00,-5.922828317E-01,-6.938893904E-18, 3.255265355E-01, 8.080137968E-01, 6.603607908E-03, 1.949385507E-03, 3.866767744E-03,-1.722018467E-03, 0.000000000E+00, 4.324845672E-01
        82, 0.000000000E+00,-5.869708657E-01,-6.938893904E-18, 3.273841143E-01, 8.102940321E-01, 6.545140874E-03, 1.936854445E-03, 3.834633157E-03,-1.706843032E-03, 0.000000000E+00, 4.260413647E-01
        83, 0.000000000E+00,-5.816588998E-01, 0.000000000E+00, 3.292193413E-01, 8.125402927E-01, 6.486936472E-03, 1.924305572E-03, 3.802685300E-03,-1.691655605E-03, 0.000000000E+00, 4.197296500E-01
        84, 0.000000000E+00,-5.763469338E-01,-6.938893904E-18, 3.310325742E-01, 8.147534132E-01, 6.428997964E-03, 1.911741216E-03, 3.770926036E-03,-1.676456188E-03, 0.000000000E+00, 4.135326445E-01
        85, 0.000000000E+00,-5.710350275E-01,-6.938893904E-18, 3.328240514E-01, 8.169338703E-01, 6.371326745E-03, 1.899164286E-03, 3.739356762E-03,-1.661245245E-03, 0.000000000E+00, 4.074400365E-01
        86, 0.000000000E+00,-5.657230616E-01,-6.938893904E-18, 3.345940113E-01, 8.190823197E-01, 6.313927937E-03, 1.886577811E-03, 3.707979340E-03,-1.646023476E-03, 0.000000000E+00, 4.014606774E-01
        87, 0.000000000E+00,-5.604110956E-01,-6.938893904E-18, 3.363428116E-01, 8.211992979E-01, 6.256804802E-03, 1.873983769E-03, 3.676794935E-03,-1.630790764E-03, 0.000000000E+00, 3.955873251E-01
        88, 0.000000000E+00,-5.550991297E-01,-6.938893904E-18, 3.380706012E-01, 8.232852817E-01, 6.199958734E-03, 1.861385303E-03, 3.645803547E-03,-1.615547109E-03, 0.000000000E+00, 3.898278475E-01
        89, 0.000000000E+00,-5.497871637E-01,-6.938893904E-18, 3.397777081E-01, 8.253409863E-01, 6.143396720E-03, 1.848785440E-03, 3.615008201E-03,-1.600293675E-03, 0.000000000E+00, 3.841480315E-01
        90, 0.000000000E+00,-5.444752574E-01,-6.938893904E-18, 3.414642215E-01, 8.273667097E-01, 6.087120622E-03, 1.836186508E-03, 3.584410064E-03,-1.585029997E-03, 0.000000000E+00, 3.785463572E-01
        91, 0.000000000E+00,-5.391632915E-01,-6.938893904E-18, 3.431304693E-01, 8.293629885E-01, 6.031135097E-03, 1.823591534E-03, 3.554011928E-03,-1.569757238E-03, 0.000000000E+00, 3.730491698E-01
        92, 0.000000000E+00,-5.338513255E-01,-6.938893904E-18, 3.447765112E-01, 8.313301802E-01, 5.975445732E-03, 1.811003778E-03, 3.523815889E-03,-1.554475748E-03, 0.000000000E+00, 3.676404059E-01
        93, 0.000000000E+00,-5.285393596E-01,-6.938893904E-18, 3.464026451E-01, 8.332688808E-01, 5.920055322E-03, 1.798426034E-03, 3.493823577E-03,-1.539185527E-03, 0.000000000E+00, 3.622936606E-01
        94, 0.000000000E+00,-5.232274532E-01,-6.938893904E-18, 3.480090499E-01, 8.351793885E-01, 5.864970386E-03, 1.785861212E-03, 3.464037087E-03,-1.523887506E-03, 0.000000000E+00, 3.570426106E-01
        95, 0.000000000E+00,-5.179154873E-01,-6.938893904E-18, 3.495958447E-01, 8.370622396E-01, 5.810193717E-03, 1.773311873E-03, 3.434457816E-03,-1.508581918E-03, 0.000000000E+00, 3.518698215E-01
        96, 0.000000000E+00,-5.126035213E-01,-6.938893904E-18, 3.511632383E-01, 8.389177322E-01, 5.755729042E-03, 1.760780113E-03, 3.405087162E-03,-1.493268181E-03, 0.000000000E+00, 3.467415571E-01
        97, 0.000000000E+00,-5.072915554E-01,-6.938893904E-18, 3.527113497E-01, 8.407462239E-01, 5.701581948E-03, 1.748269424E-03, 3.375927452E-03,-1.477947226E-03, 0.000000000E+00, 3.417009711E-01
        98, 0.000000000E+00,-5.019795895E-01,-3.469446952E-18, 3.542404175E-01, 8.425481319E-01, 5.647757091E-03, 1.735782484E-03, 3.346981248E-03,-1.462619752E-03, 0.000000000E+00, 3.367395401E-01
        99, 0.000000000E+00,-4.966676533E-01,-3.469446952E-18, 3.557505608E-01, 8.443238735E-01, 5.594259128E-03, 1.723322319E-03, 3.318250179E-03,-1.447285409E-03, 0.000000000E+00, 3.318307400E-01
       100, 0.000000000E+00,-4.913557172E-01,-6.938893904E-18, 3.572419286E-01, 8.460736871E-01, 5.541093647E-03, 1.710891724E-03, 3.289736342E-03,-1.431944780E-03, 0.000000000E+00, 3.269826770E-01
       101, 0.000000000E+00,-4.860437512E-01,-6.938893904E-18, 3.587146401E-01, 8.477978706E-01, 5.488263443E-03, 1.698493026E-03, 3.261441831E-03,-1.416597515E-03, 0.000000000E+00, 3.222222626E-01
       102, 0.000000000E+00,-4.807317853E-01,-3.469446952E-18, 3.601689339E-01, 8.494970798E-01, 5.435775500E-03, 1.686129486E-03, 3.233369440E-03,-1.401244663E-03, 0.000000000E+00, 3.175063133E-01
       103, 0.000000000E+00,-4.754198492E-01,-6.938893904E-18, 3.616048694E-01, 8.511712551E-01, 5.383634008E-03, 1.673804130E-03, 3.205521265E-03,-1.385885873E-03, 0.000000000E+00, 3.128426671E-01
       104, 0.000000000E+00,-4.701078832E-01,-3.469446952E-18, 3.630226254E-01, 8.528208733E-01, 5.331846885E-03, 1.661519986E-03, 3.177899867E-03,-1.370521728E-03, 0.000000000E+00, 3.082491159E-01
       105, 0.000000000E+00,-4.647959471E-01,-6.938893904E-18, 3.644223213E-01, 8.544461727E-01, 5.280417390E-03, 1.649279497E-03, 3.150506876E-03,-1.355152228E-03, 0.000000000E+00, 3.037081659E-01
       106, 0.000000000E+00,-4.594839811E-01,-6.938893904E-18, 3.658040464E-01, 8.560475707E-01, 5.229351111E-03, 1.637085341E-03, 3.123344621E-03,-1.339777373E-03, 0.000000000E+00, 2.992195487E-01
       107, 0.000000000E+00,-4.541720152E-01,-6.938893904E-18, 3.671679497E-01, 8.576251864E-01, 5.178653635E-03, 1.624940662E-03, 3.096415661E-03,-1.324397395E-03, 0.000000000E+00, 2.947753072E-01
       108, 0.000000000E+00,-4.488600791E-01,-6.938893904E-18, 3.685141206E-01, 8.591793776E-01, 5.128330551E-03, 1.612848137E-03, 3.069722094E-03,-1.309012296E-03, 0.000000000E+00, 2.903746367E-01
       109, 0.000000000E+00,-4.435481131E-01,-6.938893904E-18, 3.698426485E-01, 8.607102036E-01, 5.078386981E-03, 1.600810676E-03, 3.043265548E-03,-1.293622074E-03, 0.000000000E+00, 2.860177755E-01
       110, 0.000000000E+00,-4.382361770E-01,-3.469446952E-18, 3.711535931E-01, 8.622181416E-01, 5.028828979E-03, 1.588830957E-03, 3.017049050E-03,-1.278226962E-03, 0.000000000E+00, 2.817135453E-01
       111, 0.000000000E+00,-4.329242110E-01,-3.469446952E-18, 3.724470735E-01, 8.637031913E-01, 4.979662597E-03, 1.576912007E-03, 2.991074696E-03,-1.262827078E-03, 0.000000000E+00, 2.774443328E-01
       112, 0.000000000E+00,-4.276122749E-01,-3.469446952E-18, 3.737231493E-01, 8.651657104E-01, 4.930893891E-03, 1.565056853E-03, 2.965345979E-03,-1.247422537E-03, 0.000000000E+00, 2.732102275E-01
       113, 0.000000000E+00,-4.223003089E-01,-6.938893904E-18, 3.749819398E-01, 8.666058779E-01, 4.882528447E-03, 1.553268055E-03, 2.939864527E-03,-1.232013572E-03, 0.000000000E+00, 2.690196931E-01
       114, 0.000000000E+00,-4.169883430E-01,-6.938893904E-18, 3.762235045E-01, 8.680238724E-01, 4.834573716E-03, 1.541548874E-03, 2.914634068E-03,-1.216600416E-03, 0.000000000E+00, 2.648647428E-01
       115, 0.000000000E+00,-4.116764069E-01,-6.938893904E-18, 3.774479628E-01, 8.694199324E-01, 4.787035286E-03, 1.529902685E-03, 2.889656927E-03,-1.201183302E-03, 0.000000000E+00, 2.607620955E-01
       116, 0.000000000E+00,-4.063644409E-01,-3.469446952E-18, 3.786553741E-01, 8.707942963E-01, 4.739921074E-03, 1.518332632E-03, 2.864935901E-03,-1.185762929E-03, 0.000000000E+00, 2.567033172E-01
       117, 0.000000000E+00,-4.010525048E-01,-6.938893904E-18, 3.798458576E-01, 8.721472025E-01, 4.693235271E-03, 1.506840345E-03, 2.840472851E-03,-1.170338364E-03, 0.000000000E+00, 2.526795864E-01
       118, 0.000000000E+00,-3.957405388E-01,-3.469446952E-18, 3.810194731E-01, 8.734787703E-01, 4.646984395E-03, 1.495429315E-03, 2.816269640E-03,-1.154909958E-03, 0.000000000E+00, 2.486906946E-01
       119, 0.000000000E+00,-3.904285729E-01,-3.469446952E-18, 3.821763396E-01, 8.747892976E-01, 4.601174034E-03, 1.484102104E-03, 2.792329993E-03,-1.139477710E-03, 0.000000000E+00, 2.447197884E-01
       120, 0.000000000E+00,-3.851166368E-01,-3.469446952E-18, 3.833164573E-01, 8.760787249E-01, 4.555812106E-03, 1.472862088E-03, 2.768656239E-03,-1.124041853E-03, 0.000000000E+00, 2.407837212E-01
       121, 0.000000000E+00,-3.798046708E-01,-3.469446952E-18, 3.844398856E-01, 8.773474693E-01, 4.510905594E-03, 1.461712294E-03, 2.745251637E-03,-1.108602853E-03, 0.000000000E+00, 2.368827462E-01
       122, 0.000000000E+00,-3.744927347E-01,-3.469446952E-18, 3.855467439E-01, 8.785955906E-01, 4.466461949E-03, 1.450655400E-03, 2.722119447E-03,-1.093160594E-03, 0.000000000E+00, 2.330168188E-01
       123, 0.000000000E+00,-3.691807687E-01,-3.469446952E-18, 3.866369724E-01, 8.798232079E-01, 4.422485828E-03, 1.439694199E-03, 2.699261066E-03,-1.077715075E-03, 0.000000000E+00, 2.291947007E-01
       124, 0.000000000E+00,-3.638688326E-01,-3.469446952E-18, 3.877108395E-01, 8.810304999E-01, 4.378984217E-03, 1.428831252E-03, 2.676679287E-03,-1.062266296E-03, 0.000000000E+00, 2.253988683E-01
       125, 0.000000000E+00,-3.585568666E-01,-3.469446952E-18, 3.887683153E-01, 8.822178245E-01, 4.335964099E-03, 1.418069704E-03, 2.654376905E-03,-1.046814490E-03, 0.000000000E+00, 2.216204107E-01
       126, 0.000000000E+00,-3.532449007E-01,-3.469446952E-18, 3.898094296E-01, 8.833850622E-01, 4.293431528E-03, 1.407412114E-03, 2.632356016E-03,-1.031359425E-03, 0.000000000E+00, 2.178773880E-01
       127, 0.000000000E+00,-3.479329646E-01,-3.469446952E-18, 3.908343315E-01, 8.845325708E-01, 4.251392558E-03, 1.396861160E-03, 2.610619646E-03,-1.015901216E-03, 0.000000000E+00, 2.141605020E-01
       128, 0.000000000E+00,-3.426209986E-01,-3.469446952E-18, 3.918430209E-01, 8.856604099E-01, 4.209855571E-03, 1.386419986E-03, 2.589169890E-03,-1.000440214E-03, 0.000000000E+00, 2.104786634E-01
       129, 0.000000000E+00,-3.373090625E-01,-3.469446952E-18, 3.928355575E-01, 8.867687583E-01, 4.168825224E-03, 1.376090921E-03, 2.568009309E-03,-9.849760681E-04, 0.000000000E+00, 2.068231106E-01
       130, 0.000000000E+00,-3.319970965E-01,-3.469446952E-18, 3.938120604E-01, 8.878577352E-01, 4.128308967E-03, 1.365876989E-03, 2.547140932E-03,-9.695092449E-04, 0.000000000E+00, 2.031936944E-01
       131, 0.000000000E+00,-3.266851306E-01,-3.469446952E-18, 3.947725892E-01, 8.889275789E-01, 4.088314716E-03, 1.355780871E-03, 2.526567318E-03,-9.540399769E-04, 0.000000000E+00, 1.996084750E-01
       132, 0.000000000E+00,-3.213731945E-01,-3.469446952E-18, 3.957172036E-01, 8.899784088E-01, 4.048848059E-03, 1.345805009E-03, 2.506290562E-03,-9.385681478E-04, 0.000000000E+00, 1.960318089E-01
       133, 0.000000000E+00,-3.160612285E-01,-3.469446952E-18, 3.966458738E-01, 8.910102248E-01, 4.009914584E-03, 1.335951849E-03, 2.486313228E-03,-9.230935248E-04, 0.000000000E+00, 1.924639344E-01
       134, 0.000000000E+00,-3.107492924E-01,-3.469446952E-18, 3.975587487E-01, 8.920233250E-01, 3.971519414E-03, 1.326223603E-03, 2.466637176E-03,-9.076162241E-04, 0.000000000E+00, 1.889486462E-01
       135, 0.000000000E+00,-3.054373264E-01,-3.469446952E-18, 3.984558880E-01, 8.930176497E-01, 3.933669999E-03, 1.316623064E-03, 2.447264735E-03,-8.921364788E-04, 0.000000000E+00, 1.854596585E-01
       136, 0.000000000E+00,-3.001253903E-01,-3.469446952E-18, 3.993372917E-01, 8.939935565E-01, 3.896373324E-03, 1.307152910E-03, 2.428198932E-03,-8.766542887E-04, 0.000000000E+00, 1.819619089E-01
       137, 0.000000000E+00,-2.948134243E-01,-3.469446952E-18, 4.002029896E-01, 8.949509859E-01, 3.859633580E-03, 1.297815237E-03, 2.409440931E-03,-8.611693047E-04, 0.000000000E+00, 1.785078198E-01
       138, 0.000000000E+00,-2.895014584E-01,-3.469446952E-18, 4.010530710E-01, 8.958900571E-01, 3.823457286E-03, 1.288612373E-03, 2.390993061E-03,-8.456819924E-04, 0.000000000E+00, 1.750803590E-01
       139, 0.000000000E+00,-2.841895223E-01,-3.469446952E-18, 4.018876553E-01, 8.968110085E-01, 3.787850961E-03, 1.279546879E-03, 2.372857649E-03,-8.301923517E-04, 0.000000000E+00, 1.716790497E-01
       140, 0.000000000E+00,-2.788775563E-01,-3.469446952E-18, 4.027067423E-01, 8.977138996E-01, 3.752820427E-03, 1.270621084E-03, 2.355036791E-03,-8.147004992E-04, 0.000000000E+00, 1.682777405E-01
       141, 0.000000000E+00,-2.735656202E-01,-3.469446952E-18, 4.035102725E-01, 8.985987902E-01, 3.718371270E-03, 1.261836966E-03, 2.337533049E-03,-7.992064347E-04, 0.000000000E+00, 1.648851931E-01
       142, 0.000000000E+00,-2.682536542E-01,-3.469446952E-18, 4.042983651E-01, 8.994657993E-01, 3.684508149E-03, 1.253196504E-03, 2.320347587E-03,-7.837101584E-04, 0.000000000E+00, 1.615363061E-01
       143, 0.000000000E+00,-2.629416883E-01,-3.469446952E-18, 4.050710797E-01, 9.003150463E-01, 3.651235718E-03, 1.244701678E-03, 2.303481568E-03,-7.682116702E-04, 0.000000000E+00, 1.582052559E-01
       144, 0.000000000E+00,-2.576297522E-01,-3.469446952E-18, 4.058284163E-01, 9.011465907E-01, 3.618560964E-03, 1.236354699E-03, 2.286938019E-03,-7.527112029E-04, 0.000000000E+00, 1.548915952E-01
       145, 0.000000000E+00,-2.523177862E-01,-3.469446952E-18, 4.065704346E-01, 9.019606113E-01, 3.586489474E-03, 1.228158129E-03, 2.270718338E-03,-7.372089894E-04, 0.000000000E+00, 1.515778750E-01
       146, 0.000000000E+00,-2.470058352E-01,-3.469446952E-18, 4.072971940E-01, 9.027570486E-01, 3.555025440E-03, 1.220113249E-03, 2.254823921E-03,-7.217048551E-04, 0.000000000E+00, 1.482993513E-01
       147, 0.000000000E+00,-2.416938841E-01,-3.469446952E-18, 4.080087543E-01, 9.035362005E-01, 3.524173051E-03, 1.212221687E-03, 2.239255933E-03,-7.061989163E-04, 0.000000000E+00, 1.450470686E-01
       148, 0.000000000E+00,-2.363819331E-01, 0.000000000E+00, 4.087051153E-01, 9.042980075E-01, 3.493936732E-03, 1.204485307E-03, 2.224015770E-03,-6.906911731E-04, 0.000000000E+00, 1.417947710E-01
       149, 0.000000000E+00,-2.310699821E-01, 0.000000000E+00, 4.093862772E-01, 9.050425291E-01, 3.464321140E-03, 1.196905738E-03, 2.209105063E-03,-6.751816254E-04, 0.000000000E+00, 1.385424733E-01
       150, 0.000000000E+00,-2.257580310E-01, 0.000000000E+00, 4.100522399E-01, 9.057699442E-01, 3.435331164E-03, 1.189484727E-03, 2.194524743E-03,-6.596706226E-04, 0.000000000E+00, 1.353164166E-01
       151, 0.000000000E+00,-2.204460651E-01, 0.000000000E+00, 4.107031822E-01, 9.064803123E-01, 3.406972159E-03, 1.182223670E-03, 2.180276439E-03,-6.441581063E-04, 0.000000000E+00, 1.321167201E-01
       152, 0.000000000E+00,-2.151341140E-01, 0.000000000E+00, 4.113389254E-01, 9.071735144E-01, 3.379246686E-03, 1.175124082E-03, 2.166361548E-03,-6.286442513E-04, 0.000000000E+00, 1.289170831E-01
       153, 0.000000000E+00,-2.098221630E-01, 0.000000000E+00, 4.119596481E-01, 9.078498483E-01, 3.352158703E-03, 1.168187126E-03, 2.152780304E-03,-6.131291157E-04, 0.000000000E+00, 1.257261485E-01
       154, 0.000000000E+00,-2.045102119E-01, 0.000000000E+00, 4.125652611E-01, 9.085092545E-01, 3.325712634E-03, 1.161414431E-03, 2.139534103E-03,-5.976127577E-04, 0.000000000E+00, 1.225439906E-01
       155, 0.000000000E+00,-1.991982609E-01, 0.000000000E+00, 4.131558537E-01, 9.091519117E-01, 3.299911506E-03, 1.154807396E-03, 2.126624109E-03,-5.820953520E-04, 0.000000000E+00, 1.193881333E-01
       156, 0.000000000E+00,-1.938863099E-01, 0.000000000E+00, 4.137314558E-01, 9.097776413E-01, 3.274758812E-03, 1.148366602E-03, 2.114051022E-03,-5.665768404E-04, 0.000000000E+00, 1.162322089E-01
       157, 0.000000000E+00,-1.885743439E-01, 0.000000000E+00, 4.142920077E-01, 9.103866816E-01, 3.250258043E-03, 1.142093679E-03, 2.101815306E-03,-5.510573974E-04, 0.000000000E+00, 1.130763441E-01
       158, 0.000000000E+00,-1.832623929E-01, 3.469446952E-18, 4.148374796E-01, 9.109790325E-01, 3.226411995E-03, 1.135989558E-03, 2.089918125E-03,-5.355371395E-04, 0.000000000E+00, 1.099380627E-01
       159, 0.000000000E+00,-1.779504418E-01, 0.000000000E+00, 4.153680205E-01, 9.115546942E-01, 3.203224158E-03, 1.130054938E-03, 2.078359481E-03,-5.200161249E-04, 0.000000000E+00, 1.067997292E-01
       160, 0.000000000E+00,-1.726384908E-01, 0.000000000E+00, 4.158835411E-01, 9.121136665E-01, 3.180696396E-03, 1.124290749E-03, 2.067140304E-03,-5.044942955E-04, 0.000000000E+00, 1.036789268E-01
       161, 0.000000000E+00,-1.673265398E-01, 0.000000000E+00, 4.163839817E-01, 9.126560688E-01, 3.158831038E-03, 1.118697925E-03, 2.056260593E-03,-4.889718839E-04, 0.000000000E+00, 1.005493701E-01
       162, 0.000000000E+00,-1.620145887E-01, 0.000000000E+00, 4.168694615E-01, 9.131819606E-01, 3.137629945E-03, 1.113277394E-03, 2.045720350E-03,-4.734488612E-04, 0.000000000E+00, 9.742852300E-02
       163, 0.000000000E+00,-1.567026228E-01, 0.000000000E+00, 4.173398614E-01, 9.136911631E-01, 3.117095213E-03, 1.108029159E-03, 2.035520039E-03,-4.579251981E-04, 0.000000000E+00, 9.431648254E-02
       164, 0.000000000E+00,-1.513906717E-01, 0.000000000E+00, 4.177952409E-01, 9.141839147E-01, 3.097229404E-03, 1.102954498E-03, 2.025660360E-03,-4.424010694E-04, 0.000000000E+00, 9.119573236E-02
       165, 0.000000000E+00,-1.460787207E-01, 0.000000000E+00, 4.182355404E-01, 9.146600366E-01, 3.078034148E-03, 1.098053530E-03, 2.016141079E-03,-4.268764751E-04, 0.000000000E+00, 8.807493001E-02
       166, 0.000000000E+00,-1.407667696E-01, 0.000000000E+00, 4.186606705E-01, 9.151195288E-01, 3.059511771E-03, 1.093326951E-03, 2.006962197E-03,-4.113515606E-04, 0.000000000E+00, 8.494536579E-02
       167, 0.000000000E+00,-1.354548186E-01, 0.000000000E+00, 4.190707207E-01, 9.155625701E-01, 3.041663673E-03, 1.088775345E-03, 1.998124877E-03,-3.958264133E-04, 0.000000000E+00, 8.183333278E-02
       168, 0.000000000E+00,-1.301428676E-01, 0.000000000E+00, 4.194656610E-01, 9.159890413E-01, 3.024491714E-03, 1.084399060E-03, 1.989628421E-03,-3.803010914E-04, 0.000000000E+00, 7.873004675E-02
       169, 0.000000000E+00,-1.248309091E-01, 0.000000000E+00, 4.198453724E-01, 9.163988829E-01, 3.007996827E-03, 1.080198213E-03, 1.981472829E-03,-3.647754784E-04, 0.000000000E+00, 7.560048252E-02
       170, 0.000000000E+00,-1.195189580E-01, 0.000000000E+00, 4.202098250E-01, 9.167921543E-01, 2.992180176E-03, 1.076172804E-03, 1.973657636E-03,-3.492496326E-04, 0.000000000E+00, 7.246214896E-02
       171, 0.000000000E+00,-1.142069995E-01, 0.000000000E+00, 4.205590189E-01, 9.171687365E-01, 2.977043390E-03, 1.072323415E-03, 1.966183074E-03,-3.337236703E-04, 0.000000000E+00, 6.933258474E-02
       172, 0.000000000E+00,-1.088950485E-01, 0.000000000E+00, 4.208928347E-01, 9.175286293E-01, 2.962586470E-03, 1.068650046E-03, 1.959049143E-03,-3.181975917E-04, 0.000000000E+00, 6.617673486E-02
       173, 0.000000000E+00,-1.035830975E-01, 0.000000000E+00, 4.212112129E-01, 9.178717136E-01, 2.948811278E-03, 1.065153163E-03, 1.952255727E-03,-3.026714548E-04, 0.000000000E+00, 6.301208586E-02
       174, 0.000000000E+00,-9.827113897E-02, 0.000000000E+00, 4.215140939E-01, 9.181980491E-01, 2.935718279E-03, 1.061832532E-03, 1.945802709E-03,-2.871453762E-04, 0.000000000E+00, 5.982992798E-02
       175, 0.000000000E+00,-9.295918792E-02, 0.000000000E+00, 4.218012691E-01, 9.185073376E-01, 2.923308406E-03, 1.058688387E-03, 1.939689973E-03,-2.716194431E-04, 0.000000000E+00, 5.661271140E-02
       176, 0.000000000E+00,-8.764723688E-02, 0.000000000E+00, 4.220726490E-01, 9.187995195E-01, 2.911582589E-03, 1.055720961E-03, 1.933917403E-03,-2.560938592E-04, 0.000000000E+00, 5.338670313E-02
       177, 0.000000000E+00,-8.233527839E-02,-6.938893904E-18, 4.223281145E-01, 9.190744758E-01, 2.900541294E-03, 1.052930020E-03, 1.928484766E-03,-2.405687119E-04, 0.000000000E+00, 5.014317483E-02
       178, 0.000000000E+00,-7.702332735E-02, 0.000000000E+00, 4.225674272E-01, 9.193320274E-01, 2.890184522E-03, 1.050315099E-03, 1.923391712E-03,-2.250441612E-04, 0.000000000E+00, 4.682952911E-02
       179, 0.000000000E+00,-7.171137631E-02, 0.000000000E+00, 4.227903485E-01, 9.195718169E-01, 2.880513668E-03, 1.047876431E-03, 1.918637892E-03,-2.095205709E-04, 0.000000000E+00, 4.344572872E-02
       180, 0.000000000E+00,-6.639941782E-02, 0.000000000E+00, 4.229965210E-01, 9.197935462E-01, 2.871528734E-03, 1.045613782E-03, 1.914223074E-03,-1.939983922E-04, 0.000000000E+00, 4.003564268E-02
       181, 0.000000000E+00,-6.108746678E-02, 0.000000000E+00, 4.231857359E-01, 9.199969769E-01, 2.863230649E-03, 1.043527038E-03, 1.910147490E-03,-1.784782653E-04, 0.000000000E+00, 3.656420112E-02
       182, 0.000000000E+00,-5.577551201E-02,-3.469446952E-18, 4.233575761E-01, 9.201816320E-01, 2.855620347E-03, 1.041616313E-03, 1.906411489E-03,-1.629608159E-04, 0.000000000E+00, 3.297878057E-02
       183, 0.000000000E+00,-5.046355724E-02, 0.000000000E+00, 4.235115051E-01, 9.203469753E-01, 2.848698292E-03, 1.039881143E-03, 1.903014490E-03,-1.474470482E-04, 0.000000000E+00, 2.929694206E-02
       184, 0.000000000E+00,-4.515160620E-02, 0.000000000E+00, 4.236471057E-01, 9.204926491E-01, 2.842464950E-03, 1.038321643E-03, 1.899956842E-03,-1.319380535E-04, 0.000000000E+00, 2.552743815E-02
       185, 0.000000000E+00,-3.983965144E-02, 0.000000000E+00, 4.237638116E-01, 9.206179380E-01, 2.836920787E-03, 1.036937349E-03, 1.897238195E-03,-1.164352725E-04, 0.000000000E+00, 2.163520269E-02
       186, 0.000000000E+00,-3.452769667E-02,-6.938893904E-18, 4.238610566E-01, 9.207222462E-01, 2.832066733E-03, 1.035728143E-03, 1.894858666E-03,-1.009403568E-04, 0.000000000E+00, 1.764653996E-02
       187, 0.000000000E+00,-2.921574377E-02,-6.938893904E-18, 4.239385724E-01, 9.208053350E-01, 2.827903256E-03, 1.034693676E-03, 1.892818604E-03,-8.545521268E-05, 0.000000000E+00, 1.361404918E-02
       188, 0.000000000E+00,-2.390379086E-02,-6.938893904E-18, 4.239962101E-01, 9.208669662E-01, 2.824430587E-03, 1.033833600E-03, 1.891118009E-03,-6.998183380E-05, 0.000000000E+00, 9.599087760E-03
       189, 0.000000000E+00,-1.859183796E-02, 0.000000000E+00, 4.240344763E-01, 9.209077358E-01, 2.821648493E-03, 1.033147564E-03, 1.889756764E-03,-5.452214828E-05, 0.000000000E+00, 5.794517696E-03
       190, 0.000000000E+00,-1.327988412E-02, 0.000000000E+00, 4.240555763E-01, 9.209301472E-01, 2.819557209E-03, 1.032635104E-03, 1.888734987E-03,-3.907748032E-05, 0.000000000E+00, 2.586055780E-03
       191, 0.000000000E+00,-7.967930287E-03, 0.000000000E+00, 4.240638018E-01, 9.209387302E-01, 2.818156267E-03, 1.032295404E-03, 1.888052328E-03,-2.364762258E-05, 0.000000000E+00, 6.136403535E-04
       192, 0.000000000E+00,-2.655976685E-03, 0.000000000E+00, 4.240654707E-01, 9.209402800E-01, 2.817445435E-03, 1.032127999E-03, 1.887709019E-03,-8.229169907E-06, 0.000000000E+00,-1.753258039E-05
       193, 0.000000000E+00,-2.260698573E-11, 0.000000000E+00, 4.240645766E-01, 9.209393263E-01, 2.817440778E-03, 1.032126253E-03, 1.887705876E-03,-5.043575584E-07, 0.000000000E+00,-3.506516223E-04
