(title "X Velocity vs. Y-Coordinate")
(labels "Y-Coordinate" "X Velocity")

((xy/key/label "line")
-1	0
-0.99816	0.0413524
-0.996044	0.0789467
-0.993611	0.126628
-0.990812	0.174402
-0.987594	0.218497
-0.983894	0.258653
-0.979638	0.295551
-0.974743	0.329978
-0.969432	0.360902
-0.96412	0.387099
-0.958808	0.409785
-0.953496	0.42979
-0.948184	0.447696
-0.942872	0.463914
-0.93756	0.478749
-0.932248	0.492428
-0.926936	0.505126
-0.921624	0.516981
-0.916312	0.528102
-0.911	0.538578
-0.905688	0.548483
-0.900376	0.557878
-0.895064	0.566815
-0.889752	0.575337
-0.88444	0.583482
-0.879128	0.591284
-0.873816	0.598771
-0.868504	0.605968
-0.863192	0.612897
-0.85788	0.619578
-0.852569	0.626027
-0.847257	0.632262
-0.841945	0.638296
-0.836633	0.644141
-0.831321	0.64981
-0.826009	0.655312
-0.820697	0.660658
-0.815385	0.665855
-0.810073	0.670912
-0.804761	0.675837
-0.799449	0.680635
-0.794137	0.685313
-0.788825	0.689878
-0.783513	0.694333
-0.778201	0.698684
-0.772889	0.702936
-0.767577	0.707093
-0.762265	0.711159
-0.756953	0.715137
-0.751641	0.719032
-0.746329	0.722846
-0.741018	0.726583
-0.735706	0.730244
-0.730394	0.733834
-0.725082	0.737354
-0.71977	0.740807
-0.714458	0.744196
-0.709146	0.747522
-0.703834	0.750787
-0.698522	0.753993
-0.69321	0.757143
-0.687898	0.760237
-0.682586	0.763278
-0.677274	0.766266
-0.671962	0.769204
-0.66665	0.772093
-0.661338	0.774934
-0.656026	0.777728
-0.650714	0.780477
-0.645402	0.783182
-0.64009	0.785844
-0.634778	0.788463
-0.629466	0.791042
-0.624155	0.79358
-0.618843	0.796079
-0.613531	0.79854
-0.608219	0.800963
-0.602907	0.803349
-0.597595	0.805699
-0.592283	0.808014
-0.586971	0.810294
-0.581659	0.81254
-0.576347	0.814753
-0.571035	0.816934
-0.565723	0.819082
-0.560411	0.821199
-0.555099	0.823285
-0.549787	0.825341
-0.544475	0.827367
-0.539163	0.829363
-0.533851	0.83133
-0.528539	0.833269
-0.523227	0.835179
-0.517915	0.837062
-0.512604	0.838918
-0.507292	0.840746
-0.50198	0.842548
-0.496668	0.844324
-0.491356	0.846074
-0.486044	0.847798
-0.480732	0.849497
-0.47542	0.851171
-0.470108	0.852821
-0.464796	0.854446
-0.459484	0.856048
-0.454172	0.857625
-0.44886	0.859179
-0.443548	0.86071
-0.438236	0.862218
-0.432924	0.863703
-0.427612	0.865166
-0.4223	0.866606
-0.416988	0.868024
-0.411676	0.86942
-0.406364	0.870794
-0.401053	0.872147
-0.395741	0.873479
-0.390429	0.874789
-0.385117	0.876079
-0.379805	0.877347
-0.374493	0.878596
-0.369181	0.879823
-0.363869	0.88103
-0.358557	0.882218
-0.353245	0.883385
-0.347933	0.884533
-0.342621	0.88566
-0.337309	0.886769
-0.331997	0.887858
-0.326685	0.888928
-0.321373	0.889978
-0.316061	0.89101
-0.310749	0.892023
-0.305437	0.893018
-0.300125	0.893994
-0.294813	0.894951
-0.289501	0.89589
-0.28419	0.896811
-0.278878	0.897714
-0.273566	0.898599
-0.268254	0.899466
-0.262942	0.900315
-0.25763	0.901147
-0.252318	0.901961
-0.247006	0.902757
-0.241694	0.903536
-0.236382	0.904298
-0.23107	0.905043
-0.225758	0.90577
-0.220446	0.90648
-0.215134	0.907174
-0.209822	0.90785
-0.20451	0.908509
-0.199198	0.909152
-0.193886	0.909778
-0.188574	0.910387
-0.183262	0.910979
-0.17795	0.911555
-0.172638	0.912114
-0.167327	0.912656
-0.162015	0.913182
-0.156703	0.913691
-0.151391	0.914184
-0.146079	0.91466
-0.140767	0.91512
-0.135455	0.915563
-0.130143	0.915989
-0.124831	0.916399
-0.119519	0.916792
-0.114207	0.917169
-0.108895	0.917529
-0.103583	0.917872
-0.0982711	0.918198
-0.0929592	0.918507
-0.0876472	0.9188
-0.0823353	0.919074
-0.0770233	0.919332
-0.0717114	0.919572
-0.0663994	0.919794
-0.0610875	0.919997
-0.0557755	0.920182
-0.0504636	0.920347
-0.0451516	0.920493
-0.0398397	0.920618
-0.0345277	0.920722
-0.0292157	0.920805
-0.0239038	0.920867
-0.0185918	0.920908
-0.0132799	0.92093
-0.00796793	0.920939
-0.00265598	0.92094
0	0.920939
)
