(title "UV Reynolds Stress vs. Y-Coordinate")
(labels "Y-Coordinate" "UV Reynolds Stress")

((xy/key/label "line")
-1	-0.00215386
-0.99816	-0.0015801
-0.996044	-0.00089638
-0.993611	-0.00101562
-0.990812	-0.00135386
-0.987594	-0.00168593
-0.983894	-0.00194455
-0.979638	-0.00213385
-0.974743	-0.00227091
-0.969432	-0.00236508
-0.96412	-0.00242598
-0.958808	-0.00246632
-0.953496	-0.00249331
-0.948184	-0.00251126
-0.942872	-0.00252282
-0.93756	-0.00252971
-0.932248	-0.00253308
-0.926936	-0.00253371
-0.921624	-0.00253218
-0.916312	-0.00252889
-0.911	-0.00252417
-0.905688	-0.00251824
-0.900376	-0.00251131
-0.895064	-0.00250352
-0.889752	-0.00249499
-0.88444	-0.00248582
-0.879128	-0.00247609
-0.873816	-0.00246588
-0.868504	-0.00245524
-0.863192	-0.00244421
-0.85788	-0.00243285
-0.852569	-0.00242118
-0.847257	-0.00240924
-0.841945	-0.00239705
-0.836633	-0.00238464
-0.831321	-0.00237203
-0.826009	-0.00235923
-0.820697	-0.00234626
-0.815385	-0.00233315
-0.810073	-0.00231989
-0.804761	-0.0023065
-0.799449	-0.00229299
-0.794137	-0.00227936
-0.788825	-0.00226564
-0.783513	-0.00225182
-0.778201	-0.00223791
-0.772889	-0.00222392
-0.767577	-0.00220985
-0.762265	-0.00219571
-0.756953	-0.00218151
-0.751641	-0.00216724
-0.746329	-0.00215291
-0.741018	-0.00213852
-0.735706	-0.00212409
-0.730394	-0.0021096
-0.725082	-0.00209507
-0.71977	-0.00208049
-0.714458	-0.00206588
-0.709146	-0.00205122
-0.703834	-0.00203653
-0.698522	-0.0020218
-0.69321	-0.00200704
-0.687898	-0.00199224
-0.682586	-0.00197742
-0.677274	-0.00196257
-0.671962	-0.00194769
-0.66665	-0.00193279
-0.661338	-0.00191786
-0.656026	-0.00190291
-0.650714	-0.00188794
-0.645402	-0.00187295
-0.64009	-0.00185793
-0.634778	-0.0018429
-0.629466	-0.00182785
-0.624155	-0.00181278
-0.618843	-0.00179769
-0.613531	-0.00178258
-0.608219	-0.00176746
-0.602907	-0.00175233
-0.597595	-0.00173718
-0.592283	-0.00172202
-0.586971	-0.00170684
-0.581659	-0.00169166
-0.576347	-0.00167646
-0.571035	-0.00166125
-0.565723	-0.00164602
-0.560411	-0.00163079
-0.555099	-0.00161555
-0.549787	-0.00160029
-0.544475	-0.00158503
-0.539163	-0.00156976
-0.533851	-0.00155448
-0.528539	-0.00153919
-0.523227	-0.00152389
-0.517915	-0.00150858
-0.512604	-0.00149327
-0.507292	-0.00147795
-0.50198	-0.00146262
-0.496668	-0.00144729
-0.491356	-0.00143194
-0.486044	-0.0014166
-0.480732	-0.00140124
-0.47542	-0.00138589
-0.470108	-0.00137052
-0.464796	-0.00135515
-0.459484	-0.00133978
-0.454172	-0.0013244
-0.44886	-0.00130901
-0.443548	-0.00129362
-0.438236	-0.00127823
-0.432924	-0.00126283
-0.427612	-0.00124742
-0.4223	-0.00123201
-0.416988	-0.0012166
-0.411676	-0.00120118
-0.406364	-0.00118576
-0.401053	-0.00117034
-0.395741	-0.00115491
-0.390429	-0.00113948
-0.385117	-0.00112404
-0.379805	-0.0011086
-0.374493	-0.00109316
-0.369181	-0.00107772
-0.363869	-0.00106227
-0.358557	-0.00104681
-0.353245	-0.00103136
-0.347933	-0.0010159
-0.342621	-0.00100044
-0.337309	-0.000984976
-0.331997	-0.000969509
-0.326685	-0.00095404
-0.321373	-0.000938568
-0.316061	-0.000923094
-0.310749	-0.000907616
-0.305437	-0.000892136
-0.300125	-0.000876654
-0.294813	-0.000861169
-0.289501	-0.000845682
-0.28419	-0.000830192
-0.278878	-0.0008147
-0.273566	-0.000799206
-0.268254	-0.00078371
-0.262942	-0.000768212
-0.25763	-0.000752711
-0.252318	-0.000737209
-0.247006	-0.000721705
-0.241694	-0.000706199
-0.236382	-0.000690691
-0.23107	-0.000675182
-0.225758	-0.000659671
-0.220446	-0.000644158
-0.215134	-0.000628644
-0.209822	-0.000613129
-0.20451	-0.000597613
-0.199198	-0.000582095
-0.193886	-0.000566577
-0.188574	-0.000551057
-0.183262	-0.000535537
-0.17795	-0.000520016
-0.172638	-0.000504494
-0.167327	-0.000488972
-0.162015	-0.000473449
-0.156703	-0.000457925
-0.151391	-0.000442401
-0.146079	-0.000426876
-0.140767	-0.000411352
-0.135455	-0.000395826
-0.130143	-0.000380301
-0.124831	-0.000364775
-0.119519	-0.00034925
-0.114207	-0.000333724
-0.108895	-0.000318198
-0.103583	-0.000302671
-0.0982711	-0.000287145
-0.0929592	-0.000271619
-0.0876472	-0.000256094
-0.0823353	-0.000240569
-0.0770233	-0.000225044
-0.0717114	-0.000209521
-0.0663994	-0.000193998
-0.0610875	-0.000178478
-0.0557755	-0.000162961
-0.0504636	-0.000147447
-0.0451516	-0.000131938
-0.0398397	-0.000116435
-0.0345277	-0.00010094
-0.0292157	-8.54552e-05
-0.0239038	-6.99818e-05
-0.0185918	-5.45221e-05
-0.0132799	-3.90775e-05
-0.00796793	-2.36476e-05
-0.00265598	-8.22917e-06
0	-5.04358e-07
)
