(title "UW Reynolds Stress vs. Y-Coordinate")
(labels "Y-Coordinate" "UW Reynolds Stress")

((xy/key/label "line")
-1	-9.04819e-18
-0.99816	-6.23225e-18
-0.996044	-2.21376e-18
-0.993611	-1.17702e-18
-0.990812	-1.40783e-18
-0.987594	-1.82253e-18
-0.983894	-1.34989e-18
-0.979638	-6.29393e-19
-0.974743	-1.31709e-19
-0.969432	2.84216e-19
-0.96412	5.41283e-19
-0.958808	8.48547e-19
-0.953496	1.27275e-18
-0.948184	1.56034e-18
-0.942872	1.81302e-18
-0.93756	2.03857e-18
-0.932248	1.83184e-18
-0.926936	1.41771e-18
-0.921624	1.11658e-18
-0.916312	8.10885e-19
-0.911	5.07161e-19
-0.905688	3.00512e-19
-0.900376	1.441e-19
-0.895064	-2.45268e-20
-0.889752	-2.11022e-19
-0.88444	-3.57277e-19
-0.879128	-3.83153e-19
-0.873816	-3.57057e-19
-0.868504	-3.47415e-19
-0.863192	-3.43545e-19
-0.85788	-3.33891e-19
-0.852569	-3.11205e-19
-0.847257	-2.8115e-19
-0.841945	-2.43805e-19
-0.836633	-1.95511e-19
-0.831321	-1.51005e-19
-0.826009	-1.21069e-19
-0.820697	-9.09095e-20
-0.815385	-5.81763e-20
-0.810073	-3.02516e-20
-0.804761	-6.64633e-21
-0.799449	1.15353e-20
-0.794137	2.66813e-20
-0.788825	4.18902e-20
-0.783513	5.94432e-20
-0.778201	7.76257e-20
-0.772889	9.18898e-20
-0.767577	1.04319e-19
-0.762265	1.17374e-19
-0.756953	1.31923e-19
-0.751641	1.46918e-19
-0.746329	1.59524e-19
-0.741018	1.70914e-19
-0.735706	1.82348e-19
-0.730394	1.9318e-19
-0.725082	2.02382e-19
-0.71977	2.09117e-19
-0.714458	2.14162e-19
-0.709146	2.18336e-19
-0.703834	2.22461e-19
-0.698522	2.25776e-19
-0.69321	2.26978e-19
-0.687898	2.27258e-19
-0.682586	2.28096e-19
-0.677274	2.30465e-19
-0.671962	2.35117e-19
-0.66665	2.41284e-19
-0.661338	2.47807e-19
-0.656026	2.54541e-19
-0.650714	2.6273e-19
-0.645402	2.71517e-19
-0.64009	2.7812e-19
-0.634778	2.83622e-19
-0.629466	2.90398e-19
-0.624155	2.96166e-19
-0.618843	2.99123e-19
-0.613531	3.01933e-19
-0.608219	3.04654e-19
-0.602907	3.05574e-19
-0.597595	3.05663e-19
-0.592283	3.07015e-19
-0.586971	3.09725e-19
-0.581659	3.12001e-19
-0.576347	3.12468e-19
-0.571035	3.1097e-19
-0.565723	3.09583e-19
-0.560411	3.09897e-19
-0.555099	3.10673e-19
-0.549787	3.10096e-19
-0.544475	3.05694e-19
-0.539163	2.97394e-19
-0.533851	2.88657e-19
-0.528539	2.80618e-19
-0.523227	2.72261e-19
-0.517915	2.61753e-19
-0.512604	2.49497e-19
-0.507292	2.38304e-19
-0.50198	2.27426e-19
-0.496668	2.1509e-19
-0.491356	2.01438e-19
-0.486044	1.87372e-19
-0.480732	1.73862e-19
-0.47542	1.60794e-19
-0.470108	1.48559e-19
-0.464796	1.38729e-19
-0.459484	1.3087e-19
-0.454172	1.22874e-19
-0.44886	1.14911e-19
-0.443548	1.07994e-19
-0.438236	1.02406e-19
-0.432924	9.78571e-20
-0.427612	9.33158e-20
-0.4223	8.8871e-20
-0.416988	8.51486e-20
-0.411676	8.22512e-20
-0.406364	7.9886e-20
-0.401053	7.76007e-20
-0.395741	7.50351e-20
-0.390429	7.25409e-20
-0.385117	6.89963e-20
-0.379805	6.22153e-20
-0.374493	5.36175e-20
-0.369181	4.52187e-20
-0.363869	3.70139e-20
-0.358557	2.93782e-20
-0.353245	2.2783e-20
-0.347933	1.6628e-20
-0.342621	1.04385e-20
-0.337309	4.23561e-21
-0.331997	-8.61938e-22
-0.326685	-3.98732e-21
-0.321373	-6.45194e-21
-0.316061	-8.6807e-21
-0.310749	-1.01274e-20
-0.305437	-1.09643e-20
-0.300125	-1.18584e-20
-0.294813	-1.33312e-20
-0.289501	-1.50565e-20
-0.28419	-1.69471e-20
-0.278878	-1.8212e-20
-0.273566	-1.8161e-20
-0.268254	-1.80001e-20
-0.262942	-1.78695e-20
-0.25763	-1.70005e-20
-0.252318	-1.51798e-20
-0.247006	-1.19401e-20
-0.241694	-7.42562e-21
-0.236382	-2.71074e-21
-0.23107	1.90318e-21
-0.225758	5.74077e-21
-0.220446	8.51465e-21
-0.215134	1.17011e-20
-0.209822	1.5054e-20
-0.20451	1.77738e-20
-0.199198	1.96673e-20
-0.193886	2.06208e-20
-0.188574	2.14413e-20
-0.183262	2.23105e-20
-0.17795	2.2915e-20
-0.172638	2.30567e-20
-0.167327	2.27672e-20
-0.162015	2.24813e-20
-0.156703	2.21428e-20
-0.151391	2.14579e-20
-0.146079	2.00828e-20
-0.140767	1.80286e-20
-0.135455	1.59345e-20
-0.130143	1.38765e-20
-0.124831	1.15624e-20
-0.119519	8.66816e-21
-0.114207	5.07802e-21
-0.108895	1.28336e-21
-0.103583	-2.38322e-21
-0.0982711	-5.98448e-21
-0.0929592	-9.43112e-21
-0.0876472	-1.26393e-20
-0.0823353	-1.58692e-20
-0.0770233	-1.92273e-20
-0.0717114	-2.26777e-20
-0.0663994	-2.63151e-20
-0.0610875	-3.01018e-20
-0.0557755	-3.3878e-20
-0.0504636	-3.75726e-20
-0.0451516	-4.11559e-20
-0.0398397	-4.43771e-20
-0.0345277	-4.72495e-20
-0.0292157	-5.018e-20
-0.0239038	-5.31761e-20
-0.0185918	-5.60952e-20
-0.0132799	-5.89747e-20
-0.00796793	-6.186e-20
-0.00265598	-6.47834e-20
0	-6.6271e-20
)
