(title "VW Reynolds Stress vs. Y-Coordinate")
(labels "Y-Coordinate" "VW Reynolds Stress")

((xy/key/label "line")
-1	5.20833e-18
-0.99816	3.42615e-18
-0.996044	9.28087e-19
-0.993611	3.5548e-19
-0.990812	8.83757e-19
-0.987594	1.59101e-18
-0.983894	1.13547e-18
-0.979638	4.23207e-19
-0.974743	5.3246e-20
-0.969432	-2.41007e-19
-0.96412	-3.63204e-19
-0.958808	-6.13798e-19
-0.953496	-1.09226e-18
-0.948184	-1.41601e-18
-0.942872	-1.7457e-18
-0.93756	-2.09254e-18
-0.932248	-1.82233e-18
-0.926936	-1.26841e-18
-0.921624	-9.10241e-19
-0.916312	-5.51233e-19
-0.911	-1.93283e-19
-0.905688	2.02506e-20
-0.900376	1.65365e-19
-0.895064	3.40895e-19
-0.889752	5.56645e-19
-0.88444	7.22176e-19
-0.879128	7.11367e-19
-0.873816	6.30398e-19
-0.868504	5.84942e-19
-0.863192	5.56503e-19
-0.85788	5.25644e-19
-0.852569	4.79916e-19
-0.847257	4.2731e-19
-0.841945	3.67061e-19
-0.836633	2.92557e-19
-0.831321	2.26311e-19
-0.826009	1.84746e-19
-0.820697	1.44035e-19
-0.815385	1.00118e-19
-0.810073	6.4376e-20
-0.804761	3.58048e-20
-0.799449	1.59937e-20
-0.794137	1.06142e-21
-0.788825	-1.3963e-20
-0.783513	-3.27515e-20
-0.778201	-5.26491e-20
-0.772889	-6.65049e-20
-0.767577	-7.7658e-20
-0.762265	-9.00305e-20
-0.756953	-1.05026e-19
-0.751641	-1.21009e-19
-0.746329	-1.33509e-19
-0.741018	-1.44406e-19
-0.735706	-1.55716e-19
-0.730394	-1.6642e-19
-0.725082	-1.74895e-19
-0.71977	-1.79808e-19
-0.714458	-1.82385e-19
-0.709146	-1.83912e-19
-0.703834	-1.8568e-19
-0.698522	-1.86459e-19
-0.69321	-1.84153e-19
-0.687898	-1.80637e-19
-0.682586	-1.78242e-19
-0.677274	-1.78501e-19
-0.671962	-1.82603e-19
-0.66665	-1.8932e-19
-0.661338	-1.96805e-19
-0.656026	-2.04838e-19
-0.650714	-2.15415e-19
-0.645402	-2.27182e-19
-0.64009	-2.35697e-19
-0.634778	-2.42703e-19
-0.629466	-2.52018e-19
-0.624155	-2.59988e-19
-0.618843	-2.6372e-19
-0.613531	-2.67498e-19
-0.608219	-2.7141e-19
-0.602907	-2.72698e-19
-0.597595	-2.7292e-19
-0.592283	-2.75449e-19
-0.586971	-2.80439e-19
-0.581659	-2.84993e-19
-0.576347	-2.86885e-19
-0.571035	-2.85857e-19
-0.565723	-2.85273e-19
-0.560411	-2.87711e-19
-0.555099	-2.91157e-19
-0.549787	-2.92651e-19
-0.544475	-2.88149e-19
-0.539163	-2.77511e-19
-0.533851	-2.66386e-19
-0.528539	-2.56613e-19
-0.523227	-2.465e-19
-0.517915	-2.33012e-19
-0.512604	-2.16789e-19
-0.507292	-2.0245e-19
-0.50198	-1.88736e-19
-0.496668	-1.72681e-19
-0.491356	-1.54498e-19
-0.486044	-1.35663e-19
-0.480732	-1.17775e-19
-0.47542	-1.00622e-19
-0.470108	-8.4845e-20
-0.464796	-7.3089e-20
-0.459484	-6.4612e-20
-0.454172	-5.58365e-20
-0.44886	-4.70516e-20
-0.443548	-3.9979e-20
-0.438236	-3.51075e-20
-0.432924	-3.19415e-20
-0.427612	-2.87055e-20
-0.4223	-2.55577e-20
-0.416988	-2.35885e-20
-0.411676	-2.29843e-20
-0.406364	-2.32392e-20
-0.401053	-2.35633e-20
-0.395741	-2.33218e-20
-0.390429	-2.31467e-20
-0.385117	-2.10198e-20
-0.379805	-1.29982e-20
-0.374493	-1.62879e-21
-0.369181	9.4509e-21
-0.363869	2.02573e-20
-0.358557	3.01e-20
-0.353245	3.81059e-20
-0.347933	4.53924e-20
-0.342621	5.28469e-20
-0.337309	6.04346e-20
-0.331997	6.60111e-20
-0.326685	6.79023e-20
-0.321373	6.86279e-20
-0.316061	6.89935e-20
-0.310749	6.79167e-20
-0.305437	6.57236e-20
-0.300125	6.37436e-20
-0.294813	6.30284e-20
-0.289501	6.29121e-20
-0.28419	6.32226e-20
-0.278878	6.22843e-20
-0.273566	5.86293e-20
-0.268254	5.48167e-20
-0.262942	5.11217e-20
-0.25763	4.58539e-20
-0.252318	3.85061e-20
-0.247006	2.79793e-20
-0.241694	1.45603e-20
-0.236382	7.00502e-22
-0.23107	-1.2923e-20
-0.225758	-2.46679e-20
-0.220446	-3.38436e-20
-0.215134	-4.40919e-20
-0.209822	-5.4775e-20
-0.20451	-6.3873e-20
-0.199198	-7.08348e-20
-0.193886	-7.53352e-20
-0.188574	-7.9546e-20
-0.183262	-8.3947e-20
-0.17795	-8.76542e-20
-0.172638	-9.00615e-20
-0.167327	-9.12468e-20
-0.162015	-9.25218e-20
-0.156703	-9.36888e-20
-0.151391	-9.3791e-20
-0.146079	-9.16226e-20
-0.140767	-8.71789e-20
-0.135455	-8.26756e-20
-0.130143	-7.83504e-20
-0.124831	-7.30941e-20
-0.119519	-6.5553e-20
-0.114207	-5.51831e-20
-0.108895	-4.39993e-20
-0.103583	-3.34304e-20
-0.0982711	-2.31925e-20
-0.0929592	-1.37684e-20
-0.0876472	-5.60532e-21
-0.0823353	2.68831e-21
-0.0770233	1.17012e-20
-0.0717114	2.1282e-20
-0.0663994	3.21088e-20
-0.0610875	4.39662e-20
-0.0557755	5.56901e-20
-0.0504636	6.66793e-20
-0.0451516	7.65547e-20
-0.0398397	8.24121e-20
-0.0345277	8.41936e-20
-0.0292157	8.68064e-20
-0.0239038	9.0033e-20
-0.0185918	9.14771e-20
-0.0132799	9.14997e-20
-0.00796793	9.12264e-20
-0.00265598	9.19916e-20
0	9.25636e-20
)
