(title "Wall Yplus vs. Y-Coordinate")
(labels "Y-Coordinate" "Wall Yplus")

((xy/key/label "line")
-1	0.501972
-0.99816	0
-0.996044	0
-0.993611	0
-0.990812	0
-0.987594	0
-0.983894	0
-0.979638	0
-0.974743	0
-0.969432	0
-0.96412	0
-0.958808	0
-0.953496	0
-0.948184	0
-0.942872	0
-0.93756	0
-0.932248	0
-0.926936	0
-0.921624	0
-0.916312	0
-0.911	0
-0.905688	0
-0.900376	0
-0.895064	0
-0.889752	0
-0.88444	0
-0.879128	0
-0.873816	0
-0.868504	0
-0.863192	0
-0.85788	0
-0.852569	0
-0.847257	0
-0.841945	0
-0.836633	0
-0.831321	0
-0.826009	0
-0.820697	0
-0.815385	0
-0.810073	0
-0.804761	0
-0.799449	0
-0.794137	0
-0.788825	0
-0.783513	0
-0.778201	0
-0.772889	0
-0.767577	0
-0.762265	0
-0.756953	0
-0.751641	0
-0.746329	0
-0.741018	0
-0.735706	0
-0.730394	0
-0.725082	0
-0.71977	0
-0.714458	0
-0.709146	0
-0.703834	0
-0.698522	0
-0.69321	0
-0.687898	0
-0.682586	0
-0.677274	0
-0.671962	0
-0.66665	0
-0.661338	0
-0.656026	0
-0.650714	0
-0.645402	0
-0.64009	0
-0.634778	0
-0.629466	0
-0.624155	0
-0.618843	0
-0.613531	0
-0.608219	0
-0.602907	0
-0.597595	0
-0.592283	0
-0.586971	0
-0.581659	0
-0.576347	0
-0.571035	0
-0.565723	0
-0.560411	0
-0.555099	0
-0.549787	0
-0.544475	0
-0.539163	0
-0.533851	0
-0.528539	0
-0.523227	0
-0.517915	0
-0.512604	0
-0.507292	0
-0.50198	0
-0.496668	0
-0.491356	0
-0.486044	0
-0.480732	0
-0.47542	0
-0.470108	0
-0.464796	0
-0.459484	0
-0.454172	0
-0.44886	0
-0.443548	0
-0.438236	0
-0.432924	0
-0.427612	0
-0.4223	0
-0.416988	0
-0.411676	0
-0.406364	0
-0.401053	0
-0.395741	0
-0.390429	0
-0.385117	0
-0.379805	0
-0.374493	0
-0.369181	0
-0.363869	0
-0.358557	0
-0.353245	0
-0.347933	0
-0.342621	0
-0.337309	0
-0.331997	0
-0.326685	0
-0.321373	0
-0.316061	0
-0.310749	0
-0.305437	0
-0.300125	0
-0.294813	0
-0.289501	0
-0.28419	0
-0.278878	0
-0.273566	0
-0.268254	0
-0.262942	0
-0.25763	0
-0.252318	0
-0.247006	0
-0.241694	0
-0.236382	0
-0.23107	0
-0.225758	0
-0.220446	0
-0.215134	0
-0.209822	0
-0.20451	0
-0.199198	0
-0.193886	0
-0.188574	0
-0.183262	0
-0.17795	0
-0.172638	0
-0.167327	0
-0.162015	0
-0.156703	0
-0.151391	0
-0.146079	0
-0.140767	0
-0.135455	0
-0.130143	0
-0.124831	0
-0.119519	0
-0.114207	0
-0.108895	0
-0.103583	0
-0.0982711	0
-0.0929592	0
-0.0876472	0
-0.0823353	0
-0.0770233	0
-0.0717114	0
-0.0663994	0
-0.0610875	0
-0.0557755	0
-0.0504636	0
-0.0451516	0
-0.0398397	0
-0.0345277	0
-0.0292157	0
-0.0239038	0
-0.0185918	0
-0.0132799	0
-0.00796793	0
-0.00265598	0
0	0
)
