(title "dX-Velocity/dy vs. Y-Coordinate")
(labels "Y-Coordinate" "dX-Velocity/dy")

((xy/key/label "line")
-1	215.757
-0.999807	215.812
-0.999585	215.237
-0.99933	209.835
-0.999037	192.236
-0.9987	160.709
-0.998312	124.292
-0.997866	93.2243
-0.997353	70.1656
-0.996763	53.3537
-0.996085	41.1126
-0.995305	32.2763
-0.994408	25.8018
-0.993376	20.89
-0.992189	17.0529
-0.990873	14.1041
-0.989556	12.0128
-0.988239	10.4644
-0.986922	9.26783
-0.985606	8.31395
-0.984289	7.53651
-0.982972	6.89103
-0.981655	6.3467
-0.980338	5.88171
-0.979022	5.47987
-0.977705	5.12931
-0.976388	4.82093
-0.975071	4.54736
-0.973755	4.30318
-0.972438	4.08392
-0.971121	3.8859
-0.969804	3.70631
-0.968488	3.54257
-0.967171	3.3927
-0.965854	3.25502
-0.964537	3.12814
-0.96322	3.01088
-0.961904	2.90209
-0.960587	2.80091
-0.95927	2.70656
-0.957953	2.61844
-0.956637	2.53593
-0.95532	2.45843
-0.954003	2.38563
-0.952686	2.31705
-0.951369	2.25222
-0.950053	2.19101
-0.948736	2.13314
-0.947419	2.07822
-0.946102	2.02606
-0.944786	1.97642
-0.943469	1.92924
-0.942152	1.88439
-0.940835	1.84146
-0.939518	1.80047
-0.938202	1.7613
-0.936885	1.72382
-0.935568	1.68794
-0.934251	1.65354
-0.932935	1.62054
-0.931618	1.58876
-0.930301	1.55828
-0.928984	1.52895
-0.927667	1.50069
-0.926351	1.47353
-0.925034	1.44731
-0.923717	1.42206
-0.9224	1.39764
-0.921084	1.37406
-0.919767	1.35128
-0.91845	1.32919
-0.917133	1.3079
-0.915817	1.28731
-0.9145	1.26729
-0.913183	1.24795
-0.911866	1.22917
-0.910549	1.21093
-0.909233	1.19325
-0.907916	1.17613
-0.906599	1.15947
-0.905282	1.14327
-0.903966	1.12754
-0.902649	1.1122
-0.901332	1.09734
-0.900015	1.08287
-0.898698	1.06869
-0.897382	1.05494
-0.896065	1.04161
-0.894748	1.02855
-0.893431	1.01582
-0.892115	1.00341
-0.890798	0.991287
-0.889481	0.979511
-0.888164	0.967975
-0.886847	0.956729
-0.885531	0.945731
-0.884214	0.934952
-0.882897	0.924484
-0.88158	0.914222
-0.880264	0.904179
-0.878947	0.894383
-0.87763	0.884764
-0.876313	0.875399
-0.874997	0.866205
-0.87368	0.857145
-0.872363	0.84834
-0.871046	0.839782
-0.869729	0.8313
-0.868413	0.82299
-0.867096	0.814921
-0.865779	0.806929
-0.864462	0.799113
-0.863146	0.791481
-0.861829	0.783983
-0.860512	0.776622
-0.859195	0.769372
-0.857878	0.7623
-0.856562	0.755339
-0.855245	0.748443
-0.853928	0.741753
-0.852611	0.735246
-0.851295	0.728775
-0.849978	0.72238
-0.848661	0.71612
-0.847344	0.709961
-0.846027	0.703985
-0.844711	0.698044
-0.843394	0.692179
-0.842077	0.686485
-0.84076	0.680857
-0.839444	0.67527
-0.838127	0.669824
-0.83681	0.664448
-0.835493	0.659149
-0.834177	0.654021
-0.83286	0.648888
-0.831543	0.643796
-0.830226	0.63888
-0.828909	0.63397
-0.827593	0.629125
-0.826276	0.624487
-0.824959	0.619819
-0.823642	0.615151
-0.822326	0.610665
-0.821009	0.606209
-0.819692	0.601784
-0.818375	0.597469
-0.817058	0.59319
-0.815742	0.588951
-0.814425	0.584814
-0.813108	0.580742
-0.811791	0.576676
-0.810475	0.57268
-0.809158	0.568794
-0.807841	0.564939
-0.806524	0.56108
-0.805207	0.557332
-0.803891	0.553619
-0.802574	0.549909
-0.801257	0.546267
-0.79994	0.542726
-0.798624	0.539225
-0.797307	0.535724
-0.79599	0.532259
-0.794673	0.528868
-0.793357	0.525508
-0.79204	0.52218
-0.790723	0.518927
-0.789406	0.515673
-0.788089	0.512494
-0.786773	0.509347
-0.785456	0.506231
-0.784139	0.503155
-0.782822	0.500113
-0.781506	0.497111
-0.780189	0.494105
-0.778872	0.491202
-0.777555	0.488337
-0.776238	0.485402
-0.774922	0.482577
-0.773605	0.479818
-0.772288	0.477021
-0.770971	0.474262
-0.769655	0.471575
-0.768338	0.468891
-0.767021	0.466203
-0.765704	0.463583
-0.764387	0.461001
-0.763071	0.458455
-0.761754	0.455909
-0.760437	0.453401
-0.75912	0.45089
-0.757804	0.448376
-0.756487	0.446007
-0.75517	0.443637
-0.753853	0.441201
-0.752537	0.438867
-0.75122	0.436529
-0.749903	0.434195
-0.748586	0.431897
-0.747269	0.429637
-0.745953	0.427444
-0.744636	0.425178
-0.743319	0.422985
-0.742002	0.420828
-0.740686	0.418603
-0.739369	0.416517
-0.738052	0.414462
-0.736735	0.412305
-0.735418	0.410183
-0.734102	0.408206
-0.732785	0.406155
-0.731468	0.404065
-0.730151	0.40212
-0.728835	0.40014
-0.727518	0.398163
-0.726201	0.396253
-0.724884	0.394305
-0.723567	0.39236
-0.722251	0.390486
-0.720934	0.388612
-0.719617	0.386776
-0.7183	0.384937
-0.716984	0.383095
-0.715667	0.381291
-0.71435	0.379488
-0.713033	0.377687
-0.711717	0.375919
-0.7104	0.374218
-0.709083	0.37245
-0.707766	0.370682
-0.706449	0.369058
-0.705133	0.367361
-0.703816	0.365625
-0.702499	0.363998
-0.701182	0.362336
-0.699866	0.360712
-0.698549	0.359086
-0.697232	0.357456
-0.695915	0.3559
-0.694598	0.354273
-0.693282	0.352685
-0.691965	0.351164
-0.690648	0.349605
-0.689331	0.348049
-0.688015	0.346529
-0.686698	0.345044
-0.685381	0.343525
-0.684064	0.34204
-0.682747	0.340588
-0.681431	0.339067
-0.680114	0.337582
-0.678797	0.336205
-0.67748	0.334791
-0.676164	0.333338
-0.674847	0.331924
-0.67353	0.330509
-0.672213	0.329097
-0.670897	0.327682
-0.66958	0.326301
-0.668263	0.324992
-0.666946	0.323648
-0.665629	0.322272
-0.664313	0.320928
-0.662996	0.319652
-0.661679	0.318344
-0.660362	0.316965
-0.659046	0.315659
-0.657729	0.314386
-0.656412	0.313075
-0.655095	0.311802
-0.653778	0.310599
-0.652462	0.309328
-0.651145	0.308055
-0.649828	0.306815
-0.648511	0.305578
-0.647195	0.304411
-0.645878	0.303173
-0.644561	0.301937
-0.643244	0.30077
-0.641927	0.29953
-0.640611	0.298363
-0.639294	0.297196
-0.637977	0.295996
-0.63666	0.294865
-0.635344	0.293731
-0.634027	0.292564
-0.63271	0.291361
-0.631393	0.290232
-0.630077	0.2891
-0.62876	0.287966
-0.627443	0.286906
-0.626126	0.285809
-0.624809	0.284715
-0.623493	0.283584
-0.622176	0.28245
-0.620859	0.281424
-0.619542	0.280399
-0.618226	0.279234
-0.616909	0.278208
-0.615592	0.277181
-0.614275	0.27612
-0.612958	0.275023
-0.611642	0.273962
-0.610325	0.273045
-0.609008	0.271878
-0.607691	0.270815
-0.606375	0.269966
-0.605058	0.268976
-0.603741	0.267882
-0.602424	0.266856
-0.601107	0.265829
-0.599791	0.264839
-0.598474	0.263919
-0.597157	0.263002
-0.59584	0.261941
-0.594524	0.260843
-0.593207	0.259958
-0.59189	0.25911
-0.590573	0.258157
-0.589257	0.257167
-0.58794	0.25621
-0.586623	0.25522
-0.585306	0.254194
-0.583989	0.253383
-0.582673	0.252534
-0.581356	0.251507
-0.580039	0.250622
-0.578722	0.249668
-0.577406	0.248715
-0.576089	0.247937
-0.574772	0.24698
-0.573455	0.24599
-0.572138	0.245212
-0.570822	0.244328
-0.569505	0.243375
-0.568188	0.242491
-0.566871	0.241605
-0.565555	0.240756
-0.564238	0.239943
-0.562921	0.23906
-0.561604	0.238141
-0.560287	0.237255
-0.558971	0.236477
-0.557654	0.235664
-0.556337	0.234746
-0.55502	0.233933
-0.553704	0.233117
-0.552387	0.232233
-0.55107	0.231385
-0.549753	0.230608
-0.548437	0.22983
-0.54712	0.228909
-0.545803	0.228025
-0.544486	0.227318
-0.543169	0.226577
-0.541853	0.225657
-0.540536	0.224807
-0.539219	0.2241
-0.537902	0.223251
-0.536586	0.22251
-0.535269	0.221732
-0.533952	0.220882
-0.532635	0.220104
-0.531318	0.219255
-0.530002	0.218548
-0.528685	0.217877
-0.527368	0.217029
-0.526051	0.216178
-0.524735	0.215436
-0.523418	0.214728
-0.522101	0.213952
-0.520784	0.213174
-0.519467	0.21243
-0.518151	0.211652
-0.516834	0.210944
-0.515517	0.210239
-0.5142	0.209425
-0.512884	0.208646
-0.511567	0.207903
-0.51025	0.20716
-0.508933	0.206455
-0.507617	0.205712
-0.5063	0.205003
-0.504983	0.204296
-0.503666	0.203518
-0.502349	0.202777
-0.501033	0.202069
-0.499716	0.201396
-0.498399	0.200725
-0.497082	0.199947
-0.495766	0.199169
-0.494449	0.198532
-0.493132	0.197896
-0.491815	0.197189
-0.490498	0.196411
-0.489182	0.195633
-0.487865	0.194889
-0.486548	0.194253
-0.485231	0.193723
-0.483915	0.19298
-0.482598	0.192238
-0.481281	0.191566
-0.479964	0.190823
-0.478647	0.190222
-0.477331	0.189585
-0.476014	0.188807
-0.474697	0.188065
-0.47338	0.187464
-0.472064	0.186862
-0.470747	0.186154
-0.46943	0.185519
-0.468113	0.184811
-0.466796	0.184068
-0.46548	0.183503
-0.464163	0.182831
-0.462846	0.182159
-0.461529	0.181522
-0.460213	0.180744
-0.458896	0.180143
-0.457579	0.179613
-0.456262	0.178906
-0.454946	0.178163
-0.453629	0.177526
-0.452312	0.176996
-0.450995	0.176324
-0.449678	0.175581
-0.448362	0.175016
-0.447045	0.174414
-0.445728	0.173742
-0.444411	0.173071
-0.443095	0.172433
-0.441778	0.171833
-0.440461	0.171232
-0.439144	0.17056
-0.437827	0.169923
-0.436511	0.169357
-0.435194	0.168756
-0.433877	0.168014
-0.43256	0.167377
-0.431244	0.166882
-0.429927	0.166209
-0.42861	0.165609
-0.427293	0.165043
-0.425976	0.164406
-0.42466	0.163734
-0.423343	0.163098
-0.422026	0.162567
-0.420709	0.161896
-0.419393	0.161258
-0.418076	0.160729
-0.416759	0.160057
-0.415442	0.159491
-0.414126	0.158925
-0.412809	0.158252
-0.411492	0.157687
-0.410175	0.157157
-0.408858	0.15652
-0.407542	0.155848
-0.406225	0.155247
-0.404908	0.154681
-0.403591	0.154151
-0.402275	0.153514
-0.400958	0.152878
-0.399641	0.152383
-0.398324	0.151746
-0.397007	0.151145
-0.395691	0.150614
-0.394374	0.149943
-0.393057	0.149377
-0.39174	0.148846
-0.390424	0.148245
-0.389107	0.147644
-0.38779	0.147043
-0.386473	0.146512
-0.385156	0.145946
-0.38384	0.145275
-0.382523	0.144709
-0.381206	0.144178
-0.379889	0.143648
-0.378573	0.143081
-0.377256	0.142445
-0.375939	0.141809
-0.374622	0.141314
-0.373306	0.140889
-0.371989	0.140217
-0.370672	0.139546
-0.369355	0.139015
-0.368038	0.138484
-0.366722	0.137919
-0.365405	0.137353
-0.364088	0.136893
-0.362771	0.136292
-0.361455	0.135655
-0.360138	0.135125
-0.358821	0.134595
-0.357504	0.134029
-0.356187	0.133428
-0.354871	0.132861
-0.353554	0.132331
-0.352237	0.131766
-0.35092	0.131199
-0.349604	0.130705
-0.348287	0.130139
-0.34697	0.129573
-0.345653	0.129078
-0.344336	0.128547
-0.34302	0.127911
-0.341703	0.12731
-0.340386	0.126815
-0.339069	0.12632
-0.337753	0.125753
-0.336436	0.125223
-0.335119	0.124622
-0.333802	0.124091
-0.332485	0.123597
-0.331169	0.122995
-0.329852	0.122465
-0.328535	0.121899
-0.327218	0.121404
-0.325902	0.120944
-0.324585	0.120308
-0.323268	0.119707
-0.321951	0.119282
-0.320635	0.118751
-0.319318	0.118115
-0.318001	0.11762
-0.316684	0.11709
-0.315367	0.116559
-0.314051	0.116099
-0.312734	0.115463
-0.311417	0.114932
-0.3101	0.114472
-0.308784	0.113942
-0.307467	0.113341
-0.30615	0.112811
-0.304833	0.112351
-0.303516	0.111785
-0.3022	0.11129
-0.300883	0.110724
-0.299566	0.110158
-0.298249	0.109699
-0.296933	0.109203
-0.295616	0.108567
-0.294299	0.108072
-0.292982	0.107612
-0.291665	0.107046
-0.290349	0.106551
-0.289032	0.106021
-0.287715	0.105455
-0.286398	0.104959
-0.285082	0.104429
-0.283765	0.103899
-0.282448	0.103439
-0.281131	0.102873
-0.279815	0.102343
-0.278498	0.101919
-0.277181	0.101353
-0.275864	0.100787
-0.274547	0.100256
-0.273231	0.0997613
-0.271914	0.099337
-0.270597	0.0987358
-0.26928	0.098205
-0.267964	0.0977456
-0.266647	0.0972505
-0.26533	0.0966847
-0.264013	0.0961542
-0.262696	0.0956941
-0.26138	0.0950933
-0.260063	0.0946336
-0.258746	0.0941735
-0.257429	0.0936434
-0.256113	0.0931129
-0.254796	0.0925471
-0.253479	0.0921227
-0.252162	0.0916627
-0.250845	0.0910972
-0.249529	0.0905314
-0.248212	0.0900361
-0.246895	0.0895412
-0.245578	0.0890107
-0.244262	0.0885862
-0.242945	0.0880557
-0.241628	0.0874901
-0.240311	0.0870304
-0.238995	0.0865353
-0.237678	0.0860754
-0.236361	0.0855096
-0.235044	0.0849439
-0.233727	0.0845195
-0.232411	0.0840243
-0.231094	0.0834938
-0.229777	0.0829989
-0.22846	0.0825038
-0.227144	0.0820441
-0.225827	0.0815134
-0.22451	0.0809123
-0.223193	0.080488
-0.221876	0.079993
-0.22056	0.0794623
-0.219243	0.079038
-0.217926	0.0785077
-0.216609	0.0779418
-0.215293	0.077482
-0.213976	0.0770576
-0.212659	0.0764919
-0.211342	0.0759968
-0.210026	0.0754664
-0.208709	0.0750065
-0.207392	0.0745114
-0.206075	0.0740165
-0.204758	0.0735567
-0.203442	0.0729554
-0.202125	0.0725664
-0.200808	0.0721068
-0.199491	0.0715056
-0.198175	0.0710105
-0.196858	0.0705507
-0.195541	0.0700909
-0.194224	0.0695606
-0.192907	0.0690302
-0.191591	0.068535
-0.190274	0.0680752
-0.188957	0.0676156
-0.18764	0.0670852
-0.186324	0.0665546
-0.185007	0.0660948
-0.18369	0.0656352
-0.182373	0.0651401
-0.181056	0.0645743
-0.17974	0.0641145
-0.178423	0.0636901
-0.177106	0.0631598
-0.175789	0.0627
-0.174473	0.0622048
-0.173156	0.0617451
-0.171839	0.0612501
-0.170522	0.0606489
-0.169206	0.0602246
-0.167889	0.0598001
-0.166572	0.0591989
-0.165255	0.0587747
-0.163938	0.0583503
-0.162622	0.057749
-0.161305	0.0572893
-0.159988	0.056865
-0.158671	0.0562992
-0.157355	0.055804
-0.156038	0.0553443
-0.154721	0.0548846
-0.153404	0.0544249
-0.152087	0.0538945
-0.150771	0.05347
-0.149454	0.0529395
-0.148137	0.0523738
-0.14682	0.0520202
-0.145504	0.0514896
-0.144187	0.0509592
-0.14287	0.0505703
-0.141553	0.0500398
-0.140236	0.049474
-0.13892	0.0490495
-0.137603	0.0486252
-0.136286	0.0480948
-0.134969	0.0475997
-0.133653	0.0471045
-0.132336	0.0465741
-0.131019	0.0462205
-0.129702	0.0457254
-0.128385	0.0451241
-0.127069	0.0447705
-0.125752	0.0442755
-0.124435	0.0436743
-0.123118	0.0432145
-0.121802	0.0428255
-0.120485	0.0423305
-0.119168	0.0418
-0.117851	0.0413403
-0.116535	0.0408098
-0.115218	0.0404208
-0.113901	0.0399611
-0.112584	0.0393599
-0.111267	0.0389709
-0.109951	0.0384758
-0.108634	0.0379453
-0.107317	0.037521
-0.106	0.0370259
-0.104684	0.0364954
-0.103367	0.0360711
-0.10205	0.0356467
-0.100733	0.0350809
-0.0994165	0.0345504
-0.0980997	0.0341968
-0.0967829	0.033737
-0.0954661	0.0331713
-0.0941494	0.0327115
-0.0928326	0.0322871
-0.0915158	0.031792
-0.090199	0.0312616
-0.0888823	0.0308372
-0.0875655	0.0302714
-0.0862487	0.0298117
-0.0849319	0.0294227
-0.0836152	0.0288922
-0.0822984	0.0284325
-0.0809816	0.0279728
-0.0796648	0.0274423
-0.0783481	0.0269472
-0.0770313	0.0265582
-0.0757145	0.0260631
-0.0743978	0.0255327
-0.073081	0.0251083
-0.0717642	0.0245778
-0.0704474	0.0241181
-0.0691307	0.0236937
-0.0678139	0.0231986
-0.0664971	0.0227036
-0.0651803	0.0222792
-0.0638636	0.0217841
-0.0625468	0.0212183
-0.06123	0.0207585
-0.0599132	0.0203342
-0.0585965	0.0198391
-0.0572797	0.0194501
-0.0559629	0.018955
-0.0546461	0.0183892
-0.0533294	0.0179294
-0.0520126	0.0175051
-0.0506958	0.0170807
-0.049379	0.0164795
-0.0480623	0.0160552
-0.0467455	0.0156308
-0.0454287	0.015065
-0.0441119	0.0146053
-0.0427952	0.0142162
-0.0414784	0.0137211
-0.0401616	0.0132614
-0.0388448	0.0127663
-0.0375281	0.0122359
-0.0362113	0.0118115
-0.0348945	0.0113164
-0.0335777	0.010786
-0.032261	0.0103616
-0.0309442	0.00993723
-0.0296274	0.00947749
-0.0283106	0.00891167
-0.0269939	0.00845195
-0.0256771	0.00806294
-0.0243603	0.00753249
-0.0230436	0.00707276
-0.0217268	0.00657766
-0.02041	0.00604721
-0.0190932	0.00565821
-0.0177765	0.00523384
-0.0164597	0.00473875
-0.0151429	0.00424365
-0.0138261	0.00374856
-0.0125094	0.00328883
-0.0111926	0.00275838
-0.00987581	0.00233401
-0.00855903	0.00190964
-0.00724226	0.00134382
-0.00592548	0.000884095
-0.00460871	0.000389002
-0.00329194	0
-0.00197516	-0.000424365
-0.000658387	-0.00102555
0	-0.00123773
)
