nodenumber,    x-coordinate,    y-coordinate,    z-coordinate,  dy-velocity-dx
         1, 0.000000000E+00,-1.000000000E+00, 0.000000000E+00, 0.000000000E+00
         2,-1.948175779E-19,-9.998071790E-01, 0.000000000E+00, 0.000000000E+00
         3, 0.000000000E+00,-9.995853901E-01, 0.000000000E+00, 0.000000000E+00
         4, 1.253608762E-19,-9.993304014E-01, 0.000000000E+00, 0.000000000E+00
         5, 0.000000000E+00,-9.990371466E-01, 0.000000000E+00, 0.000000000E+00
         6, 1.280713816E-18,-9.986998439E-01, 0.000000000E+00, 3.367097467E-26
         7, 0.000000000E+00,-9.983119965E-01, 0.000000000E+00, 6.282563437E-26
         8, 1.273937553E-18,-9.978659749E-01, 0.000000000E+00, 2.703647881E-26
         9, 1.612750732E-18,-9.973530173E-01, 0.000000000E+00,-2.329120682E-27
        10, 0.000000000E+00,-9.967631698E-01, 0.000000000E+00, 3.425877311E-27
        11, 0.000000000E+00,-9.960848093E-01, 0.000000000E+00, 1.537102715E-26
        12, 0.000000000E+00,-9.953047037E-01, 0.000000000E+00, 3.462789993E-26
        13, 0.000000000E+00,-9.944075942E-01, 0.000000000E+00, 6.008199464E-26
        14, 0.000000000E+00,-9.933758974E-01, 0.000000000E+00, 2.248663572E-26
        15, 8.402566837E-19,-9.921894670E-01, 0.000000000E+00,-1.706785155E-26
        16, 5.692061406E-19,-9.908726811E-01, 0.000000000E+00, 1.514474887E-26
        17, 0.000000000E+00,-9.895558953E-01, 0.000000000E+00, 3.522015574E-26
        18, 9.757819552E-19,-9.882391095E-01,-6.938893904E-18, 1.900499965E-26
        19, 1.626303259E-18,-9.869223237E-01,-3.469446952E-18,-1.362637036E-26
        20, 4.336808690E-19,-9.856055379E-01, 0.000000000E+00, 1.363939273E-26
        21, 0.000000000E+00,-9.842888117E-01, 0.000000000E+00, 1.779719506E-25
        22, 0.000000000E+00,-9.829720259E-01, 0.000000000E+00, 4.604860656E-25
        23, 0.000000000E+00,-9.816552401E-01, 0.000000000E+00, 5.320782989E-25
        24, 0.000000000E+00,-9.803384542E-01, 0.000000000E+00, 3.001839584E-25
        25, 0.000000000E+00,-9.790216684E-01,-3.469446952E-18, 1.899055919E-25
        26, 1.734723476E-18,-9.777049422E-01, 0.000000000E+00, 2.839451334E-25
        27, 6.505213035E-19,-9.763881564E-01, 0.000000000E+00, 3.109949026E-25
        28, 0.000000000E+00,-9.750713706E-01, 0.000000000E+00, 2.317462566E-25
        29, 0.000000000E+00,-9.737545848E-01, 0.000000000E+00, 1.176331632E-25
        30, 0.000000000E+00,-9.724377990E-01,-6.938893904E-18, 2.148775138E-26
        31, 0.000000000E+00,-9.711210728E-01,-3.469446952E-18,-3.006189828E-27
        32, 0.000000000E+00,-9.698042870E-01, 0.000000000E+00, 1.536827192E-27
        33, 0.000000000E+00,-9.684875011E-01, 0.000000000E+00, 0.000000000E+00
        34, 0.000000000E+00,-9.671707153E-01, 0.000000000E+00,-2.892128322E-26
        35, 0.000000000E+00,-9.658539295E-01, 0.000000000E+00,-7.135354740E-26
        36, 0.000000000E+00,-9.645372033E-01, 0.000000000E+00,-4.243247680E-26
        37, 0.000000000E+00,-9.632204175E-01, 0.000000000E+00, 0.000000000E+00
        38, 0.000000000E+00,-9.619036317E-01, 0.000000000E+00, 0.000000000E+00
        39, 0.000000000E+00,-9.605868459E-01, 0.000000000E+00, 4.024914093E-26
        40, 0.000000000E+00,-9.592700601E-01, 0.000000000E+00, 8.614586650E-26
        41, 0.000000000E+00,-9.579533339E-01, 0.000000000E+00, 4.589648522E-26
        42, 0.000000000E+00,-9.566365480E-01, 0.000000000E+00, 0.000000000E+00
        43, 0.000000000E+00,-9.553197622E-01, 0.000000000E+00, 0.000000000E+00
        44, 2.168404345E-19,-9.540029764E-01, 0.000000000E+00, 0.000000000E+00
        45, 0.000000000E+00,-9.526861906E-01, 0.000000000E+00, 1.358990773E-25
        46, 0.000000000E+00,-9.513694048E-01, 3.469446952E-18, 2.798074347E-25
        47, 0.000000000E+00,-9.500526786E-01, 0.000000000E+00, 1.439005427E-25
        48, 1.734723476E-18,-9.487358928E-01, 0.000000000E+00, 0.000000000E+00
        49, 0.000000000E+00,-9.474191070E-01, 0.000000000E+00,-1.651323149E-25
        50, 0.000000000E+00,-9.461023211E-01, 0.000000000E+00,-4.240463618E-25
        51, 0.000000000E+00,-9.447855353E-01, 0.000000000E+00,-3.484012077E-25
        52, 0.000000000E+00,-9.434688091E-01, 0.000000000E+00,-8.948385130E-26
        53, 0.000000000E+00,-9.421520233E-01, 0.000000000E+00, 0.000000000E+00
        54, 0.000000000E+00,-9.408352375E-01, 0.000000000E+00,-3.933061286E-25
        55, 2.168404345E-19,-9.395184517E-01, 0.000000000E+00,-8.999283792E-25
        56, 0.000000000E+00,-9.382016659E-01,-6.938893904E-18,-6.105073925E-25
        57, 0.000000000E+00,-9.368849397E-01, 0.000000000E+00,-4.226351882E-25
        58, 1.951563910E-18,-9.355681539E-01, 0.000000000E+00,-1.080178954E-24
        59, 8.673617380E-19,-9.342513680E-01, 0.000000000E+00,-1.206421450E-24
        60,-2.168404345E-19,-9.329345822E-01, 0.000000000E+00,-4.449985074E-25
        61, 1.517883041E-18,-9.316177964E-01, 0.000000000E+00, 0.000000000E+00
        62, 1.084202172E-18,-9.303010702E-01, 0.000000000E+00, 0.000000000E+00
        63, 0.000000000E+00,-9.289842844E-01, 0.000000000E+00, 0.000000000E+00
        64, 4.336808690E-19,-9.276674986E-01, 0.000000000E+00, 0.000000000E+00
        65, 0.000000000E+00,-9.263507128E-01, 0.000000000E+00,-1.239596305E-25
        66, 0.000000000E+00,-9.250339270E-01, 0.000000000E+00,-2.496907468E-25
        67, 0.000000000E+00,-9.237172008E-01, 0.000000000E+00,-2.531447742E-25
        68, 6.505213035E-19,-9.224004149E-01, 0.000000000E+00,-2.566512610E-25
        69, 4.336808690E-19,-9.210836291E-01, 0.000000000E+00,-6.533685720E-25
        70,-8.673617380E-19,-9.197668433E-01, 0.000000000E+00,-1.187466700E-24
        71, 0.000000000E+00,-9.184500575E-01, 0.000000000E+00,-7.974771892E-25
        72, 0.000000000E+00,-9.171333313E-01, 0.000000000E+00,-1.341241772E-25
        73, 0.000000000E+00,-9.158165455E-01, 0.000000000E+00, 1.371238701E-25
        74, 0.000000000E+00,-9.144997597E-01, 0.000000000E+00, 2.758007608E-25
        75, 0.000000000E+00,-9.131829739E-01, 0.000000000E+00, 1.386816978E-25
        76, 1.301042607E-18,-9.118661880E-01, 0.000000000E+00, 0.000000000E+00
        77, 0.000000000E+00,-9.105494022E-01, 0.000000000E+00, 0.000000000E+00
        78, 0.000000000E+00,-9.092326760E-01, 0.000000000E+00, 0.000000000E+00
        79, 0.000000000E+00,-9.079158902E-01, 0.000000000E+00,-1.454884211E-25
        80, 0.000000000E+00,-9.065991044E-01, 0.000000000E+00,-2.922060601E-25
        81, 0.000000000E+00,-9.052823186E-01, 0.000000000E+00,-2.945064771E-25
        82, 0.000000000E+00,-9.039655328E-01, 0.000000000E+00,-5.945511522E-25
        83, 0.000000000E+00,-9.026488066E-01, 0.000000000E+00,-1.347823091E-24
        84, 0.000000000E+00,-9.013320208E-01, 0.000000000E+00,-2.264032967E-24
        85, 0.000000000E+00,-9.000152349E-01, 0.000000000E+00,-2.889358471E-24
        86, 0.000000000E+00,-8.986984491E-01, 0.000000000E+00,-2.755965247E-24
        87, 0.000000000E+00,-8.973816633E-01, 0.000000000E+00,-2.003526050E-24
        88, 0.000000000E+00,-8.960649371E-01, 0.000000000E+00,-1.241804721E-24
        89, 0.000000000E+00,-8.947481513E-01, 0.000000000E+00,-4.678579708E-25
        90, 0.000000000E+00,-8.934313655E-01, 0.000000000E+00, 1.581528804E-25
        91, 4.336808690E-19,-8.921145797E-01, 0.000000000E+00, 1.581551607E-25
        92, 0.000000000E+00,-8.907977939E-01, 0.000000000E+00,-3.201364693E-25
        93, 0.000000000E+00,-8.894810677E-01, 0.000000000E+00,-6.425008791E-25
        94, 0.000000000E+00,-8.881642818E-01, 0.000000000E+00,-3.223465864E-25
        95, 0.000000000E+00,-8.868474960E-01, 0.000000000E+00, 0.000000000E+00
        96, 0.000000000E+00,-8.855307102E-01, 0.000000000E+00,-1.642397558E-25
        97, 0.000000000E+00,-8.842139244E-01, 0.000000000E+00,-3.294435242E-25
        98, 0.000000000E+00,-8.828971982E-01, 0.000000000E+00,-1.652021414E-25
        99, 0.000000000E+00,-8.815804124E-01, 0.000000000E+00, 0.000000000E+00
       100, 0.000000000E+00,-8.802636266E-01, 0.000000000E+00,-1.682925410E-25
       101, 0.000000000E+00,-8.789468408E-01, 0.000000000E+00,-5.066172216E-25
       102, 0.000000000E+00,-8.776300550E-01, 0.000000000E+00, 1.859172590E-27
       103, 0.000000000E+00,-8.763132691E-01,-6.938893904E-18, 6.824400685E-25
       104, 0.000000000E+00,-8.749965429E-01, 3.469446952E-18, 1.701010663E-25
       105, 0.000000000E+00,-8.736797571E-01, 0.000000000E+00,-5.182316700E-25
       106, 0.000000000E+00,-8.723629713E-01, 0.000000000E+00,-1.389588148E-24
       107, 0.000000000E+00,-8.710461855E-01, 0.000000000E+00,-2.791596911E-24
       108, 0.000000000E+00,-8.697293997E-01, 0.000000000E+00,-3.154345132E-24
       109, 0.000000000E+00,-8.684126735E-01, 0.000000000E+00,-2.290044275E-24
       110, 0.000000000E+00,-8.670958877E-01,-3.469446952E-18,-2.127601249E-24
       111, 0.000000000E+00,-8.657791018E-01, 0.000000000E+00,-2.493254844E-24
       112, 0.000000000E+00,-8.644623160E-01, 0.000000000E+00,-2.505329149E-24
       113, 0.000000000E+00,-8.631455302E-01, 0.000000000E+00,-2.337829130E-24
       114, 0.000000000E+00,-8.618288040E-01, 0.000000000E+00,-1.081967894E-24
       115, 0.000000000E+00,-8.605120182E-01,-6.938893904E-18, 7.285187159E-25
       116, 0.000000000E+00,-8.591952324E-01,-6.938893904E-18, 1.459979193E-24
       117, 0.000000000E+00,-8.578784466E-01,-6.938893904E-18, 5.477949720E-25
       118, 1.301042607E-18,-8.565616608E-01, 0.000000000E+00,-7.373620439E-25
       119, 0.000000000E+00,-8.552449346E-01, 0.000000000E+00,-5.536848540E-25
       120, 0.000000000E+00,-8.539281487E-01, 0.000000000E+00, 0.000000000E+00
       121, 0.000000000E+00,-8.526113629E-01, 0.000000000E+00, 0.000000000E+00
       122, 0.000000000E+00,-8.512945771E-01, 0.000000000E+00, 0.000000000E+00
       123, 0.000000000E+00,-8.499777913E-01, 0.000000000E+00, 0.000000000E+00
       124, 0.000000000E+00,-8.486610651E-01, 0.000000000E+00, 1.893398060E-25
       125, 0.000000000E+00,-8.473442793E-01, 0.000000000E+00, 1.893362192E-25
       126, 0.000000000E+00,-8.460274935E-01, 0.000000000E+00,-1.907823491E-25
       127, 0.000000000E+00,-8.447107077E-01, 0.000000000E+00,-1.907834215E-25
       128, 0.000000000E+00,-8.433939219E-01, 0.000000000E+00, 0.000000000E+00
       129, 0.000000000E+00,-8.420771956E-01, 0.000000000E+00, 1.930694171E-25
       130, 8.673617380E-19,-8.407604098E-01, 0.000000000E+00, 3.868402302E-25
       131, 0.000000000E+00,-8.394436240E-01, 0.000000000E+00, 3.881525003E-25
       132, 0.000000000E+00,-8.381268382E-01, 0.000000000E+00, 1.559720892E-24
       133, 0.000000000E+00,-8.368100524E-01,-1.040834086E-17, 2.931522495E-24
       134, 0.000000000E+00,-8.354932666E-01,-6.938893904E-18, 1.959173332E-24
       135, 8.673617380E-19,-8.341765404E-01, 0.000000000E+00,-1.334284265E-27
       136,-8.673617380E-19,-8.328597546E-01, 0.000000000E+00,-1.185400673E-24
       137, 0.000000000E+00,-8.315429688E-01, 0.000000000E+00,-1.584806176E-24
       138, 0.000000000E+00,-8.302261829E-01, 0.000000000E+00,-1.590235610E-24
       139, 0.000000000E+00,-8.289093971E-01, 0.000000000E+00,-1.595874190E-24
       140, 0.000000000E+00,-8.275926709E-01, 0.000000000E+00,-1.801675083E-24
       141, 0.000000000E+00,-8.262758851E-01, 0.000000000E+00,-2.811546809E-24
       142, 0.000000000E+00,-8.249590993E-01, 0.000000000E+00,-3.825616064E-24
       143, 0.000000000E+00,-8.236423135E-01, 0.000000000E+00,-3.230293110E-24
       144, 0.000000000E+00,-8.223255277E-01, 0.000000000E+00,-2.228896511E-24
       145, 0.000000000E+00,-8.210088015E-01, 0.000000000E+00,-2.033209703E-24
       146, 0.000000000E+00,-8.196920156E-01, 0.000000000E+00,-1.630765015E-24
       147, 0.000000000E+00,-8.183752298E-01, 0.000000000E+00,-6.125775114E-25
       148, 0.000000000E+00,-8.170584440E-01, 0.000000000E+00,-2.054737618E-25
       149, 0.000000000E+00,-8.157416582E-01, 0.000000000E+00,-1.030029588E-24
       150, 0.000000000E+00,-8.144249320E-01, 0.000000000E+00,-1.651497068E-24
       151, 0.000000000E+00,-8.131081462E-01, 0.000000000E+00,-1.655981743E-24
       152, 0.000000000E+00,-8.117913604E-01, 0.000000000E+00,-2.076098098E-24
       153, 0.000000000E+00,-8.104745746E-01, 0.000000000E+00,-3.123135625E-24
       154, 0.000000000E+00,-8.091577888E-01, 0.000000000E+00,-3.130591939E-24
       155, 0.000000000E+00,-8.078410625E-01, 0.000000000E+00,-1.673716519E-24
       156, 0.000000000E+00,-8.065242767E-01, 0.000000000E+00,-8.394671212E-25
       157, 0.000000000E+00,-8.052074909E-01, 0.000000000E+00,-2.095483270E-25
       158, 0.000000000E+00,-8.038907051E-01, 0.000000000E+00, 1.689436742E-24
       159, 0.000000000E+00,-8.025739193E-01, 0.000000000E+00, 2.326214731E-24
       160, 0.000000000E+00,-8.012571931E-01, 0.000000000E+00, 4.226424852E-25
       161, 0.000000000E+00,-7.999404073E-01, 0.000000000E+00,-2.118717196E-25
       162, 0.000000000E+00,-7.986236215E-01, 0.000000000E+00, 6.396855331E-25
       163, 0.000000000E+00,-7.973068357E-01, 0.000000000E+00, 8.547678673E-25
       164, 0.000000000E+00,-7.959900498E-01, 0.000000000E+00, 8.570117821E-25
       165, 0.000000000E+00,-7.946732640E-01, 0.000000000E+00, 4.290434998E-25
       166, 0.000000000E+00,-7.933565378E-01, 0.000000000E+00,-2.154643154E-25
       167, 0.000000000E+00,-7.920397520E-01, 0.000000000E+00,-2.154547751E-25
       168, 0.000000000E+00,-7.907229662E-01, 0.000000000E+00, 2.164774347E-25
       169, 0.000000000E+00,-7.894061804E-01, 0.000000000E+00, 6.504300159E-25
       170, 0.000000000E+00,-7.880893946E-01, 0.000000000E+00, 1.086304854E-24
       171, 0.000000000E+00,-7.867726684E-01, 0.000000000E+00, 1.741610425E-24
       172, 0.000000000E+00,-7.854558825E-01, 0.000000000E+00, 2.399140583E-24
       173, 0.000000000E+00,-7.841390967E-01, 0.000000000E+00, 1.747503807E-24
       174, 0.000000000E+00,-7.828223109E-01, 0.000000000E+00,-4.395446682E-25
       175, 0.000000000E+00,-7.815055251E-01, 0.000000000E+00,-2.195560038E-24
       176, 0.000000000E+00,-7.801887989E-01, 0.000000000E+00,-1.758666386E-24
       177, 0.000000000E+00,-7.788720131E-01, 0.000000000E+00,-4.402579464E-25
       178,-8.673617380E-19,-7.775552273E-01, 0.000000000E+00, 4.421251309E-25
       179, 0.000000000E+00,-7.762384415E-01,-6.938893904E-18, 1.549803431E-24
       180, 0.000000000E+00,-7.749216557E-01,-1.040834086E-17, 1.551603020E-24
       181, 1.734723476E-18,-7.736049294E-01, 0.000000000E+00, 2.215754236E-25
       182, 0.000000000E+00,-7.722881436E-01, 0.000000000E+00, 4.329613774E-28
       183, 0.000000000E+00,-7.709713578E-01,-1.040834086E-17, 4.459535714E-25
       184, 0.000000000E+00,-7.696545720E-01, 0.000000000E+00, 2.232137398E-25
       185, 0.000000000E+00,-7.683377862E-01, 0.000000000E+00, 0.000000000E+00
       186, 0.000000000E+00,-7.670210600E-01, 0.000000000E+00, 0.000000000E+00
       187, 0.000000000E+00,-7.657042742E-01, 0.000000000E+00, 0.000000000E+00
       188, 0.000000000E+00,-7.643874884E-01, 0.000000000E+00, 0.000000000E+00
       189, 0.000000000E+00,-7.630707026E-01, 0.000000000E+00, 0.000000000E+00
       190, 0.000000000E+00,-7.617539167E-01, 0.000000000E+00,-2.260244759E-25
       191, 0.000000000E+00,-7.604371309E-01, 0.000000000E+00,-4.524108417E-25
       192, 0.000000000E+00,-7.591204047E-01, 0.000000000E+00,-4.531428060E-25
       193, 0.000000000E+00,-7.578036189E-01, 0.000000000E+00,-4.539535085E-25
       194, 0.000000000E+00,-7.564868331E-01, 0.000000000E+00, 4.031572264E-28
       195, 0.000000000E+00,-7.551700473E-01, 0.000000000E+00, 6.835325423E-25
       196, 0.000000000E+00,-7.538532615E-01, 0.000000000E+00, 6.842306349E-25
       197, 0.000000000E+00,-7.525365353E-01, 0.000000000E+00, 2.282832558E-25
       198, 0.000000000E+00,-7.512197495E-01, 0.000000000E+00, 0.000000000E+00
       199, 0.000000000E+00,-7.499029636E-01, 0.000000000E+00, 0.000000000E+00
       200, 0.000000000E+00,-7.485861778E-01, 0.000000000E+00, 0.000000000E+00
       201, 0.000000000E+00,-7.472693920E-01, 0.000000000E+00, 0.000000000E+00
       202, 0.000000000E+00,-7.459526658E-01, 0.000000000E+00, 0.000000000E+00
       203, 0.000000000E+00,-7.446358800E-01, 0.000000000E+00, 0.000000000E+00
       204, 0.000000000E+00,-7.433190942E-01, 0.000000000E+00, 0.000000000E+00
       205, 0.000000000E+00,-7.420023084E-01, 0.000000000E+00, 0.000000000E+00
       206, 0.000000000E+00,-7.406855226E-01, 0.000000000E+00, 0.000000000E+00
       207, 8.673617380E-19,-7.393687963E-01, 0.000000000E+00, 4.643616900E-25
       208, 0.000000000E+00,-7.380520105E-01, 0.000000000E+00, 9.294850251E-25
       209, 0.000000000E+00,-7.367352247E-01, 0.000000000E+00, 4.651185527E-25
       210, 0.000000000E+00,-7.354184389E-01, 0.000000000E+00, 4.665532935E-25
       211, 8.673617380E-19,-7.341016531E-01,-6.938893904E-18, 1.400814526E-24
       212, 0.000000000E+00,-7.327849269E-01,-6.938893904E-18, 1.402044656E-24
       213, 0.000000000E+00,-7.314681411E-01, 0.000000000E+00, 4.677623707E-25
       214, 0.000000000E+00,-7.301513553E-01, 0.000000000E+00, 2.346305293E-25
       215, 0.000000000E+00,-7.288345695E-01, 0.000000000E+00, 4.695891754E-25
       216, 8.673617380E-19,-7.275177836E-01, 0.000000000E+00, 7.054832379E-25
       217, 0.000000000E+00,-7.262010574E-01, 0.000000000E+00, 4.705300892E-25
       218, 0.000000000E+00,-7.248842716E-01, 0.000000000E+00,-4.719315006E-25
       219, 0.000000000E+00,-7.235674858E-01, 0.000000000E+00,-4.719140964E-25
       220, 0.000000000E+00,-7.222507000E-01, 0.000000000E+00, 2.365988112E-25
       221, 0.000000000E+00,-7.209339142E-01, 0.000000000E+00, 2.366066505E-25
       222, 0.000000000E+00,-7.196171284E-01, 0.000000000E+00,-7.114767566E-25
       223, 0.000000000E+00,-7.183004022E-01, 0.000000000E+00,-1.661434152E-24
       224, 0.000000000E+00,-7.169836164E-01, 0.000000000E+00,-9.499397940E-25
       225, 0.000000000E+00,-7.156668305E-01, 0.000000000E+00, 9.524865328E-25
       226, 0.000000000E+00,-7.143500447E-01, 0.000000000E+00, 1.429283530E-24
       227, 0.000000000E+00,-7.130332589E-01, 0.000000000E+00, 4.767793960E-25
       228, 0.000000000E+00,-7.117165327E-01, 0.000000000E+00, 2.390317815E-25
       229, 0.000000000E+00,-7.103997469E-01, 0.000000000E+00, 9.570646871E-25
       230, 0.000000000E+00,-7.090829611E-01, 0.000000000E+00, 1.676511650E-24
       231, 0.000000000E+00,-7.077661753E-01, 0.000000000E+00, 1.438220042E-24
       232, 0.000000000E+00,-7.064493895E-01, 0.000000000E+00, 7.198961211E-25
       233, 0.000000000E+00,-7.051326632E-01, 0.000000000E+00, 4.806285935E-25
       234, 0.000000000E+00,-7.038158774E-01, 0.000000000E+00, 2.404691353E-25
       235, 0.000000000E+00,-7.024990916E-01, 0.000000000E+00, 0.000000000E+00
       236, 0.000000000E+00,-7.011823058E-01, 0.000000000E+00, 4.825315725E-25
       237, 0.000000000E+00,-6.998655200E-01,-6.938893904E-18, 1.931796506E-24
       238, 0.000000000E+00,-6.985487938E-01,-1.387778781E-17, 2.900443939E-24
       239, 0.000000000E+00,-6.972320080E-01,-6.938893904E-18, 2.419775015E-24
       240, 0.000000000E+00,-6.959152222E-01,-6.938893904E-18, 2.665547194E-24
       241, 0.000000000E+00,-6.945984364E-01,-1.387778781E-17, 3.152795218E-24
       242, 0.000000000E+00,-6.932816505E-01,-3.469446952E-18, 2.427564030E-24
       243, 0.000000000E+00,-6.919649243E-01,-6.938893904E-18, 2.674189954E-24
       244, 0.000000000E+00,-6.906481385E-01,-6.938893904E-18, 3.163533784E-24
       245, 1.734723476E-18,-6.893313527E-01,-6.938893904E-18, 2.923455800E-24
       246, 0.000000000E+00,-6.880145669E-01,-1.387778781E-17, 2.926251129E-24
       247, 0.000000000E+00,-6.866977811E-01,-6.938893904E-18, 1.952277307E-24
       248, 0.000000000E+00,-6.853809953E-01, 0.000000000E+00, 4.884375276E-25
       249, 0.000000000E+00,-6.840642691E-01, 0.000000000E+00, 4.896335886E-25
       250, 0.000000000E+00,-6.827474833E-01, 0.000000000E+00, 9.797380286E-25
       251, 0.000000000E+00,-6.814306974E-01, 0.000000000E+00, 2.448347409E-25
       252, 0.000000000E+00,-6.801139116E-01, 0.000000000E+00, 2.542597305E-28
       253, 0.000000000E+00,-6.787971258E-01, 0.000000000E+00, 7.372721630E-25
       254, 0.000000000E+00,-6.774803996E-01, 0.000000000E+00, 4.917011930E-25
       255, 0.000000000E+00,-6.761636138E-01, 0.000000000E+00, 7.391933845E-25
       256, 0.000000000E+00,-6.748468280E-01, 0.000000000E+00, 1.479058780E-24
       257, 0.000000000E+00,-6.735300422E-01, 0.000000000E+00, 7.398912305E-25
       258, 0.000000000E+00,-6.722132564E-01, 0.000000000E+00, 0.000000000E+00
       259, 1.734723476E-18,-6.708965302E-01, 0.000000000E+00, 0.000000000E+00
       260, 0.000000000E+00,-6.695797443E-01, 0.000000000E+00, 0.000000000E+00
       261, 0.000000000E+00,-6.682629585E-01, 0.000000000E+00, 0.000000000E+00
       262, 0.000000000E+00,-6.669461727E-01, 0.000000000E+00, 0.000000000E+00
       263, 0.000000000E+00,-6.656293869E-01, 0.000000000E+00, 0.000000000E+00
       264, 1.734723476E-18,-6.643126607E-01, 0.000000000E+00, 7.463688633E-25
       265, 0.000000000E+00,-6.629958749E-01, 0.000000000E+00, 1.493460718E-24
       266, 0.000000000E+00,-6.616790891E-01, 0.000000000E+00, 7.470841629E-25
       267, 0.000000000E+00,-6.603623033E-01, 0.000000000E+00, 0.000000000E+00
       268, 0.000000000E+00,-6.590455174E-01, 0.000000000E+00, 0.000000000E+00
       269, 0.000000000E+00,-6.577287912E-01, 0.000000000E+00, 0.000000000E+00
       270, 0.000000000E+00,-6.564120054E-01, 0.000000000E+00, 0.000000000E+00
       271, 0.000000000E+00,-6.550952196E-01, 0.000000000E+00,-5.010040818E-25
       272, 0.000000000E+00,-6.537784338E-01, 0.000000000E+00,-7.517587061E-25
       273, 0.000000000E+00,-6.524616480E-01,-1.040834086E-17, 2.656735617E-28
       274, 0.000000000E+00,-6.511449218E-01,-6.938893904E-18, 2.510353355E-25
       275, 0.000000000E+00,-6.498281360E-01,-6.938893904E-18, 2.515396149E-25
       276, 0.000000000E+00,-6.485113502E-01,-6.938893904E-18, 1.510193345E-24
       277, 0.000000000E+00,-6.471945643E-01,-6.938893904E-18, 2.518527187E-24
       278, 0.000000000E+00,-6.458777785E-01,-3.469446952E-18, 2.016643032E-24
       279, 0.000000000E+00,-6.445609927E-01,-6.938893904E-18, 1.766838788E-24
       280, 0.000000000E+00,-6.432442665E-01,-6.938893904E-18, 2.021066175E-24
       281, 0.000000000E+00,-6.419274807E-01,-6.938893904E-18, 2.022801077E-24
       282, 0.000000000E+00,-6.406106949E-01,-6.938893904E-18, 1.518211327E-24
       283, 0.000000000E+00,-6.392939091E-01, 0.000000000E+00, 5.064011230E-25
       284, 0.000000000E+00,-6.379771233E-01, 0.000000000E+00, 0.000000000E+00
       285, 0.000000000E+00,-6.366603971E-01, 0.000000000E+00, 0.000000000E+00
       286, 0.000000000E+00,-6.353436112E-01, 0.000000000E+00, 0.000000000E+00
       287, 0.000000000E+00,-6.340268254E-01, 0.000000000E+00, 0.000000000E+00
       288, 0.000000000E+00,-6.327100396E-01, 0.000000000E+00, 1.018361743E-24
       289, 0.000000000E+00,-6.313932538E-01,-1.387778781E-17, 2.547429473E-24
       290, 0.000000000E+00,-6.300765276E-01,-6.938893904E-18, 2.549167728E-24
       291, 0.000000000E+00,-6.287597418E-01,-6.938893904E-18, 2.040976433E-24
       292, 0.000000000E+00,-6.274429560E-01,-6.938893904E-18, 2.042514711E-24
       293, 0.000000000E+00,-6.261261702E-01,-6.938893904E-18, 2.044343883E-24
       294, 0.000000000E+00,-6.248093843E-01,-6.938893904E-18, 2.046271267E-24
       295, 0.000000000E+00,-6.234926581E-01,-6.938893904E-18, 2.047998873E-24
       296, 1.734723476E-18,-6.221758723E-01,-6.938893904E-18, 3.330932435E-24
       297, 0.000000000E+00,-6.208590865E-01,-1.387778781E-17, 5.897368722E-24
       298, 0.000000000E+00,-6.195423007E-01,-1.734723476E-17, 6.928319206E-24
       299, 0.000000000E+00,-6.182255149E-01,-1.387778781E-17, 6.164049856E-24
       300, 0.000000000E+00,-6.169087887E-01,-1.387778781E-17, 5.398183063E-24
       301, 0.000000000E+00,-6.155920029E-01,-1.387778781E-17, 5.402217298E-24
       302, 0.000000000E+00,-6.142752171E-01,-1.387778781E-17, 5.663447009E-24
       303, 0.000000000E+00,-6.129584312E-01,-1.387778781E-17, 6.183851843E-24
       304, 0.000000000E+00,-6.116416454E-01,-2.081668171E-17, 6.962857903E-24
       305, 0.000000000E+00,-6.103248596E-01,-1.734723476E-17, 6.710177078E-24
       306, 0.000000000E+00,-6.090081334E-01,-1.387778781E-17, 5.165097543E-24
       307, 0.000000000E+00,-6.076913476E-01,-6.938893904E-18, 3.100999597E-24
       308, 0.000000000E+00,-6.063745618E-01,-6.938893904E-18, 2.586871335E-24
       309, 1.734723476E-18,-6.050577760E-01,-1.387778781E-17, 3.365574867E-24
       310, 0.000000000E+00,-6.037409902E-01,-1.387778781E-17, 3.627039658E-24
       311, 0.000000000E+00,-6.024242640E-01,-1.387778781E-17, 4.407278314E-24
       312, 0.000000000E+00,-6.011074781E-01,-2.081668171E-17, 5.188094416E-24
       313, 0.000000000E+00,-5.997906923E-01,-1.387778781E-17, 4.672655856E-24
       314, 1.734723476E-18,-5.984739065E-01,-1.387778781E-17, 4.156950661E-24
       315, 0.000000000E+00,-5.971571207E-01,-1.387778781E-17, 4.159913228E-24
       316, 0.000000000E+00,-5.958403945E-01,-1.387778781E-17, 4.162471898E-24
       317, 0.000000000E+00,-5.945236087E-01,-1.387778781E-17, 4.165082239E-24
       318, 0.000000000E+00,-5.932068229E-01,-1.387778781E-17, 3.646928025E-24
       319, 1.734723476E-18,-5.918900371E-01,-6.938893904E-18, 2.867677023E-24
       320, 0.000000000E+00,-5.905732512E-01,-6.938893904E-18, 2.347840564E-24
       321, 0.000000000E+00,-5.892565250E-01,-3.469446952E-18, 1.827074826E-24
       322, 0.000000000E+00,-5.879397392E-01,-6.938893904E-18, 1.828206447E-24
       323, 0.000000000E+00,-5.866229534E-01,-6.938893904E-18, 2.090682164E-24
       324, 0.000000000E+00,-5.853061676E-01,-6.938893904E-18, 2.092231684E-24
       325, 0.000000000E+00,-5.839893818E-01,-6.938893904E-18, 2.093690879E-24
       326, 0.000000000E+00,-5.826726556E-01,-6.938893904E-18, 2.094903359E-24
       327, 0.000000000E+00,-5.813558698E-01,-6.938893904E-18, 2.096090989E-24
       328, 0.000000000E+00,-5.800390840E-01,-6.938893904E-18, 2.097488061E-24
       329, 0.000000000E+00,-5.787222981E-01,-6.938893904E-18, 2.098936016E-24
       330, 0.000000000E+00,-5.774055123E-01,-6.938893904E-18, 2.625428095E-24
       331,-1.734723476E-18,-5.760887861E-01,-1.387778781E-17, 2.626494437E-24
       332, 0.000000000E+00,-5.747720003E-01,-6.938893904E-18, 1.576570271E-24
       333, 0.000000000E+00,-5.734552145E-01,-1.387778781E-17, 1.314806599E-24
       334, 1.734723476E-18,-5.721384287E-01,-1.387778781E-17, 1.578653455E-24
       335, 0.000000000E+00,-5.708216429E-01,-1.387778781E-17, 1.579527513E-24
       336, 0.000000000E+00,-5.695048571E-01,-1.387778781E-17, 1.580279889E-24
       337, 0.000000000E+00,-5.681881309E-01,-1.387778781E-17, 1.844615346E-24
       338, 0.000000000E+00,-5.668713450E-01,-1.387778781E-17, 2.372964995E-24
       339, 0.000000000E+00,-5.655545592E-01,-1.387778781E-17, 1.846435642E-24
       340, 1.734723476E-18,-5.642377734E-01,-1.387778781E-17, 5.277703295E-25
       341, 0.000000000E+00,-5.629209876E-01,-1.040834086E-17, 7.923020644E-25
       342, 0.000000000E+00,-5.616042614E-01,-6.938893904E-18, 1.584949354E-24
       343, 1.734723476E-18,-5.602874756E-01,-6.938893904E-18, 1.585740779E-24
       344, 0.000000000E+00,-5.589706898E-01,-6.938893904E-18, 1.851067636E-24
       345, 0.000000000E+00,-5.576539040E-01,-6.938893904E-18, 2.116390944E-24
       346, 0.000000000E+00,-5.563371181E-01,-6.938893904E-18, 2.381877743E-24
       347, 0.000000000E+00,-5.550203919E-01,-6.938893904E-18, 3.177081287E-24
       348, 0.000000000E+00,-5.537036061E-01,-6.938893904E-18, 3.443222446E-24
       349, 0.000000000E+00,-5.523868203E-01,-6.938893904E-18, 2.649983362E-24
       350, 0.000000000E+00,-5.510700345E-01,-6.938893904E-18, 1.856007089E-24
       351, 0.000000000E+00,-5.497532487E-01,-6.938893904E-18, 1.591609312E-24
       352, 0.000000000E+00,-5.484365225E-01,-6.938893904E-18, 1.857734300E-24
       353, 0.000000000E+00,-5.471197367E-01,-6.938893904E-18, 2.124168915E-24
       354, 0.000000000E+00,-5.458029509E-01,-6.938893904E-18, 2.125409004E-24
       355, 0.000000000E+00,-5.444861650E-01,-6.938893904E-18, 2.658291054E-24
       356, 1.734723476E-18,-5.431693792E-01,-1.387778781E-17, 3.191189472E-24
       357, 0.000000000E+00,-5.418526530E-01,-6.938893904E-18, 2.394222232E-24
       358, 0.000000000E+00,-5.405358672E-01,-6.938893904E-18, 1.597074836E-24
       359, 0.000000000E+00,-5.392190814E-01,-6.938893904E-18, 1.864305117E-24
       360, 0.000000000E+00,-5.379022956E-01,-6.938893904E-18, 2.131534509E-24
       361, 0.000000000E+00,-5.365855098E-01,-6.938893904E-18, 2.665514850E-24
       362, 0.000000000E+00,-5.352687836E-01,-6.938893904E-18, 3.466387346E-24
       363, 0.000000000E+00,-5.339519978E-01,-6.938893904E-18, 2.934117650E-24
       364, 0.000000000E+00,-5.326352119E-01,-6.938893904E-18, 1.868115709E-24
       365, 0.000000000E+00,-5.313184261E-01,-6.938893904E-18, 1.601982932E-24
       366, 0.000000000E+00,-5.300016403E-01,-6.938893904E-18, 1.602544897E-24
       367, 0.000000000E+00,-5.286848545E-01,-6.938893904E-18, 1.068626284E-24
       368, 0.000000000E+00,-5.273681283E-01,-6.938893904E-18,-1.389874307E-28
       369, 0.000000000E+00,-5.260513425E-01,-6.938893904E-18,-2.673576565E-25
       370, 0.000000000E+00,-5.247345567E-01,-6.938893904E-18, 0.000000000E+00
       371, 0.000000000E+00,-5.234177709E-01,-6.938893904E-18, 0.000000000E+00
       372, 0.000000000E+00,-5.221009851E-01,-6.938893904E-18,-2.677203107E-25
       373, 0.000000000E+00,-5.207842588E-01,-6.938893904E-18,-2.677098089E-25
       374, 0.000000000E+00,-5.194674730E-01,-6.938893904E-18, 0.000000000E+00
       375, 0.000000000E+00,-5.181506872E-01,-6.938893904E-18,-5.360016493E-25
       376, 1.734723476E-18,-5.168339014E-01,-6.938893904E-18,-1.072103188E-24
       377, 0.000000000E+00,-5.155171156E-01,-6.938893904E-18,-5.361203236E-25
       378, 0.000000000E+00,-5.142003894E-01,-1.387778781E-17, 1.072850634E-24
       379, 0.000000000E+00,-5.128836036E-01,-1.387778781E-17, 1.877739418E-24
       380, 0.000000000E+00,-5.115668178E-01,-6.938893904E-18, 8.048833605E-25
       381, 0.000000000E+00,-5.102500319E-01,-6.938893904E-18, 5.367765573E-25
       382, 0.000000000E+00,-5.089332461E-01,-6.938893904E-18, 1.879035713E-24
       383, 0.000000000E+00,-5.076165199E-01,-6.938893904E-18, 1.879347116E-24
       384, 0.000000000E+00,-5.062997341E-01,-6.938893904E-18,-1.888828830E-28
       385, 0.000000000E+00,-5.049829483E-01,-6.938893904E-18,-8.059047381E-25
       386, 0.000000000E+00,-5.036661625E-01,-6.938893904E-18, 2.687532501E-25
       387, 0.000000000E+00,-5.023493767E-01,-6.938893904E-18, 8.062272836E-25
       388, 0.000000000E+00,-5.010326505E-01,-6.938893904E-18, 1.344218687E-24
       389, 0.000000000E+00,-4.997158349E-01,-1.387778781E-17, 4.033695088E-24
       390, 0.000000000E+00,-4.983990788E-01,-1.387778781E-17, 6.454820436E-24
       391, 0.000000000E+00,-4.970822930E-01,-1.387778781E-17, 6.186543042E-24
       392, 0.000000000E+00,-4.957655370E-01,-1.387778781E-17, 4.573082677E-24
       393, 0.000000000E+00,-4.944487512E-01,-1.387778781E-17, 3.497668048E-24
       394, 0.000000000E+00,-4.931319654E-01,-6.938893904E-18, 2.691041995E-24
       395, 0.000000000E+00,-4.918152094E-01,-6.938893904E-18, 2.153150087E-24
       396, 0.000000000E+00,-4.904984236E-01,-6.938893904E-18, 3.229884480E-24
       397, 0.000000000E+00,-4.891816676E-01,-2.081668171E-17, 4.845038135E-24
       398, 0.000000000E+00,-4.878648818E-01,-1.387778781E-17, 4.576302412E-24
       399, 0.000000000E+00,-4.865480959E-01,-6.938893904E-18, 3.230822436E-24
       400, 0.000000000E+00,-4.852313399E-01,-6.938893904E-18, 2.692604334E-24
       401, 0.000000000E+00,-4.839145541E-01,-1.040834086E-17, 2.961888118E-24
       402, 0.000000000E+00,-4.825977683E-01,-1.387778781E-17, 2.961906853E-24
       403, 0.000000000E+00,-4.812810123E-01,-2.081668171E-17, 2.962189857E-24
       404, 0.000000000E+00,-4.799642265E-01,-1.387778781E-17, 3.501122075E-24
       405, 0.000000000E+00,-4.786474705E-01,-1.387778781E-17, 2.962560819E-24
       406, 0.000000000E+00,-4.773306847E-01,-6.938893904E-18, 1.077273580E-24
       407, 1.734723476E-18,-4.760138988E-01,-6.938893904E-18, 2.692893550E-25
       408, 0.000000000E+00,-4.746971428E-01,-1.387778781E-17, 1.346520287E-24
       409, 1.734723476E-18,-4.733803570E-01,-1.387778781E-17, 2.154478331E-24
       410, 0.000000000E+00,-4.720636010E-01,-1.387778781E-17, 2.693016514E-24
       411, 0.000000000E+00,-4.707468152E-01,-1.387778781E-17, 2.962033465E-24
       412, 0.000000000E+00,-4.694300294E-01,-6.938893904E-18, 1.884734050E-24
       413, 0.000000000E+00,-4.681132734E-01,-6.938893904E-18, 2.423126885E-24
       414, 0.000000000E+00,-4.667964876E-01,-2.081668171E-17, 4.576866842E-24
       415, 0.000000000E+00,-4.654797018E-01,-1.387778781E-17, 4.845780848E-24
       416, 0.000000000E+00,-4.641629457E-01,-1.387778781E-17, 4.306671333E-24
       417, 0.000000000E+00,-4.628461599E-01,-1.387778781E-17, 4.306015395E-24
       418, 0.000000000E+00,-4.615294039E-01,-1.387778781E-17, 4.574814226E-24
       419, 5.204170428E-18,-4.602126181E-01,-1.734723476E-17, 5.651131312E-24
       420, 0.000000000E+00,-4.588958323E-01,-2.428612866E-17, 7.265436547E-24
       421, 0.000000000E+00,-4.575790763E-01,-2.775557562E-17, 8.071798332E-24
       422, 0.000000000E+00,-4.562622905E-01,-2.081668171E-17, 7.801854863E-24
       423, 0.000000000E+00,-4.549455345E-01,-2.428612866E-17, 6.725465202E-24
       424, 0.000000000E+00,-4.536287487E-01,-1.387778781E-17, 5.111213610E-24
       425, 0.000000000E+00,-4.523119628E-01,-1.387778781E-17, 5.110775003E-24
       426, 0.000000000E+00,-4.509952068E-01,-2.428612866E-17, 6.454754566E-24
       427, 0.000000000E+00,-4.496784210E-01,-2.081668171E-17, 7.260519577E-24
       428, 0.000000000E+00,-4.483616650E-01,-2.775557562E-17, 7.528824582E-24
       429, 0.000000000E+00,-4.470448792E-01,-2.428612866E-17, 6.721779644E-24
       430, 0.000000000E+00,-4.457280934E-01,-1.734723476E-17, 5.914589161E-24
       431, 0.000000000E+00,-4.444113374E-01,-2.081668171E-17, 6.451168404E-24
       432, 0.000000000E+00,-4.430945516E-01,-2.428612866E-17, 7.525130346E-24
       433, 0.000000000E+00,-4.417777658E-01,-2.775557562E-17, 7.793155305E-24
       434, 1.734723476E-18,-4.404610097E-01,-2.081668171E-17, 7.255092214E-24
       435, 0.000000000E+00,-4.391442239E-01,-2.428612866E-17, 6.985418536E-24
       436, 1.734723476E-18,-4.378274679E-01,-2.081668171E-17, 7.252458996E-24
       437, 0.000000000E+00,-4.365106821E-01,-2.428612866E-17, 7.519382706E-24
       438, 0.000000000E+00,-4.351938963E-01,-2.081668171E-17, 7.518244379E-24
       439, 0.000000000E+00,-4.338771403E-01,-2.775557562E-17, 7.517239370E-24
       440, 0.000000000E+00,-4.325603545E-01,-2.081668171E-17, 6.173914167E-24
       441, 0.000000000E+00,-4.312435985E-01,-1.387778781E-17, 4.293849188E-24
       442, 0.000000000E+00,-4.299268126E-01,-1.387778781E-17, 3.756128068E-24
       443, 0.000000000E+00,-4.286100268E-01,-1.387778781E-17, 4.023716787E-24
       444, 0.000000000E+00,-4.272932708E-01,-1.387778781E-17, 4.291334299E-24
       445, 0.000000000E+00,-4.259764850E-01,-1.387778781E-17, 3.217977414E-24
       446, 1.734723476E-18,-4.246596992E-01,-6.938893904E-18, 1.608581359E-24
       447,-1.734723476E-18,-4.233429432E-01,-6.938893904E-18, 1.072025683E-24
       448, 1.734723476E-18,-4.220261574E-01,-6.938893904E-18, 1.071768711E-24
       449, 0.000000000E+00,-4.207094014E-01,-6.938893904E-18, 2.142935521E-24
       450, 0.000000000E+00,-4.193926156E-01,-1.387778781E-17, 4.284830141E-24
       451, 0.000000000E+00,-4.180758297E-01,-1.387778781E-17, 5.622100442E-24
       452, 0.000000000E+00,-4.167590737E-01,-1.387778781E-17, 5.352612935E-24
       453, 0.000000000E+00,-4.154422879E-01,-2.081668171E-17, 2.943279283E-24
       454, 0.000000000E+00,-4.141255319E-01,-6.938893904E-18, 2.675837145E-25
       455, 0.000000000E+00,-4.128087461E-01,-6.938893904E-18, 2.672847855E-25
       456, 1.734723476E-18,-4.114919603E-01,-1.387778781E-17, 1.336534195E-24
       457, 0.000000000E+00,-4.101752043E-01,-1.387778781E-17, 1.336166882E-24
       458, 0.000000000E+00,-4.088584185E-01,-1.040834086E-17, 5.343690524E-25
       459, 0.000000000E+00,-4.075416327E-01,-6.938893904E-18,-5.341007904E-25
       460, 1.734723476E-18,-4.062248766E-01,-6.938893904E-18,-2.671367015E-25
       461, 1.734723476E-18,-4.049080908E-01,-1.387778781E-17, 1.067506594E-24
       462, 1.734723476E-18,-4.035913348E-01,-1.387778781E-17, 1.600820151E-24
       463, 0.000000000E+00,-4.022745490E-01,-1.387778781E-17, 1.600302461E-24
       464, 0.000000000E+00,-4.009577632E-01,-1.387778781E-17, 1.599842851E-24
       465, 0.000000000E+00,-3.996410072E-01,-1.040834086E-17, 1.599323287E-24
       466, 0.000000000E+00,-3.983242214E-01,-6.938893904E-18, 1.332309747E-24
       467, 0.000000000E+00,-3.970074654E-01,-6.938893904E-18, 1.597979956E-24
       468, 0.000000000E+00,-3.956906796E-01,-6.938893904E-18, 1.863846986E-24
       469, 0.000000000E+00,-3.943738937E-01,-1.040834086E-17, 1.064794984E-24
       470, 0.000000000E+00,-3.930571377E-01,-6.938893904E-18, 7.982361226E-25
       471, 0.000000000E+00,-3.917403519E-01,-6.938893904E-18, 7.980255461E-25
       472, 0.000000000E+00,-3.904235661E-01,-6.938893904E-18, 5.317712841E-25
       473, 0.000000000E+00,-3.891068101E-01,-6.938893904E-18, 7.973461889E-25
       474, 0.000000000E+00,-3.877900243E-01,-6.938893904E-18, 1.328512762E-24
       475, 0.000000000E+00,-3.864732683E-01,-1.040834086E-17, 1.859250688E-24
       476, 0.000000000E+00,-3.851564825E-01,-6.938893904E-18, 2.123978011E-24
       477, 0.000000000E+00,-3.838396966E-01,-6.938893904E-18, 1.857721086E-24
       478, 0.000000000E+00,-3.825229406E-01,-6.938893904E-18, 1.591676365E-24
       479, 0.000000000E+00,-3.812061548E-01,-6.938893904E-18, 1.591083339E-24
       480, 0.000000000E+00,-3.798893988E-01,-6.938893904E-18, 1.590413202E-24
       481, 0.000000000E+00,-3.785726130E-01,-6.938893904E-18, 1.059879197E-24
       482, 0.000000000E+00,-3.772558272E-01, 0.000000000E+00,-2.646126178E-25
       483, 0.000000000E+00,-3.759390712E-01, 0.000000000E+00,-1.058707640E-24
       484, 0.000000000E+00,-3.746222854E-01, 0.000000000E+00,-7.937436584E-25
       485, 0.000000000E+00,-3.733055294E-01, 0.000000000E+00,-2.645033359E-25
       486, 0.000000000E+00,-3.719887435E-01, 0.000000000E+00,-5.284236050E-25
       487, 0.000000000E+00,-3.706719577E-01, 0.000000000E+00,-1.056568643E-24
       488, 0.000000000E+00,-3.693552017E-01, 0.000000000E+00,-5.281515959E-25
       489, 0.000000000E+00,-3.680384159E-01, 0.000000000E+00,-2.638198126E-25
       490, 0.000000000E+00,-3.667216301E-01, 0.000000000E+00,-5.275014266E-25
       491, 0.000000000E+00,-3.654048741E-01, 0.000000000E+00,-2.636789269E-25
       492, 0.000000000E+00,-3.640880883E-01, 0.000000000E+00,-7.901336830E-25
       493, 0.000000000E+00,-3.627713323E-01, 0.000000000E+00,-2.106389962E-24
       494, 0.000000000E+00,-3.614545465E-01, 0.000000000E+00,-2.368709090E-24
       495, 0.000000000E+00,-3.601377606E-01, 0.000000000E+00,-2.104320386E-24
       496, 0.000000000E+00,-3.588210046E-01, 0.000000000E+00,-1.577447681E-24
       497, 0.000000000E+00,-3.575042188E-01, 0.000000000E+00,-7.882364232E-25
       498, 0.000000000E+00,-3.561874628E-01, 0.000000000E+00,-5.251439650E-25
       499, 0.000000000E+00,-3.548706770E-01, 0.000000000E+00,-5.248575592E-25
       500, 0.000000000E+00,-3.535538912E-01, 0.000000000E+00,-7.867524772E-25
       501, 0.000000000E+00,-3.522371352E-01, 0.000000000E+00,-1.310468555E-24
       502, 0.000000000E+00,-3.509203494E-01, 0.000000000E+00,-2.095391664E-24
       503, 0.000000000E+00,-3.496035635E-01, 0.000000000E+00,-2.356196179E-24
       504, 0.000000000E+00,-3.482868075E-01, 0.000000000E+00,-1.308437435E-24
       505, 0.000000000E+00,-3.469700217E-01, 0.000000000E+00,-5.229684346E-25
       506, 0.000000000E+00,-3.456532657E-01, 0.000000000E+00,-1.045040625E-24
       507, 0.000000000E+00,-3.443364799E-01, 0.000000000E+00,-1.566774985E-24
       508, 0.000000000E+00,-3.430196941E-01, 0.000000000E+00,-1.565793839E-24
       509, 0.000000000E+00,-3.417029381E-01, 0.000000000E+00,-1.043381946E-24
       510, 0.000000000E+00,-3.403861523E-01,-3.469446952E-18, 2.603599179E-25
       511, 0.000000000E+00,-3.390693963E-01,-3.469446952E-18, 5.210928192E-25
       512, 0.000000000E+00,-3.377526104E-01, 0.000000000E+00,-5.202947878E-25
       513, 0.000000000E+00,-3.364358246E-01, 0.000000000E+00,-7.802646879E-25
       514, 0.000000000E+00,-3.351190686E-01, 0.000000000E+00,-2.599699002E-25
       515, 0.000000000E+00,-3.338022828E-01, 0.000000000E+00, 0.000000000E+00
       516, 0.000000000E+00,-3.324854970E-01, 0.000000000E+00, 0.000000000E+00
       517, 0.000000000E+00,-3.311687410E-01, 0.000000000E+00,-2.591676040E-25
       518, 0.000000000E+00,-3.298519552E-01, 0.000000000E+00,-7.771237396E-25
       519, 0.000000000E+00,-3.285351992E-01, 0.000000000E+00,-7.767607157E-25
       520, 0.000000000E+00,-3.272184134E-01, 0.000000000E+00,-5.174029223E-25
       521, 0.000000000E+00,-3.259016275E-01, 0.000000000E+00,-7.754061922E-25
       522, 0.000000000E+00,-3.245848715E-01, 0.000000000E+00,-1.549623177E-24
       523, 0.000000000E+00,-3.232680857E-01, 0.000000000E+00,-2.064927433E-24
       524, 0.000000000E+00,-3.219513297E-01, 0.000000000E+00,-1.289955805E-24
       525, 0.000000000E+00,-3.206345439E-01, 0.000000000E+00,-1.030787387E-24
       526, 0.000000000E+00,-3.193177581E-01, 0.000000000E+00,-2.317586762E-24
       527, 0.000000000E+00,-3.180010021E-01, 0.000000000E+00,-2.830823020E-24
       528, 0.000000000E+00,-3.166842163E-01, 0.000000000E+00,-2.828534731E-24
       529, 0.000000000E+00,-3.153674603E-01, 3.469446952E-18,-3.340442547E-24
       530, 0.000000000E+00,-3.140506744E-01, 0.000000000E+00,-2.824761412E-24
       531, 0.000000000E+00,-3.127338886E-01, 0.000000000E+00,-1.539591824E-24
       532, 0.000000000E+00,-3.114171326E-01, 0.000000000E+00,-1.281677301E-24
       533, 0.000000000E+00,-3.101003468E-01, 0.000000000E+00,-1.280916839E-24
       534, 0.000000000E+00,-3.087835610E-01, 0.000000000E+00,-5.121495524E-25
       535, 0.000000000E+00,-3.074668050E-01,-3.469446952E-18, 2.556798527E-25
       536, 0.000000000E+00,-3.061500192E-01, 0.000000000E+00, 7.665996449E-25
       537, 0.000000000E+00,-3.048332632E-01, 0.000000000E+00, 7.661882539E-25
       538, 0.000000000E+00,-3.035164773E-01, 0.000000000E+00, 2.552627179E-25
       539, 0.000000000E+00,-3.021996915E-01, 0.000000000E+00, 0.000000000E+00
       540, 0.000000000E+00,-3.008829355E-01, 0.000000000E+00, 0.000000000E+00
       541, 0.000000000E+00,-2.995661497E-01, 0.000000000E+00,-2.544759770E-25
       542, 0.000000000E+00,-2.982493937E-01, 0.000000000E+00,-5.087518299E-25
       543, 0.000000000E+00,-2.969326079E-01, 0.000000000E+00,-1.888582311E-28
       544, 0.000000000E+00,-2.956158221E-01, 0.000000000E+00, 5.079774150E-25
       545, 0.000000000E+00,-2.942990661E-01, 0.000000000E+00, 2.538961889E-25
       546, 0.000000000E+00,-2.929822803E-01, 0.000000000E+00, 5.069152138E-25
       547, 0.000000000E+00,-2.916654944E-01,-3.469446952E-18, 2.536671974E-25
       548, 0.000000000E+00,-2.903487384E-01, 0.000000000E+00,-1.265433275E-24
       549, 0.000000000E+00,-2.890319526E-01, 0.000000000E+00,-1.517873103E-24
       550, 0.000000000E+00,-2.877151966E-01, 0.000000000E+00,-1.263545333E-24
       551, 0.000000000E+00,-2.863984108E-01, 0.000000000E+00,-1.767392765E-24
       552, 0.000000000E+00,-2.850816250E-01, 0.000000000E+00,-2.522523951E-24
       553, 0.000000000E+00,-2.837648690E-01, 0.000000000E+00,-3.024704520E-24
       554, 0.000000000E+00,-2.824480832E-01, 0.000000000E+00,-2.770434534E-24
       555, 0.000000000E+00,-2.811313272E-01, 0.000000000E+00,-2.516282089E-24
       556, 0.000000000E+00,-2.798145413E-01, 0.000000000E+00,-1.760107832E-24
       557, 0.000000000E+00,-2.784977555E-01, 0.000000000E+00,-2.514935158E-25
       558, 0.000000000E+00,-2.771809995E-01,-3.469446952E-18, 7.527085932E-25
       559, 0.000000000E+00,-2.758642137E-01,-3.469446952E-18, 5.016632244E-25
       560, 0.000000000E+00,-2.745474279E-01, 0.000000000E+00,-5.007624438E-25
       561, 0.000000000E+00,-2.732306719E-01, 0.000000000E+00,-1.001026032E-24
       562, 0.000000000E+00,-2.719138861E-01, 0.000000000E+00,-7.501687569E-25
       563, 0.000000000E+00,-2.705971301E-01, 0.000000000E+00,-4.995877806E-25
       564, 0.000000000E+00,-2.692803442E-01, 0.000000000E+00,-1.247530273E-24
       565, 0.000000000E+00,-2.679635584E-01, 0.000000000E+00,-2.243987815E-24
       566, 0.000000000E+00,-2.666468024E-01, 0.000000000E+00,-1.993059444E-24
       567, 0.000000000E+00,-2.653300166E-01, 0.000000000E+00,-1.244408751E-24
       568, 0.000000000E+00,-2.640132606E-01, 0.000000000E+00,-4.974859101E-25
       569, 0.000000000E+00,-2.626964748E-01, 0.000000000E+00, 2.482933783E-25
       570, 0.000000000E+00,-2.613796890E-01, 0.000000000E+00, 2.482910363E-25
       571, 0.000000000E+00,-2.600629330E-01,-3.469446952E-18, 2.478039147E-25
       572, 0.000000000E+00,-2.587461472E-01,-3.469446952E-18, 2.478021151E-25
       573, 0.000000000E+00,-2.574293613E-01,-3.469446952E-18, 0.000000000E+00
       574, 0.000000000E+00,-2.561126053E-01, 0.000000000E+00, 0.000000000E+00
       575, 0.000000000E+00,-2.547958195E-01, 0.000000000E+00,-2.468716537E-25
       576, 0.000000000E+00,-2.534790635E-01, 0.000000000E+00,-2.468764608E-25
       577, 0.000000000E+00,-2.521622777E-01, 0.000000000E+00,-2.463734880E-25
       578, 0.000000000E+00,-2.508454919E-01, 0.000000000E+00,-4.925248131E-25
       579, 0.000000000E+00,-2.495287359E-01, 0.000000000E+00,-2.461487859E-25
       580, 0.000000000E+00,-2.482119501E-01, 0.000000000E+00, 0.000000000E+00
       581, 0.000000000E+00,-2.468951792E-01, 0.000000000E+00,-2.454062460E-25
       582, 0.000000000E+00,-2.455784082E-01, 0.000000000E+00,-9.808840463E-25
       583, 0.000000000E+00,-2.442616373E-01, 3.469446952E-18,-1.470248387E-24
       584, 0.000000000E+00,-2.429448515E-01, 3.469446952E-18,-9.794565038E-25
       585, 0.000000000E+00,-2.416280806E-01, 0.000000000E+00,-2.446859913E-25
       586, 0.000000000E+00,-2.403113097E-01, 0.000000000E+00,-2.441727633E-25
       587, 0.000000000E+00,-2.389945388E-01, 0.000000000E+00,-9.759604695E-25
       588, 0.000000000E+00,-2.376777679E-01, 0.000000000E+00,-1.706588156E-24
       589, 0.000000000E+00,-2.363609821E-01, 0.000000000E+00,-1.705196802E-24
       590, 0.000000000E+00,-2.350442111E-01, 0.000000000E+00,-9.736117348E-25
       591, 0.000000000E+00,-2.337274402E-01, 0.000000000E+00,-2.432153574E-25
       592, 0.000000000E+00,-2.324106693E-01, 0.000000000E+00, 0.000000000E+00
       593, 0.000000000E+00,-2.310938835E-01, 0.000000000E+00,-2.424973953E-25
       594, 0.000000000E+00,-2.297771126E-01, 0.000000000E+00,-7.270298889E-25
       595, 0.000000000E+00,-2.284603417E-01, 0.000000000E+00,-7.265550439E-25
       596, 0.000000000E+00,-2.271435708E-01, 0.000000000E+00,-2.592887188E-28
       597, 0.000000000E+00,-2.258267999E-01, 0.000000000E+00, 2.417676250E-25
       598, 0.000000000E+00,-2.245100141E-01, 3.469446952E-18,-2.412964532E-25
       599, 0.000000000E+00,-2.231932431E-01, 0.000000000E+00,-2.412958616E-25
       600, 0.000000000E+00,-2.218764722E-01,-3.469446952E-18,-4.815990403E-25
       601, 0.000000000E+00,-2.205597013E-01, 0.000000000E+00,-1.203205165E-24
       602, 0.000000000E+00,-2.192429155E-01, 0.000000000E+00,-9.618845286E-25
       603, 0.000000000E+00,-2.179261446E-01, 0.000000000E+00,-2.402808195E-25
       604, 0.000000000E+00,-2.166093737E-01, 0.000000000E+00, 2.397987268E-25
       605, 0.000000000E+00,-2.152926028E-01, 0.000000000E+00, 2.397995896E-25
       606, 0.000000000E+00,-2.139758170E-01, 0.000000000E+00,-4.785268215E-25
       607, 0.000000000E+00,-2.126590461E-01, 0.000000000E+00,-9.565313185E-25
       608, 0.000000000E+00,-2.113422751E-01, 0.000000000E+00,-7.167564054E-25
       609, 0.000000000E+00,-2.100255042E-01, 0.000000000E+00,-2.595352378E-28
       610, 0.000000000E+00,-2.087087333E-01, 0.000000000E+00, 4.767175197E-25
       611, 0.000000000E+00,-2.073919475E-01, 0.000000000E+00, 2.793060643E-28
       612, 0.000000000E+00,-2.060751766E-01, 0.000000000E+00,-7.132831987E-25
       613, 0.000000000E+00,-2.047584057E-01, 0.000000000E+00,-7.127493864E-25
       614, 0.000000000E+00,-2.034416348E-01, 0.000000000E+00,-2.374109188E-25
       615, 0.000000000E+00,-2.021248490E-01, 0.000000000E+00, 0.000000000E+00
       616, 0.000000000E+00,-2.008080781E-01, 0.000000000E+00, 0.000000000E+00
       617, 0.000000000E+00,-1.994913071E-01, 0.000000000E+00,-2.363038018E-25
       618, 0.000000000E+00,-1.981745362E-01, 0.000000000E+00,-4.723447651E-25
       619, 0.000000000E+00,-1.968577653E-01, 0.000000000E+00,-2.360411605E-25
       620, 0.000000000E+00,-1.955409795E-01, 0.000000000E+00,-2.354972902E-25
       621, 0.000000000E+00,-1.942242086E-01, 0.000000000E+00,-4.707059066E-25
       622, 0.000000000E+00,-1.929074377E-01, 0.000000000E+00,-2.352115253E-25
       623, 0.000000000E+00,-1.915906668E-01, 0.000000000E+00,-2.346870561E-25
       624, 0.000000000E+00,-1.902738810E-01, 0.000000000E+00,-9.379992995E-25
       625, 0.000000000E+00,-1.889571100E-01, 0.000000000E+00,-1.171661773E-24
       626, 0.000000000E+00,-1.876403391E-01, 0.000000000E+00,-4.683524387E-25
       627, 0.000000000E+00,-1.863235682E-01, 0.000000000E+00, 2.336509859E-25
       628, 0.000000000E+00,-1.850067824E-01, 0.000000000E+00, 4.670642288E-25
       629, 0.000000000E+00,-1.836900115E-01, 0.000000000E+00, 2.334108024E-25
       630, 0.000000000E+00,-1.823732406E-01, 0.000000000E+00, 0.000000000E+00
       631, 0.000000000E+00,-1.810564697E-01, 0.000000000E+00, 0.000000000E+00
       632, 0.000000000E+00,-1.797396988E-01, 0.000000000E+00, 0.000000000E+00
       633, 0.000000000E+00,-1.784229130E-01, 0.000000000E+00, 2.321545661E-25
       634, 0.000000000E+00,-1.771061420E-01, 0.000000000E+00, 6.959640534E-25
       635, 0.000000000E+00,-1.757893711E-01, 0.000000000E+00, 6.954545478E-25
       636, 0.000000000E+00,-1.744726002E-01, 0.000000000E+00, 2.773339120E-28
       637, 0.000000000E+00,-1.731558144E-01, 0.000000000E+00,-4.624734528E-25
       638, 0.000000000E+00,-1.718390435E-01, 0.000000000E+00,-2.311058741E-25
       639, 0.000000000E+00,-1.705222726E-01, 0.000000000E+00, 0.000000000E+00
       640, 0.000000000E+00,-1.692055017E-01, 0.000000000E+00, 0.000000000E+00
       641, 0.000000000E+00,-1.678887308E-01, 0.000000000E+00,-2.300920892E-25
       642, 0.000000000E+00,-1.665719450E-01, 0.000000000E+00,-4.599285875E-25
       643, 0.000000000E+00,-1.652551740E-01, 0.000000000E+00,-2.298367448E-25
       644, 0.000000000E+00,-1.639384031E-01, 0.000000000E+00, 0.000000000E+00
       645, 0.000000000E+00,-1.626216322E-01, 0.000000000E+00, 0.000000000E+00
       646, 0.000000000E+00,-1.613048464E-01, 0.000000000E+00, 0.000000000E+00
       647, 0.000000000E+00,-1.599880755E-01, 0.000000000E+00, 0.000000000E+00
       648, 0.000000000E+00,-1.586713046E-01, 0.000000000E+00,-2.282802976E-25
       649, 0.000000000E+00,-1.573545337E-01, 0.000000000E+00,-6.843334826E-25
       650, 0.000000000E+00,-1.560377479E-01, 0.000000000E+00,-9.115761076E-25
       651, 0.000000000E+00,-1.547209769E-01, 0.000000000E+00,-6.830040548E-25
       652, 0.000000000E+00,-1.534042060E-01, 0.000000000E+00,-2.274839425E-25
       653, 0.000000000E+00,-1.520874351E-01, 0.000000000E+00, 0.000000000E+00
       654, 0.000000000E+00,-1.507706642E-01, 0.000000000E+00,-2.267158385E-25
       655, 0.000000000E+00,-1.494538784E-01, 0.000000000E+00,-4.531664718E-25
       656, 0.000000000E+00,-1.481371075E-01, 0.000000000E+00,-2.264508798E-25
       657, 0.000000000E+00,-1.468203366E-01, 0.000000000E+00, 0.000000000E+00
       658, 0.000000000E+00,-1.455035657E-01, 0.000000000E+00, 0.000000000E+00
       659, 0.000000000E+00,-1.441867799E-01, 0.000000000E+00,-2.254106928E-25
       660, 0.000000000E+00,-1.428700089E-01, 0.000000000E+00,-9.008519381E-25
       661, 0.000000000E+00,-1.415532380E-01, 0.000000000E+00,-1.350050538E-24
       662, 0.000000000E+00,-1.402364671E-01, 0.000000000E+00,-8.992237292E-25
       663, 0.000000000E+00,-1.389196962E-01, 0.000000000E+00,-2.246092594E-25
       664, 0.000000000E+00,-1.376029104E-01, 0.000000000E+00, 0.000000000E+00
       665, 0.000000000E+00,-1.362861395E-01, 0.000000000E+00, 0.000000000E+00
       666, 0.000000000E+00,-1.349693686E-01, 0.000000000E+00,-2.235658183E-25
       667, 0.000000000E+00,-1.336525977E-01, 0.000000000E+00,-4.468722493E-25
       668, 0.000000000E+00,-1.323358119E-01, 0.000000000E+00,-2.486637485E-28
       669, 0.000000000E+00,-1.310190409E-01, 0.000000000E+00, 4.458561964E-25
       670, 0.000000000E+00,-1.297022700E-01, 0.000000000E+00, 2.228009683E-25
       671, 0.000000000E+00,-1.283854991E-01, 0.000000000E+00,-2.222587251E-25
       672, 0.000000000E+00,-1.270687133E-01, 0.000000000E+00,-8.882563932E-25
       673, 0.000000000E+00,-1.257519424E-01, 0.000000000E+00,-1.331235910E-24
       674, 0.000000000E+00,-1.244351715E-01, 0.000000000E+00,-8.867287641E-25
       675, 0.000000000E+00,-1.231184006E-01, 0.000000000E+00,-2.214918537E-25
       676, 0.000000000E+00,-1.218016222E-01, 0.000000000E+00, 0.000000000E+00
       677, 0.000000000E+00,-1.204848513E-01, 0.000000000E+00,-2.206783162E-25
       678, 0.000000000E+00,-1.191680729E-01, 0.000000000E+00,-6.615234709E-25
       679, 0.000000000E+00,-1.178513020E-01, 0.000000000E+00,-6.610076545E-25
       680, 0.000000000E+00,-1.165345237E-01, 0.000000000E+00,-2.718118857E-28
       681, 0.000000000E+00,-1.152177528E-01, 0.000000000E+00, 4.394927513E-25
       682, 0.000000000E+00,-1.139009744E-01, 0.000000000E+00, 2.196022360E-25
       683, 0.000000000E+00,-1.125842035E-01, 0.000000000E+00, 0.000000000E+00
       684, 0.000000000E+00,-1.112674251E-01, 0.000000000E+00,-2.188026761E-25
       685, 0.000000000E+00,-1.099506542E-01, 0.000000000E+00,-4.373270323E-25
       686, 0.000000000E+00,-1.086338833E-01, 0.000000000E+00,-2.185245534E-25
       687, 0.000000000E+00,-1.073171049E-01, 0.000000000E+00, 0.000000000E+00
       688, 0.000000000E+00,-1.060003340E-01, 0.000000000E+00, 0.000000000E+00
       689, 0.000000000E+00,-1.046835557E-01, 0.000000000E+00, 0.000000000E+00
       690, 0.000000000E+00,-1.033667848E-01, 0.000000000E+00, 0.000000000E+00
       691, 0.000000000E+00,-1.020500064E-01, 0.000000000E+00, 0.000000000E+00
       692, 0.000000000E+00,-1.007332355E-01, 0.000000000E+00, 0.000000000E+00
       693, 0.000000000E+00,-9.941645712E-02, 0.000000000E+00, 0.000000000E+00
       694, 0.000000000E+00,-9.809968621E-02, 0.000000000E+00, 0.000000000E+00
       695, 0.000000000E+00,-9.678290784E-02, 0.000000000E+00, 0.000000000E+00
       696, 0.000000000E+00,-9.546613693E-02, 0.000000000E+00,-2.155406870E-25
       697, 0.000000000E+00,-9.414936602E-02, 0.000000000E+00,-6.461004514E-25
       698, 0.000000000E+00,-9.283258766E-02, 0.000000000E+00,-4.305603314E-25
       699, 0.000000000E+00,-9.151581675E-02,-3.469446952E-18, 2.147791897E-25
       700, 0.000000000E+00,-9.019903839E-02, 0.000000000E+00, 2.147799786E-25
       701, 0.000000000E+00,-8.888226748E-02, 0.000000000E+00, 2.142453527E-25
       702, 0.000000000E+00,-8.756548911E-02, 0.000000000E+00, 2.142465607E-25
       703, 0.000000000E+00,-8.624871820E-02, 0.000000000E+00, 0.000000000E+00
       704, 0.000000000E+00,-8.493193984E-02, 0.000000000E+00, 2.134766817E-25
       705, 0.000000000E+00,-8.361516893E-02, 0.000000000E+00, 4.266852987E-25
       706, 0.000000000E+00,-8.229839057E-02, 0.000000000E+00, 4.261400972E-25
       707, 0.000000000E+00,-8.098161966E-02, 0.000000000E+00, 2.129311844E-25
       708, 0.000000000E+00,-7.966484874E-02, 0.000000000E+00, 0.000000000E+00
       709, 0.000000000E+00,-7.834807038E-02, 0.000000000E+00, 0.000000000E+00
       710, 0.000000000E+00,-7.703129947E-02, 0.000000000E+00,-2.118944486E-25
       711, 0.000000000E+00,-7.571452111E-02, 0.000000000E+00,-6.351355806E-25
       712, 0.000000000E+00,-7.439775020E-02, 0.000000000E+00,-1.057312539E-24
       713, 0.000000000E+00,-7.308097184E-02, 0.000000000E+00,-1.056288302E-24
       714, 0.000000000E+00,-7.176420093E-02, 0.000000000E+00,-8.439256644E-25
       715, 0.000000000E+00,-7.044742256E-02, 0.000000000E+00,-1.264075842E-24
       716, 0.000000000E+00,-6.913065165E-02, 0.000000000E+00,-1.263000230E-24
       717, 0.000000000E+00,-6.781387329E-02, 0.000000000E+00,-4.206352286E-25
       718, 0.000000000E+00,-6.649710238E-02, 0.000000000E+00, 2.098035975E-25
       719, 0.000000000E+00,-6.518033147E-02, 0.000000000E+00, 2.556155852E-28
       720, 0.000000000E+00,-6.386355311E-02, 0.000000000E+00,-4.188317446E-25
       721, 0.000000000E+00,-6.254678220E-02, 0.000000000E+00,-2.741291646E-28
       722, 0.000000000E+00,-6.123000383E-02, 0.000000000E+00, 2.090087461E-25
       723, 0.000000000E+00,-5.991322920E-02, 0.000000000E+00,-2.084945074E-25
       724, 0.000000000E+00,-5.859645829E-02, 0.000000000E+00,-4.167361850E-25
       725, 0.000000000E+00,-5.727968365E-02, 0.000000000E+00,-2.082418747E-25
       726, 0.000000000E+00,-5.596290901E-02, 0.000000000E+00, 0.000000000E+00
       727, 0.000000000E+00,-5.464613438E-02, 0.000000000E+00, 0.000000000E+00
       728, 0.000000000E+00,-5.332935974E-02, 0.000000000E+00, 0.000000000E+00
       729, 0.000000000E+00,-5.201258510E-02, 0.000000000E+00, 0.000000000E+00
       730, 0.000000000E+00,-5.069581047E-02, 0.000000000E+00,-2.066617740E-25
       731, 0.000000000E+00,-4.937903583E-02, 0.000000000E+00,-4.130434285E-25
       732, 0.000000000E+00,-4.806226119E-02, 0.000000000E+00,-2.063818886E-25
       733, 0.000000000E+00,-4.674548656E-02, 0.000000000E+00,-2.058635207E-25
       734, 0.000000000E+00,-4.542871192E-02, 0.000000000E+00,-4.114715738E-25
       735, 0.000000000E+00,-4.411193728E-02, 0.000000000E+00,-2.631713936E-28
       736, 0.000000000E+00,-4.279516637E-02, 0.000000000E+00, 6.154932399E-25
       737, 0.000000000E+00,-4.147839174E-02, 0.000000000E+00, 8.197766106E-25
       738, 0.000000000E+00,-4.016161710E-02, 0.000000000E+00, 8.187572544E-25
       739, 0.000000000E+00,-3.884484246E-02, 0.000000000E+00, 8.177544150E-25
       740, 0.000000000E+00,-3.752806783E-02, 0.000000000E+00, 8.167253459E-25
       741, 0.000000000E+00,-3.621129319E-02, 0.000000000E+00, 8.156571790E-25
       742, 0.000000000E+00,-3.489451855E-02, 0.000000000E+00, 6.110760133E-25
       743, 0.000000000E+00,-3.357774392E-02, 0.000000000E+00, 2.035187303E-25
       744, 0.000000000E+00,-3.226096928E-02, 0.000000000E+00, 0.000000000E+00
       745, 0.000000000E+00,-3.094419651E-02, 0.000000000E+00, 0.000000000E+00
       746, 0.000000000E+00,-2.962742187E-02, 0.000000000E+00, 0.000000000E+00
       747, 0.000000000E+00,-2.831064723E-02, 0.000000000E+00, 0.000000000E+00
       748, 0.000000000E+00,-2.699387260E-02, 0.000000000E+00, 0.000000000E+00
       749, 0.000000000E+00,-2.567709982E-02, 0.000000000E+00, 0.000000000E+00
       750, 0.000000000E+00,-2.436032519E-02, 0.000000000E+00, 0.000000000E+00
       751, 0.000000000E+00,-2.304355055E-02, 0.000000000E+00, 0.000000000E+00
       752, 0.000000000E+00,-2.172677591E-02, 0.000000000E+00,-2.009043343E-25
       753, 0.000000000E+00,-2.041000128E-02, 0.000000000E+00,-6.022025114E-25
       754, 0.000000000E+00,-1.909322664E-02, 0.000000000E+00,-8.020777273E-25
       755, 0.000000000E+00,-1.777645387E-02, 0.000000000E+00,-1.001134697E-24
       756, 0.000000000E+00,-1.645967923E-02, 0.000000000E+00,-1.599532237E-24
       757, 0.000000000E+00,-1.514290459E-02, 0.000000000E+00,-2.196550058E-24
       758, 0.000000000E+00,-1.382612996E-02, 0.000000000E+00,-2.393178372E-24
       759, 0.000000000E+00,-1.250935625E-02, 0.000000000E+00,-2.390031212E-24
       760, 0.000000000E+00,-1.119258162E-02, 0.000000000E+00,-2.188050082E-24
       761, 0.000000000E+00,-9.875806980E-03, 0.000000000E+00,-1.787750307E-24
       762, 0.000000000E+00,-8.559033275E-03, 0.000000000E+00,-1.388552374E-24
       763, 0.000000000E+00,-7.242258638E-03, 0.000000000E+00,-1.188467173E-24
       764, 0.000000000E+00,-5.925484467E-03, 0.000000000E+00,-1.384572373E-24
       765, 0.000000000E+00,-4.608709831E-03, 0.000000000E+00,-1.580361339E-24
       766, 0.000000000E+00,-3.291935660E-03, 0.000000000E+00,-1.578108451E-24
       767, 0.000000000E+00,-1.975161489E-03, 0.000000000E+00,-1.575830023E-24
       768, 0.000000000E+00,-6.583871436E-04, 0.000000000E+00,-1.573609084E-24
       769, 0.000000000E+00,-1.950911654E-12, 0.000000000E+00,-1.474365748E-24
