(title "Turbulent Kinetic Energy (k) vs. Y-Coordinate")
(labels "Y-Coordinate" "Turbulent Kinetic Energy (k)")

((xy/key/label "line")
-1	1.96859e-06
-0.999807	1.2395e-05
-0.999585	7.67431e-05
-0.99933	0.000296554
-0.999037	0.000803184
-0.9987	0.00159515
-0.998312	0.00246581
-0.997866	0.00321565
-0.997353	0.00379449
-0.996763	0.00422437
-0.996085	0.004539
-0.995305	0.0047713
-0.994408	0.00494601
-0.993376	0.00507857
-0.992189	0.00517881
-0.990873	0.00525288
-0.989556	0.00530442
-0.988239	0.00534199
-0.986922	0.00537004
-0.985606	0.00539124
-0.984289	0.00540736
-0.982972	0.00541964
-0.981655	0.00542893
-0.980338	0.00543586
-0.979022	0.00544089
-0.977705	0.00544438
-0.976388	0.0054466
-0.975071	0.00544775
-0.973755	0.00544802
-0.972438	0.00544753
-0.971121	0.00544639
-0.969804	0.0054447
-0.968488	0.00544253
-0.967171	0.00543994
-0.965854	0.00543699
-0.964537	0.00543371
-0.96322	0.00543015
-0.961904	0.00542633
-0.960587	0.00542229
-0.95927	0.00541804
-0.957953	0.00541362
-0.956637	0.00540904
-0.95532	0.00540431
-0.954003	0.00539946
-0.952686	0.00539448
-0.951369	0.00538939
-0.950053	0.0053842
-0.948736	0.00537893
-0.947419	0.00537357
-0.946102	0.00536814
-0.944786	0.00536264
-0.943469	0.00535708
-0.942152	0.00535146
-0.940835	0.00534578
-0.939518	0.00534006
-0.938202	0.00533429
-0.936885	0.00532849
-0.935568	0.00532264
-0.934251	0.00531676
-0.932935	0.00531084
-0.931618	0.0053049
-0.930301	0.00529893
-0.928984	0.00529293
-0.927667	0.00528691
-0.926351	0.00528086
-0.925034	0.0052748
-0.923717	0.00526872
-0.9224	0.00526262
-0.921084	0.0052565
-0.919767	0.00525036
-0.91845	0.00524422
-0.917133	0.00523805
-0.915817	0.00523188
-0.9145	0.00522569
-0.913183	0.00521949
-0.911866	0.00521328
-0.910549	0.00520707
-0.909233	0.00520084
-0.907916	0.00519461
-0.906599	0.00518838
-0.905282	0.00518214
-0.903966	0.00517589
-0.902649	0.00516964
-0.901332	0.00516338
-0.900015	0.00515712
-0.898698	0.00515085
-0.897382	0.00514458
-0.896065	0.00513831
-0.894748	0.00513203
-0.893431	0.00512575
-0.892115	0.00511947
-0.890798	0.00511319
-0.889481	0.0051069
-0.888164	0.00510062
-0.886847	0.00509433
-0.885531	0.00508804
-0.884214	0.00508175
-0.882897	0.00507546
-0.88158	0.00506916
-0.880264	0.00506287
-0.878947	0.00505657
-0.87763	0.00505028
-0.876313	0.00504398
-0.874997	0.00503769
-0.87368	0.00503139
-0.872363	0.0050251
-0.871046	0.0050188
-0.869729	0.0050125
-0.868413	0.00500621
-0.867096	0.00499991
-0.865779	0.00499362
-0.864462	0.00498732
-0.863146	0.00498103
-0.861829	0.00497473
-0.860512	0.00496844
-0.859195	0.00496215
-0.857878	0.00495585
-0.856562	0.00494956
-0.855245	0.00494327
-0.853928	0.00493698
-0.852611	0.0049307
-0.851295	0.00492441
-0.849978	0.00491813
-0.848661	0.00491184
-0.847344	0.00490556
-0.846027	0.00489928
-0.844711	0.004893
-0.843394	0.00488672
-0.842077	0.00488044
-0.84076	0.00487417
-0.839444	0.00486789
-0.838127	0.00486162
-0.83681	0.00485534
-0.835493	0.00484907
-0.834177	0.0048428
-0.83286	0.00483654
-0.831543	0.00483027
-0.830226	0.00482401
-0.828909	0.00481775
-0.827593	0.00481149
-0.826276	0.00480522
-0.824959	0.00479897
-0.823642	0.00479271
-0.822326	0.00478645
-0.821009	0.0047802
-0.819692	0.00477395
-0.818375	0.00476769
-0.817058	0.00476144
-0.815742	0.00475519
-0.814425	0.00474895
-0.813108	0.0047427
-0.811791	0.00473645
-0.810475	0.00473021
-0.809158	0.00472397
-0.807841	0.00471773
-0.806524	0.00471149
-0.805207	0.00470526
-0.803891	0.00469902
-0.802574	0.00469279
-0.801257	0.00468655
-0.79994	0.00468033
-0.798624	0.0046741
-0.797307	0.00466787
-0.79599	0.00466164
-0.794673	0.00465542
-0.793357	0.00464919
-0.79204	0.00464297
-0.790723	0.00463676
-0.789406	0.00463054
-0.788089	0.00462432
-0.786773	0.00461811
-0.785456	0.00461189
-0.784139	0.00460568
-0.782822	0.00459947
-0.781506	0.00459326
-0.780189	0.00458705
-0.778872	0.00458084
-0.777555	0.00457463
-0.776238	0.00456842
-0.774922	0.00456222
-0.773605	0.00455601
-0.772288	0.00454981
-0.770971	0.00454361
-0.769655	0.0045374
-0.768338	0.0045312
-0.767021	0.004525
-0.765704	0.0045188
-0.764387	0.00451261
-0.763071	0.00450641
-0.761754	0.00450022
-0.760437	0.00449403
-0.75912	0.00448784
-0.757804	0.00448165
-0.756487	0.00447546
-0.75517	0.00446927
-0.753853	0.00446308
-0.752537	0.0044569
-0.75122	0.00445072
-0.749903	0.00444453
-0.748586	0.00443835
-0.747269	0.00443217
-0.745953	0.004426
-0.744636	0.00441982
-0.743319	0.00441365
-0.742002	0.00440748
-0.740686	0.0044013
-0.739369	0.00439513
-0.738052	0.00438896
-0.736735	0.0043828
-0.735418	0.00437663
-0.734102	0.00437046
-0.732785	0.0043643
-0.731468	0.00435814
-0.730151	0.00435197
-0.728835	0.00434581
-0.727518	0.00433966
-0.726201	0.0043335
-0.724884	0.00432734
-0.723567	0.00432119
-0.722251	0.00431504
-0.720934	0.00430889
-0.719617	0.00430274
-0.7183	0.00429659
-0.716984	0.00429045
-0.715667	0.0042843
-0.71435	0.00427816
-0.713033	0.00427202
-0.711717	0.00426588
-0.7104	0.00425974
-0.709083	0.0042536
-0.707766	0.00424746
-0.706449	0.00424133
-0.705133	0.00423519
-0.703816	0.00422906
-0.702499	0.00422293
-0.701182	0.0042168
-0.699866	0.00421067
-0.698549	0.00420454
-0.697232	0.00419841
-0.695915	0.00419228
-0.694598	0.00418616
-0.693282	0.00418004
-0.691965	0.00417392
-0.690648	0.0041678
-0.689331	0.00416168
-0.688015	0.00415556
-0.686698	0.00414944
-0.685381	0.00414333
-0.684064	0.00413722
-0.682747	0.0041311
-0.681431	0.00412499
-0.680114	0.00411889
-0.678797	0.00411278
-0.67748	0.00410668
-0.676164	0.00410058
-0.674847	0.00409447
-0.67353	0.00408838
-0.672213	0.00408228
-0.670897	0.00407618
-0.66958	0.00407008
-0.668263	0.00406399
-0.666946	0.00405789
-0.665629	0.0040518
-0.664313	0.00404571
-0.662996	0.00403963
-0.661679	0.00403354
-0.660362	0.00402746
-0.659046	0.00402138
-0.657729	0.0040153
-0.656412	0.00400922
-0.655095	0.00400314
-0.653778	0.00399707
-0.652462	0.00399099
-0.651145	0.00398492
-0.649828	0.00397885
-0.648511	0.00397278
-0.647195	0.00396672
-0.645878	0.00396065
-0.644561	0.00395459
-0.643244	0.00394853
-0.641927	0.00394247
-0.640611	0.00393642
-0.639294	0.00393037
-0.637977	0.00392431
-0.63666	0.00391826
-0.635344	0.00391222
-0.634027	0.00390617
-0.63271	0.00390013
-0.631393	0.00389409
-0.630077	0.00388805
-0.62876	0.00388201
-0.627443	0.00387598
-0.626126	0.00386995
-0.624809	0.00386392
-0.623493	0.00385789
-0.622176	0.00385187
-0.620859	0.00384584
-0.619542	0.00383982
-0.618226	0.0038338
-0.616909	0.00382779
-0.615592	0.00382177
-0.614275	0.00381576
-0.612958	0.00380975
-0.611642	0.00380375
-0.610325	0.00379774
-0.609008	0.00379174
-0.607691	0.00378574
-0.606375	0.00377975
-0.605058	0.00377375
-0.603741	0.00376776
-0.602424	0.00376178
-0.601107	0.00375579
-0.599791	0.00374981
-0.598474	0.00374383
-0.597157	0.00373786
-0.59584	0.00373188
-0.594524	0.00372591
-0.593207	0.00371995
-0.59189	0.00371398
-0.590573	0.00370802
-0.589257	0.00370207
-0.58794	0.00369611
-0.586623	0.00369016
-0.585306	0.00368421
-0.583989	0.00367827
-0.582673	0.00367232
-0.581356	0.00366638
-0.580039	0.00366045
-0.578722	0.00365451
-0.577406	0.00364859
-0.576089	0.00364266
-0.574772	0.00363674
-0.573455	0.00363082
-0.572138	0.0036249
-0.570822	0.00361899
-0.569505	0.00361308
-0.568188	0.00360717
-0.566871	0.00360127
-0.565555	0.00359537
-0.564238	0.00358948
-0.562921	0.00358359
-0.561604	0.0035777
-0.560287	0.00357182
-0.558971	0.00356594
-0.557654	0.00356006
-0.556337	0.00355419
-0.55502	0.00354832
-0.553704	0.00354245
-0.552387	0.00353659
-0.55107	0.00353074
-0.549753	0.00352489
-0.548437	0.00351904
-0.54712	0.00351319
-0.545803	0.00350735
-0.544486	0.00350152
-0.543169	0.00349569
-0.541853	0.00348986
-0.540536	0.00348404
-0.539219	0.00347822
-0.537902	0.0034724
-0.536586	0.00346659
-0.535269	0.00346079
-0.533952	0.00345499
-0.532635	0.00344919
-0.531318	0.0034434
-0.530002	0.00343761
-0.528685	0.00343182
-0.527368	0.00342604
-0.526051	0.00342027
-0.524735	0.0034145
-0.523418	0.00340873
-0.522101	0.00340297
-0.520784	0.00339722
-0.519467	0.00339147
-0.518151	0.00338572
-0.516834	0.00337999
-0.515517	0.00337425
-0.5142	0.00336853
-0.512884	0.0033628
-0.511567	0.00335709
-0.51025	0.00335137
-0.508933	0.00334567
-0.507617	0.00333996
-0.5063	0.00333426
-0.504983	0.00332857
-0.503666	0.00332288
-0.502349	0.00331719
-0.501033	0.00331152
-0.499716	0.00330584
-0.498399	0.00330017
-0.497082	0.00329451
-0.495766	0.00328886
-0.494449	0.0032832
-0.493132	0.00327756
-0.491815	0.00327192
-0.490498	0.00326629
-0.489182	0.00326067
-0.487865	0.00325505
-0.486548	0.00324944
-0.485231	0.00324383
-0.483915	0.00323823
-0.482598	0.00323264
-0.481281	0.00322705
-0.479964	0.00322147
-0.478647	0.00321589
-0.477331	0.00321032
-0.476014	0.00320476
-0.474697	0.0031992
-0.47338	0.00319366
-0.472064	0.00318811
-0.470747	0.00318258
-0.46943	0.00317705
-0.468113	0.00317153
-0.466796	0.00316601
-0.46548	0.0031605
-0.464163	0.003155
-0.462846	0.0031495
-0.461529	0.00314402
-0.460213	0.00313854
-0.458896	0.00313306
-0.457579	0.00312759
-0.456262	0.00312214
-0.454946	0.00311668
-0.453629	0.00311124
-0.452312	0.0031058
-0.450995	0.00310037
-0.449678	0.00309495
-0.448362	0.00308953
-0.447045	0.00308412
-0.445728	0.00307872
-0.444411	0.00307333
-0.443095	0.00306794
-0.441778	0.00306256
-0.440461	0.00305719
-0.439144	0.00305183
-0.437827	0.00304647
-0.436511	0.00304113
-0.435194	0.00303579
-0.433877	0.00303046
-0.43256	0.00302513
-0.431244	0.00301982
-0.429927	0.00301451
-0.42861	0.00300922
-0.427293	0.00300393
-0.425976	0.00299865
-0.42466	0.00299338
-0.423343	0.00298812
-0.422026	0.00298286
-0.420709	0.00297761
-0.419393	0.00297238
-0.418076	0.00296715
-0.416759	0.00296193
-0.415442	0.00295672
-0.414126	0.00295152
-0.412809	0.00294632
-0.411492	0.00294114
-0.410175	0.00293596
-0.408858	0.0029308
-0.407542	0.00292564
-0.406225	0.00292049
-0.404908	0.00291535
-0.403591	0.00291022
-0.402275	0.0029051
-0.400958	0.00289999
-0.399641	0.00289489
-0.398324	0.0028898
-0.397007	0.00288472
-0.395691	0.00287964
-0.394374	0.00287458
-0.393057	0.00286953
-0.39174	0.00286449
-0.390424	0.00285945
-0.389107	0.00285443
-0.38779	0.00284942
-0.386473	0.00284441
-0.385156	0.00283942
-0.38384	0.00283444
-0.382523	0.00282947
-0.381206	0.0028245
-0.379889	0.00281955
-0.378573	0.00281461
-0.377256	0.00280968
-0.375939	0.00280477
-0.374622	0.00279986
-0.373306	0.00279496
-0.371989	0.00279007
-0.370672	0.0027852
-0.369355	0.00278033
-0.368038	0.00277548
-0.366722	0.00277064
-0.365405	0.00276581
-0.364088	0.00276098
-0.362771	0.00275618
-0.361455	0.00275138
-0.360138	0.00274659
-0.358821	0.00274182
-0.357504	0.00273705
-0.356187	0.0027323
-0.354871	0.00272756
-0.353554	0.00272282
-0.352237	0.00271811
-0.35092	0.0027134
-0.349604	0.0027087
-0.348287	0.00270402
-0.34697	0.00269935
-0.345653	0.00269469
-0.344336	0.00269004
-0.34302	0.00268541
-0.341703	0.00268078
-0.340386	0.00267617
-0.339069	0.00267157
-0.337753	0.00266698
-0.336436	0.00266241
-0.335119	0.00265784
-0.333802	0.00265329
-0.332485	0.00264875
-0.331169	0.00264423
-0.329852	0.00263972
-0.328535	0.00263522
-0.327218	0.00263073
-0.325902	0.00262625
-0.324585	0.00262179
-0.323268	0.00261734
-0.321951	0.00261291
-0.320635	0.00260848
-0.319318	0.00260407
-0.318001	0.00259968
-0.316684	0.00259529
-0.315367	0.00259092
-0.314051	0.00258656
-0.312734	0.00258222
-0.311417	0.00257789
-0.3101	0.00257357
-0.308784	0.00256927
-0.307467	0.00256498
-0.30615	0.0025607
-0.304833	0.00255644
-0.303516	0.00255219
-0.3022	0.00254795
-0.300883	0.00254373
-0.299566	0.00253952
-0.298249	0.00253533
-0.296933	0.00253115
-0.295616	0.00252698
-0.294299	0.00252283
-0.292982	0.00251869
-0.291665	0.00251457
-0.290349	0.00251046
-0.289032	0.00250637
-0.287715	0.00250229
-0.286398	0.00249822
-0.285082	0.00249417
-0.283765	0.00249013
-0.282448	0.00248611
-0.281131	0.0024821
-0.279815	0.00247811
-0.278498	0.00247413
-0.277181	0.00247017
-0.275864	0.00246622
-0.274547	0.00246229
-0.273231	0.00245837
-0.271914	0.00245447
-0.270597	0.00245058
-0.26928	0.00244671
-0.267964	0.00244285
-0.266647	0.002439
-0.26533	0.00243518
-0.264013	0.00243136
-0.262696	0.00242757
-0.26138	0.00242378
-0.260063	0.00242002
-0.258746	0.00241627
-0.257429	0.00241253
-0.256113	0.00240881
-0.254796	0.00240511
-0.253479	0.00240142
-0.252162	0.00239775
-0.250845	0.00239409
-0.249529	0.00239045
-0.248212	0.00238683
-0.246895	0.00238322
-0.245578	0.00237963
-0.244262	0.00237605
-0.242945	0.00237249
-0.241628	0.00236895
-0.240311	0.00236542
-0.238995	0.00236191
-0.237678	0.00235842
-0.236361	0.00235494
-0.235044	0.00235148
-0.233727	0.00234804
-0.232411	0.00234461
-0.231094	0.0023412
-0.229777	0.0023378
-0.22846	0.00233442
-0.227144	0.00233106
-0.225827	0.00232772
-0.22451	0.00232439
-0.223193	0.00232108
-0.221876	0.00231779
-0.22056	0.00231451
-0.219243	0.00231125
-0.217926	0.00230801
-0.216609	0.00230478
-0.215293	0.00230157
-0.213976	0.00229838
-0.212659	0.00229521
-0.211342	0.00229205
-0.210026	0.00228891
-0.208709	0.00228579
-0.207392	0.00228269
-0.206075	0.0022796
-0.204758	0.00227654
-0.203442	0.00227349
-0.202125	0.00227045
-0.200808	0.00226744
-0.199491	0.00226444
-0.198175	0.00226146
-0.196858	0.0022585
-0.195541	0.00225556
-0.194224	0.00225263
-0.192907	0.00224972
-0.191591	0.00224684
-0.190274	0.00224396
-0.188957	0.00224111
-0.18764	0.00223828
-0.186324	0.00223546
-0.185007	0.00223266
-0.18369	0.00222988
-0.182373	0.00222712
-0.181056	0.00222437
-0.17974	0.00222165
-0.178423	0.00221894
-0.177106	0.00221625
-0.175789	0.00221358
-0.174473	0.00221093
-0.173156	0.00220829
-0.171839	0.00220568
-0.170522	0.00220308
-0.169206	0.00220051
-0.167889	0.00219795
-0.166572	0.00219541
-0.165255	0.00219289
-0.163938	0.00219039
-0.162622	0.0021879
-0.161305	0.00218544
-0.159988	0.00218299
-0.158671	0.00218057
-0.157355	0.00217816
-0.156038	0.00217577
-0.154721	0.00217341
-0.153404	0.00217106
-0.152087	0.00216873
-0.150771	0.00216642
-0.149454	0.00216413
-0.148137	0.00216185
-0.14682	0.0021596
-0.145504	0.00215737
-0.144187	0.00215515
-0.14287	0.00215296
-0.141553	0.00215078
-0.140236	0.00214863
-0.13892	0.00214649
-0.137603	0.00214438
-0.136286	0.00214228
-0.134969	0.0021402
-0.133653	0.00213815
-0.132336	0.00213611
-0.131019	0.00213409
-0.129702	0.00213209
-0.128385	0.00213012
-0.127069	0.00212816
-0.125752	0.00212622
-0.124435	0.0021243
-0.123118	0.0021224
-0.121802	0.00212053
-0.120485	0.00211867
-0.119168	0.00211683
-0.117851	0.00211501
-0.116535	0.00211321
-0.115218	0.00211144
-0.113901	0.00210968
-0.112584	0.00210794
-0.111267	0.00210623
-0.109951	0.00210453
-0.108634	0.00210285
-0.107317	0.0021012
-0.106	0.00209956
-0.104684	0.00209795
-0.103367	0.00209635
-0.10205	0.00209477
-0.100733	0.00209322
-0.0994165	0.00209168
-0.0980997	0.00209017
-0.0967829	0.00208868
-0.0954661	0.0020872
-0.0941494	0.00208575
-0.0928326	0.00208432
-0.0915158	0.0020829
-0.090199	0.00208151
-0.0888823	0.00208014
-0.0875655	0.00207879
-0.0862487	0.00207746
-0.0849319	0.00207615
-0.0836152	0.00207486
-0.0822984	0.0020736
-0.0809816	0.00207235
-0.0796648	0.00207112
-0.0783481	0.00206992
-0.0770313	0.00206873
-0.0757145	0.00206757
-0.0743978	0.00206642
-0.073081	0.0020653
-0.0717642	0.0020642
-0.0704474	0.00206312
-0.0691307	0.00206206
-0.0678139	0.00206102
-0.0664971	0.00206
-0.0651803	0.002059
-0.0638636	0.00205802
-0.0625468	0.00205707
-0.06123	0.00205613
-0.0599132	0.00205522
-0.0585965	0.00205433
-0.0572797	0.00205346
-0.0559629	0.00205261
-0.0546461	0.00205178
-0.0533294	0.00205097
-0.0520126	0.00205018
-0.0506958	0.00204942
-0.049379	0.00204867
-0.0480623	0.00204795
-0.0467455	0.00204725
-0.0454287	0.00204657
-0.0441119	0.00204591
-0.0427952	0.00204527
-0.0414784	0.00204465
-0.0401616	0.00204405
-0.0388448	0.00204347
-0.0375281	0.00204291
-0.0362113	0.00204238
-0.0348945	0.00204186
-0.0335777	0.00204137
-0.032261	0.0020409
-0.0309442	0.00204045
-0.0296274	0.00204002
-0.0283106	0.00203962
-0.0269939	0.00203923
-0.0256771	0.00203886
-0.0243603	0.00203852
-0.0230436	0.0020382
-0.0217268	0.00203789
-0.02041	0.00203761
-0.0190932	0.00203735
-0.0177765	0.00203711
-0.0164597	0.00203689
-0.0151429	0.00203669
-0.0138261	0.00203652
-0.0125094	0.00203636
-0.0111926	0.00203623
-0.00987581	0.00203612
-0.00855903	0.00203603
-0.00724226	0.00203596
-0.00592548	0.00203591
-0.00460871	0.00203588
-0.00329194	0.00203588
-0.00197516	0.0020359
-0.000658387	0.00203593
0	0.00203596
)
