(title "dX-Velocity/dy vs. Y-Coordinate")
(labels "Y-Coordinate" "dX-Velocity/dy")

((xy/key/label "line")
-1	23.4486
-0.99816	20.1822
-0.996044	18.4244
-0.993611	19.1634
-0.990812	15.6515
-0.987594	12.3242
-0.983894	9.76175
-0.979638	7.84318
-0.974743	6.38618
-0.969432	5.31342
-0.96412	4.5534
-0.958808	3.98546
-0.953496	3.54521
-0.948184	3.19516
-0.942872	2.9105
-0.93756	2.67448
-0.932248	2.4755
-0.926936	2.30532
-0.921624	2.15798
-0.916312	2.02909
-0.911	1.91527
-0.905688	1.81398
-0.900376	1.72325
-0.895064	1.64143
-0.889752	1.56725
-0.88444	1.49965
-0.879128	1.43782
-0.873816	1.38103
-0.868504	1.32865
-0.863192	1.28015
-0.85788	1.23514
-0.852569	1.19326
-0.847257	1.15416
-0.841945	1.1176
-0.836633	1.0833
-0.831321	1.05105
-0.826009	1.02065
-0.820697	0.991962
-0.815385	0.964852
-0.810073	0.939186
-0.804761	0.914864
-0.799449	0.891746
-0.794137	0.869734
-0.788825	0.848752
-0.783513	0.828718
-0.778201	0.809585
-0.772889	0.791302
-0.767577	0.773795
-0.762265	0.757017
-0.756953	0.740937
-0.751641	0.725468
-0.746329	0.710577
-0.741018	0.696244
-0.735706	0.682429
-0.730394	0.669114
-0.725082	0.656263
-0.71977	0.643866
-0.714458	0.631896
-0.709146	0.620298
-0.703834	0.609078
-0.698522	0.598212
-0.69321	0.587648
-0.687898	0.577387
-0.682586	0.567437
-0.677274	0.557782
-0.671962	0.548393
-0.66665	0.539258
-0.661338	0.530369
-0.656026	0.521718
-0.650714	0.513293
-0.645402	0.505083
-0.64009	0.497066
-0.634778	0.489246
-0.629466	0.481603
-0.624155	0.474108
-0.618843	0.466787
-0.613531	0.459634
-0.608219	0.452621
-0.602907	0.445766
-0.597595	0.43906
-0.592283	0.432485
-0.586971	0.426041
-0.581659	0.41973
-0.576347	0.413533
-0.571035	0.40744
-0.565723	0.401461
-0.560411	0.395587
-0.555099	0.389828
-0.549787	0.384148
-0.544475	0.378546
-0.539163	0.373049
-0.533851	0.36764
-0.528539	0.362294
-0.523227	0.357043
-0.517915	0.35187
-0.512604	0.346742
-0.507292	0.341701
-0.50198	0.33674
-0.496668	0.331831
-0.491356	0.326983
-0.486044	0.322222
-0.480732	0.317506
-0.47542	0.312843
-0.470108	0.308249
-0.464796	0.303708
-0.459484	0.29922
-0.454172	0.294775
-0.44886	0.290375
-0.443548	0.286018
-0.438236	0.281714
-0.432924	0.277444
-0.427612	0.27321
-0.4223	0.26902
-0.416988	0.264865
-0.411676	0.260762
-0.406364	0.256703
-0.401053	0.25268
-0.395741	0.248691
-0.390429	0.24472
-0.385117	0.240784
-0.379805	0.236883
-0.374493	0.233017
-0.369181	0.229195
-0.363869	0.225399
-0.358557	0.22162
-0.353245	0.217877
-0.347933	0.214161
-0.342621	0.210479
-0.337309	0.206823
-0.331997	0.203194
-0.326685	0.199608
-0.321373	0.196032
-0.316061	0.192464
-0.310749	0.188949
-0.305437	0.18546
-0.300125	0.181962
-0.294813	0.178508
-0.289501	0.17508
-0.28419	0.171679
-0.278878	0.168278
-0.273566	0.164885
-0.268254	0.161536
-0.262942	0.158205
-0.25763	0.154892
-0.252318	0.151578
-0.247006	0.148299
-0.241694	0.145047
-0.236382	0.141795
-0.23107	0.138542
-0.225758	0.135316
-0.220446	0.132117
-0.215134	0.128917
-0.209822	0.125726
-0.20451	0.122544
-0.199198	0.119388
-0.193886	0.116232
-0.188574	0.113076
-0.183262	0.109938
-0.17795	0.1068
-0.172638	0.103679
-0.167327	0.100549
-0.162015	0.0974285
-0.156703	0.0943165
-0.151391	0.0911957
-0.146079	0.0880749
-0.140767	0.0849454
-0.135455	0.0818333
-0.130143	0.07873
-0.124831	0.0756005
-0.119519	0.0724621
-0.114207	0.0693326
-0.108895	0.0661767
-0.103583	0.0630121
-0.0982711	0.0598299
-0.0929592	0.0566127
-0.0876472	0.0533867
-0.0823353	0.0501432
-0.0770233	0.0468295
-0.0717114	0.0434457
-0.0663994	0.0400356
-0.0610875	0.0365642
-0.0557755	0.0329788
-0.0504636	0.0292969
-0.0451516	0.0255274
-0.0398397	0.0216352
-0.0345277	0.0176465
-0.0292157	0.013614
-0.0239038	0.00959909
-0.0185918	0.00579452
-0.0132799	0.00258606
-0.00796793	0.00061364
-0.00265598	-1.75326e-05
0	-0.000350652
)
