(title "Turbulent Kinetic Energy (k) vs. Y-Coordinate")
(labels "Y-Coordinate" "Turbulent Kinetic Energy (k)")

((xy/key/label "line")
-1	0.00844651
-0.99816	0.0066432
-0.996044	0.00428462
-0.993611	0.00432924
-0.990812	0.00527689
-0.987594	0.00632789
-0.983894	0.00720321
-0.979638	0.00788008
-0.974743	0.00839317
-0.969432	0.00875852
-0.96412	0.00900063
-0.958808	0.00916327
-0.953496	0.00927244
-0.948184	0.00934421
-0.942872	0.00938894
-0.93756	0.00941359
-0.932248	0.00942295
-0.926936	0.00942046
-0.921624	0.00940861
-0.916312	0.00938926
-0.911	0.00936385
-0.905688	0.00933348
-0.900376	0.00929902
-0.895064	0.00926115
-0.889752	0.00922043
-0.88444	0.00917731
-0.879128	0.00913218
-0.873816	0.00908533
-0.868504	0.00903701
-0.863192	0.00898745
-0.85788	0.00893682
-0.852569	0.00888528
-0.847257	0.00883297
-0.841945	0.00877999
-0.836633	0.00872643
-0.831321	0.00867239
-0.826009	0.00861794
-0.820697	0.00856314
-0.815385	0.00850804
-0.810073	0.0084527
-0.804761	0.00839715
-0.799449	0.00834144
-0.794137	0.00828559
-0.788825	0.00822963
-0.783513	0.00817361
-0.778201	0.00811752
-0.772889	0.00806141
-0.767577	0.00800528
-0.762265	0.00794916
-0.756953	0.00789306
-0.751641	0.00783699
-0.746329	0.00778097
-0.741018	0.00772501
-0.735706	0.00766912
-0.730394	0.0076133
-0.725082	0.00755756
-0.71977	0.00750193
-0.714458	0.0074464
-0.709146	0.00739097
-0.703834	0.00733567
-0.698522	0.00728048
-0.69321	0.00722543
-0.687898	0.0071705
-0.682586	0.00711572
-0.677274	0.00706108
-0.671962	0.00700659
-0.66665	0.00695225
-0.661338	0.00689808
-0.656026	0.00684406
-0.650714	0.00679021
-0.645402	0.00673653
-0.64009	0.00668303
-0.634778	0.00662969
-0.629466	0.00657654
-0.624155	0.00652358
-0.618843	0.0064708
-0.613531	0.00641822
-0.608219	0.00636583
-0.602907	0.00631364
-0.597595	0.00626166
-0.592283	0.00620988
-0.586971	0.00615831
-0.581659	0.00610696
-0.576347	0.00605583
-0.571035	0.00600492
-0.565723	0.00595424
-0.560411	0.00590379
-0.555099	0.00585357
-0.549787	0.0058036
-0.544475	0.00575386
-0.539163	0.00570437
-0.533851	0.00565513
-0.528539	0.00560615
-0.523227	0.00555743
-0.517915	0.00550898
-0.512604	0.0054608
-0.507292	0.00541289
-0.50198	0.00536526
-0.496668	0.00531792
-0.491356	0.00527086
-0.486044	0.0052241
-0.480732	0.00517764
-0.47542	0.00513148
-0.470108	0.00508563
-0.464796	0.0050401
-0.459484	0.00499489
-0.454172	0.00495
-0.44886	0.00490545
-0.443548	0.00486123
-0.438236	0.00481735
-0.432924	0.00477382
-0.427612	0.00473065
-0.4223	0.00468783
-0.416988	0.00464538
-0.411676	0.0046033
-0.406364	0.00456159
-0.401053	0.00452027
-0.395741	0.00447934
-0.390429	0.0044388
-0.385117	0.00439866
-0.379805	0.00435893
-0.374493	0.00431962
-0.369181	0.00428072
-0.363869	0.00424225
-0.358557	0.00420421
-0.353245	0.0041666
-0.347933	0.00412944
-0.342621	0.00409272
-0.337309	0.00405646
-0.331997	0.00402066
-0.326685	0.00398533
-0.321373	0.00395047
-0.316061	0.00391609
-0.310749	0.00388219
-0.305437	0.00384878
-0.300125	0.00381586
-0.294813	0.00378344
-0.289501	0.00375153
-0.28419	0.00372013
-0.278878	0.00368924
-0.273566	0.00365887
-0.268254	0.00362903
-0.262942	0.00359971
-0.25763	0.00357093
-0.252318	0.00354268
-0.247006	0.00351498
-0.241694	0.00348783
-0.236382	0.00346122
-0.23107	0.00343517
-0.225758	0.00340967
-0.220446	0.00338474
-0.215134	0.00336037
-0.209822	0.00333656
-0.20451	0.00331333
-0.199198	0.00329067
-0.193886	0.00326859
-0.188574	0.00324708
-0.183262	0.00322616
-0.17795	0.00320582
-0.172638	0.00318606
-0.167327	0.00316689
-0.162015	0.00314831
-0.156703	0.00313032
-0.151391	0.00311292
-0.146079	0.00309611
-0.140767	0.0030799
-0.135455	0.00306428
-0.130143	0.00304926
-0.124831	0.00303483
-0.119519	0.00302101
-0.114207	0.00300778
-0.108895	0.00299514
-0.103583	0.00298311
-0.0982711	0.00297168
-0.0929592	0.00296084
-0.0876472	0.00295061
-0.0823353	0.00294098
-0.0770233	0.00293195
-0.0717114	0.00292351
-0.0663994	0.00291568
-0.0610875	0.00290845
-0.0557755	0.00290182
-0.0504636	0.0028958
-0.0451516	0.00289037
-0.0398397	0.00288555
-0.0345277	0.00288133
-0.0292157	0.00287771
-0.0239038	0.00287469
-0.0185918	0.00287228
-0.0132799	0.00287046
-0.00796793	0.00286925
-0.00265598	0.00286864
0	0.00286864
)
