(title "Static Pressure vs. Y-Coordinate")
(labels "Y-Coordinate" "Static Pressure")

((xy/key/label "line")
-1	-0.00105417
-0.99816	-0.000869066
-0.996044	-0.000547724
-0.993611	-0.000462489
-0.990812	-0.000592686
-0.987594	-0.000765987
-0.983894	-0.000911058
-0.979638	-0.00102399
-0.974743	-0.00111582
-0.969432	-0.00118901
-0.96412	-0.00124474
-0.958808	-0.00128809
-0.953496	-0.00132229
-0.948184	-0.00134966
-0.942872	-0.00137172
-0.93756	-0.00138955
-0.932248	-0.00140394
-0.926936	-0.00141547
-0.921624	-0.00142461
-0.916312	-0.00143169
-0.911	-0.001437
-0.905688	-0.00144078
-0.900376	-0.00144321
-0.895064	-0.00144446
-0.889752	-0.00144466
-0.88444	-0.00144389
-0.879128	-0.00144227
-0.873816	-0.00143988
-0.868504	-0.00143681
-0.863192	-0.0014331
-0.85788	-0.0014288
-0.852569	-0.00142397
-0.847257	-0.00141865
-0.841945	-0.00141288
-0.836633	-0.00140669
-0.831321	-0.00140011
-0.826009	-0.00139317
-0.820697	-0.00138589
-0.815385	-0.0013783
-0.810073	-0.00137041
-0.804761	-0.00136224
-0.799449	-0.00135381
-0.794137	-0.00134514
-0.788825	-0.00133624
-0.783513	-0.00132712
-0.778201	-0.00131779
-0.772889	-0.00130827
-0.767577	-0.00129856
-0.762265	-0.00128868
-0.756953	-0.00127864
-0.751641	-0.00126843
-0.746329	-0.00125808
-0.741018	-0.00124759
-0.735706	-0.00123696
-0.730394	-0.0012262
-0.725082	-0.00121532
-0.71977	-0.00120432
-0.714458	-0.00119321
-0.709146	-0.001182
-0.703834	-0.00117069
-0.698522	-0.00115928
-0.69321	-0.00114778
-0.687898	-0.0011362
-0.682586	-0.00112453
-0.677274	-0.00111279
-0.671962	-0.00110097
-0.66665	-0.00108908
-0.661338	-0.00107713
-0.656026	-0.00106511
-0.650714	-0.00105304
-0.645402	-0.00104091
-0.64009	-0.00102872
-0.634778	-0.00101649
-0.629466	-0.00100421
-0.624155	-0.000991896
-0.618843	-0.000979538
-0.613531	-0.000967144
-0.608219	-0.000954716
-0.602907	-0.000942258
-0.597595	-0.000929773
-0.592283	-0.000917263
-0.586971	-0.000904733
-0.581659	-0.000892184
-0.576347	-0.000879621
-0.571035	-0.000867045
-0.565723	-0.000854459
-0.560411	-0.000841866
-0.555099	-0.000829269
-0.549787	-0.00081667
-0.544475	-0.000804072
-0.539163	-0.000791478
-0.533851	-0.00077889
-0.528539	-0.000766313
-0.523227	-0.000753748
-0.517915	-0.0007412
-0.512604	-0.000728669
-0.507292	-0.000716159
-0.50198	-0.000703673
-0.496668	-0.000691214
-0.491356	-0.000678784
-0.486044	-0.000666386
-0.480732	-0.000654024
-0.47542	-0.000641699
-0.470108	-0.000629415
-0.464796	-0.000617175
-0.459484	-0.000604981
-0.454172	-0.000592836
-0.44886	-0.000580744
-0.443548	-0.000568706
-0.438236	-0.000556727
-0.432924	-0.000544808
-0.427612	-0.000532954
-0.4223	-0.000521165
-0.416988	-0.000509447
-0.411676	-0.000497802
-0.406364	-0.000486232
-0.401053	-0.000474741
-0.395741	-0.000463331
-0.390429	-0.000452005
-0.385117	-0.000440766
-0.379805	-0.000429617
-0.374493	-0.00041856
-0.369181	-0.0004076
-0.363869	-0.000396738
-0.358557	-0.000385977
-0.353245	-0.000375319
-0.347933	-0.000364769
-0.342621	-0.000354328
-0.337309	-0.000343999
-0.331997	-0.000333786
-0.326685	-0.00032369
-0.321373	-0.000313714
-0.316061	-0.000303861
-0.310749	-0.000294134
-0.305437	-0.000284535
-0.300125	-0.000275065
-0.294813	-0.000265728
-0.289501	-0.000256526
-0.28419	-0.000247461
-0.278878	-0.000238536
-0.273566	-0.000229752
-0.268254	-0.000221112
-0.262942	-0.000212618
-0.25763	-0.000204272
-0.252318	-0.000196075
-0.247006	-0.000188031
-0.241694	-0.00018014
-0.236382	-0.000172404
-0.23107	-0.000164825
-0.225758	-0.000157404
-0.220446	-0.000150144
-0.215134	-0.000143044
-0.209822	-0.000136108
-0.20451	-0.000129335
-0.199198	-0.000122729
-0.193886	-0.000116289
-0.188574	-0.000110016
-0.183262	-0.000103912
-0.17795	-9.79781e-05
-0.172638	-9.2214e-05
-0.167327	-8.6621e-05
-0.162015	-8.12002e-05
-0.156703	-7.59522e-05
-0.151391	-7.08774e-05
-0.146079	-6.59766e-05
-0.140767	-6.12502e-05
-0.135455	-5.66984e-05
-0.130143	-5.2322e-05
-0.124831	-4.81213e-05
-0.119519	-4.4096e-05
-0.114207	-4.02469e-05
-0.108895	-3.65738e-05
-0.103583	-3.30766e-05
-0.0982711	-2.97562e-05
-0.0929592	-2.66121e-05
-0.0876472	-2.36444e-05
-0.0823353	-2.08531e-05
-0.0770233	-1.82377e-05
-0.0717114	-1.57988e-05
-0.0663994	-1.3536e-05
-0.0610875	-1.14492e-05
-0.0557755	-9.53843e-06
-0.0504636	-7.80288e-06
-0.0451516	-6.24318e-06
-0.0398397	-4.85929e-06
-0.0345277	-3.65032e-06
-0.0292157	-2.61555e-06
-0.0239038	-1.7553e-06
-0.0185918	-1.07005e-06
-0.0132799	-5.57618e-07
-0.00796793	-2.15757e-07
-0.00265598	-4.37771e-08
0	-4.20374e-08
)
