(title "UU Reynolds Stress vs. Y-Coordinate")
(labels "Y-Coordinate" "UU Reynolds Stress")

((xy/key/label "line")
-1	0.00927427
-0.99816	0.0071015
-0.996044	0.00429407
-0.993611	0.00439319
-0.990812	0.00554179
-0.987594	0.00680639
-0.983894	0.00785491
-0.979638	0.00865951
-0.974743	0.00926203
-0.969432	0.00968396
-0.96412	0.00995788
-0.958808	0.0101374
-0.953496	0.010254
-0.948184	0.0103272
-0.942872	0.0103693
-0.93756	0.0103886
-0.932248	0.0103909
-0.926936	0.0103799
-0.921624	0.0103587
-0.916312	0.0103294
-0.911	0.0102936
-0.905688	0.0102525
-0.900376	0.0102072
-0.895064	0.0101583
-0.889752	0.0101066
-0.88444	0.0100524
-0.879128	0.00999626
-0.873816	0.00993843
-0.868504	0.00987919
-0.863192	0.00981879
-0.85788	0.00975741
-0.852569	0.00969521
-0.847257	0.00963232
-0.841945	0.00956888
-0.836633	0.00950497
-0.831321	0.00944068
-0.826009	0.00937608
-0.820697	0.00931123
-0.815385	0.0092462
-0.810073	0.00918102
-0.804761	0.00911575
-0.799449	0.0090504
-0.794137	0.00898502
-0.788825	0.00891964
-0.783513	0.00885427
-0.778201	0.00878894
-0.772889	0.00872367
-0.767577	0.00865848
-0.762265	0.00859338
-0.756953	0.00852839
-0.751641	0.00846351
-0.746329	0.00839877
-0.741018	0.00833416
-0.735706	0.0082697
-0.730394	0.00820539
-0.725082	0.00814124
-0.71977	0.00807727
-0.714458	0.00801346
-0.709146	0.00794984
-0.703834	0.0078864
-0.698522	0.00782315
-0.69321	0.0077601
-0.687898	0.00769724
-0.682586	0.00763459
-0.677274	0.00757214
-0.671962	0.0075099
-0.66665	0.00744788
-0.661338	0.00738607
-0.656026	0.00732449
-0.650714	0.00726312
-0.645402	0.00720198
-0.64009	0.00714107
-0.634778	0.00708039
-0.629466	0.00701994
-0.624155	0.00695973
-0.618843	0.00689976
-0.613531	0.00684003
-0.608219	0.00678055
-0.602907	0.00672132
-0.597595	0.00666234
-0.592283	0.00660361
-0.586971	0.00654514
-0.581659	0.00648694
-0.576347	0.006429
-0.571035	0.00637133
-0.565723	0.00631393
-0.560411	0.0062568
-0.555099	0.00619996
-0.549787	0.0061434
-0.544475	0.00608712
-0.539163	0.00603114
-0.533851	0.00597545
-0.528539	0.00592006
-0.523227	0.00586497
-0.517915	0.00581019
-0.512604	0.00575573
-0.507292	0.00570158
-0.50198	0.00564776
-0.496668	0.00559426
-0.491356	0.00554109
-0.486044	0.00548826
-0.480732	0.00543578
-0.47542	0.00538363
-0.470108	0.00533185
-0.464796	0.00528042
-0.459484	0.00522935
-0.454172	0.00517865
-0.44886	0.00512833
-0.443548	0.00507839
-0.438236	0.00502883
-0.432924	0.00497966
-0.427612	0.00493089
-0.4223	0.00488253
-0.416988	0.00483457
-0.411676	0.00478704
-0.406364	0.00473992
-0.401053	0.00469324
-0.395741	0.00464698
-0.390429	0.00460117
-0.385117	0.00455581
-0.379805	0.00451091
-0.374493	0.00446646
-0.369181	0.00442249
-0.363869	0.00437898
-0.358557	0.00433596
-0.353245	0.00429343
-0.347933	0.00425139
-0.342621	0.00420986
-0.337309	0.00416883
-0.331997	0.00412831
-0.326685	0.00408831
-0.321373	0.00404885
-0.316061	0.00400991
-0.310749	0.00397152
-0.305437	0.00393367
-0.300125	0.00389637
-0.294813	0.00385963
-0.289501	0.00382346
-0.28419	0.00378785
-0.278878	0.00375282
-0.273566	0.00371837
-0.268254	0.00368451
-0.262942	0.00365124
-0.25763	0.00361856
-0.252318	0.00358649
-0.247006	0.00355503
-0.241694	0.00352417
-0.236382	0.00349394
-0.23107	0.00346432
-0.225758	0.00343533
-0.220446	0.00340697
-0.215134	0.00337925
-0.209822	0.00335216
-0.20451	0.00332571
-0.199198	0.00329991
-0.193886	0.00327476
-0.188574	0.00325026
-0.183262	0.00322641
-0.17795	0.00320322
-0.172638	0.0031807
-0.167327	0.00315883
-0.162015	0.00313763
-0.156703	0.0031171
-0.151391	0.00309723
-0.146079	0.00307803
-0.140767	0.00305951
-0.135455	0.00304166
-0.130143	0.00302449
-0.124831	0.003008
-0.119519	0.00299218
-0.114207	0.00297704
-0.108895	0.00296259
-0.103583	0.00294881
-0.0982711	0.00293572
-0.0929592	0.00292331
-0.0876472	0.00291158
-0.0823353	0.00290054
-0.0770233	0.00289018
-0.0717114	0.00288051
-0.0663994	0.00287153
-0.0610875	0.00286323
-0.0557755	0.00285562
-0.0504636	0.0028487
-0.0451516	0.00284246
-0.0398397	0.00283692
-0.0345277	0.00283207
-0.0292157	0.0028279
-0.0239038	0.00282443
-0.0185918	0.00282165
-0.0132799	0.00281956
-0.00796793	0.00281816
-0.00265598	0.00281745
0	0.00281744
)
