(title "VV Reynolds Stress vs. Y-Coordinate")
(labels "Y-Coordinate" "VV Reynolds Stress")

((xy/key/label "line")
-1	0.00208629
-0.99816	0.00181372
-0.996044	0.00144863
-0.993611	0.0014603
-0.990812	0.00163096
-0.987594	0.00180698
-0.983894	0.00194918
-0.979638	0.00206133
-0.974743	0.00215262
-0.969432	0.00222514
-0.96412	0.00227991
-0.958808	0.00232244
-0.953496	0.00235611
-0.948184	0.0023831
-0.942872	0.00240489
-0.93756	0.00242252
-0.932248	0.00243676
-0.926936	0.00244819
-0.921624	0.00245723
-0.916312	0.00246424
-0.911	0.0024695
-0.905688	0.00247323
-0.900376	0.00247563
-0.895064	0.00247684
-0.889752	0.00247699
-0.88444	0.00247621
-0.879128	0.00247458
-0.873816	0.00247218
-0.868504	0.00246908
-0.863192	0.00246535
-0.85788	0.00246105
-0.852569	0.00245621
-0.847257	0.00245088
-0.841945	0.0024451
-0.836633	0.0024389
-0.831321	0.00243232
-0.826009	0.00242537
-0.820697	0.00241808
-0.815385	0.00241048
-0.810073	0.00240259
-0.804761	0.00239442
-0.799449	0.00238599
-0.794137	0.00237731
-0.788825	0.0023684
-0.783513	0.00235928
-0.778201	0.00234995
-0.772889	0.00234043
-0.767577	0.00233072
-0.762265	0.00232084
-0.756953	0.00231079
-0.751641	0.00230058
-0.746329	0.00229023
-0.741018	0.00227973
-0.735706	0.0022691
-0.730394	0.00225834
-0.725082	0.00224746
-0.71977	0.00223646
-0.714458	0.00222535
-0.709146	0.00221414
-0.703834	0.00220282
-0.698522	0.00219141
-0.69321	0.00217991
-0.687898	0.00216833
-0.682586	0.00215666
-0.677274	0.00214491
-0.671962	0.0021331
-0.66665	0.00212121
-0.661338	0.00210925
-0.656026	0.00209724
-0.650714	0.00208516
-0.645402	0.00207303
-0.64009	0.00206085
-0.634778	0.00204862
-0.629466	0.00203634
-0.624155	0.00202402
-0.618843	0.00201166
-0.613531	0.00199927
-0.608219	0.00198684
-0.602907	0.00197438
-0.597595	0.0019619
-0.592283	0.00194939
-0.586971	0.00193685
-0.581659	0.00192431
-0.576347	0.00191174
-0.571035	0.00189916
-0.565723	0.00188658
-0.560411	0.00187398
-0.555099	0.00186139
-0.549787	0.00184879
-0.544475	0.00183619
-0.539163	0.00182359
-0.533851	0.001811
-0.528539	0.00179843
-0.523227	0.00178586
-0.517915	0.00177331
-0.512604	0.00176078
-0.507292	0.00174827
-0.50198	0.00173578
-0.496668	0.00172332
-0.491356	0.00171089
-0.486044	0.00169849
-0.480732	0.00168613
-0.47542	0.0016738
-0.470108	0.00166152
-0.464796	0.00164928
-0.459484	0.00163709
-0.454172	0.00162494
-0.44886	0.00161285
-0.443548	0.00160081
-0.438236	0.00158883
-0.432924	0.00157691
-0.427612	0.00156506
-0.4223	0.00155327
-0.416988	0.00154155
-0.411676	0.0015299
-0.406364	0.00151833
-0.401053	0.00150684
-0.395741	0.00149543
-0.390429	0.0014841
-0.385117	0.00147286
-0.379805	0.00146171
-0.374493	0.00145066
-0.369181	0.00143969
-0.363869	0.00142883
-0.358557	0.00141807
-0.353245	0.00140741
-0.347933	0.00139686
-0.342621	0.00138642
-0.337309	0.00137609
-0.331997	0.00136588
-0.326685	0.00135578
-0.321373	0.00134581
-0.316061	0.00133595
-0.310749	0.00132622
-0.305437	0.00131662
-0.300125	0.00130715
-0.294813	0.00129782
-0.289501	0.00128861
-0.28419	0.00127955
-0.278878	0.00127062
-0.273566	0.00126184
-0.268254	0.0012532
-0.262942	0.0012447
-0.25763	0.00123635
-0.252318	0.00122816
-0.247006	0.00122011
-0.241694	0.00121222
-0.236382	0.00120449
-0.23107	0.00119691
-0.225758	0.00118948
-0.220446	0.00118222
-0.215134	0.00117512
-0.209822	0.00116819
-0.20451	0.00116141
-0.199198	0.00115481
-0.193886	0.00114837
-0.188574	0.00114209
-0.183262	0.00113599
-0.17795	0.00113005
-0.172638	0.00112429
-0.167327	0.0011187
-0.162015	0.00111328
-0.156703	0.00110803
-0.151391	0.00110295
-0.146079	0.00109805
-0.140767	0.00109333
-0.135455	0.00108878
-0.130143	0.0010844
-0.124831	0.0010802
-0.119519	0.00107617
-0.114207	0.00107232
-0.108895	0.00106865
-0.103583	0.00106515
-0.0982711	0.00106183
-0.0929592	0.00105869
-0.0876472	0.00105572
-0.0823353	0.00105293
-0.0770233	0.00105032
-0.0717114	0.00104788
-0.0663994	0.00104561
-0.0610875	0.00104353
-0.0557755	0.00104162
-0.0504636	0.00103988
-0.0451516	0.00103832
-0.0398397	0.00103694
-0.0345277	0.00103573
-0.0292157	0.00103469
-0.0239038	0.00103383
-0.0185918	0.00103315
-0.0132799	0.00103264
-0.00796793	0.0010323
-0.00265598	0.00103213
0	0.00103213
)
