(title "WW Reynolds Stress vs. Y-Coordinate")
(labels "Y-Coordinate" "WW Reynolds Stress")

((xy/key/label "line")
-1	0.00553246
-0.99816	0.00437119
-0.996044	0.00282654
-0.993611	0.00280499
-0.990812	0.00338103
-0.987594	0.00404241
-0.983894	0.00460233
-0.979638	0.00503931
-0.974743	0.00537169
-0.969432	0.00560794
-0.96412	0.00576347
-0.958808	0.00586675
-0.953496	0.00593479
-0.948184	0.00597816
-0.942872	0.0060037
-0.93756	0.00601601
-0.932248	0.00601829
-0.926936	0.00601282
-0.921624	0.00600126
-0.916312	0.00598487
-0.911	0.0059646
-0.905688	0.00594119
-0.900376	0.0059152
-0.895064	0.00588711
-0.889752	0.00585727
-0.88444	0.00582599
-0.879128	0.00579352
-0.873816	0.00576005
-0.868504	0.00572575
-0.863192	0.00569076
-0.85788	0.0056552
-0.852569	0.00561916
-0.847257	0.00558273
-0.841945	0.00554599
-0.836633	0.005509
-0.831321	0.00547179
-0.826009	0.00543444
-0.820697	0.00539696
-0.815385	0.0053594
-0.810073	0.00532178
-0.804761	0.00528413
-0.799449	0.00524648
-0.794137	0.00520884
-0.788825	0.00517123
-0.783513	0.00513366
-0.778201	0.00509616
-0.772889	0.00505872
-0.767577	0.00502137
-0.762265	0.00498411
-0.756953	0.00494694
-0.751641	0.00490989
-0.746329	0.00487295
-0.741018	0.00483613
-0.735706	0.00479943
-0.730394	0.00476286
-0.725082	0.00472643
-0.71977	0.00469013
-0.714458	0.00465398
-0.709146	0.00461797
-0.703834	0.00458211
-0.698522	0.0045464
-0.69321	0.00451084
-0.687898	0.00447544
-0.682586	0.00444019
-0.677274	0.00440511
-0.671962	0.00437018
-0.66665	0.00433542
-0.661338	0.00430083
-0.656026	0.0042664
-0.650714	0.00423214
-0.645402	0.00419805
-0.64009	0.00416413
-0.634778	0.00413038
-0.629466	0.00409681
-0.624155	0.00406341
-0.618843	0.00403018
-0.613531	0.00399714
-0.608219	0.00396428
-0.602907	0.00393159
-0.597595	0.00389909
-0.592283	0.00386677
-0.586971	0.00383463
-0.581659	0.00380269
-0.576347	0.00377093
-0.571035	0.00373936
-0.565723	0.00370798
-0.560411	0.00367679
-0.555099	0.0036458
-0.549787	0.00361501
-0.544475	0.00358441
-0.539163	0.00355401
-0.533851	0.00352382
-0.528539	0.00349382
-0.523227	0.00346404
-0.517915	0.00343446
-0.512604	0.00340509
-0.507292	0.00337593
-0.50198	0.00334698
-0.496668	0.00331825
-0.491356	0.00328974
-0.486044	0.00326144
-0.480732	0.00323337
-0.47542	0.00320552
-0.470108	0.0031779
-0.464796	0.00315051
-0.459484	0.00312334
-0.454172	0.00309642
-0.44886	0.00306972
-0.443548	0.00304327
-0.438236	0.00301705
-0.432924	0.00299107
-0.427612	0.00296535
-0.4223	0.00293986
-0.416988	0.00291463
-0.411676	0.00288966
-0.406364	0.00286494
-0.401053	0.00284047
-0.395741	0.00281627
-0.390429	0.00279233
-0.385117	0.00276866
-0.379805	0.00274525
-0.374493	0.00272212
-0.369181	0.00269926
-0.363869	0.00267668
-0.358557	0.00265438
-0.353245	0.00263236
-0.347933	0.00261062
-0.342621	0.00258917
-0.337309	0.00256801
-0.331997	0.00254714
-0.326685	0.00252657
-0.321373	0.00250629
-0.316061	0.00248631
-0.310749	0.00246664
-0.305437	0.00244726
-0.300125	0.0024282
-0.294813	0.00240944
-0.289501	0.00239099
-0.28419	0.00237286
-0.278878	0.00235504
-0.273566	0.00233753
-0.268254	0.00232035
-0.262942	0.00230348
-0.25763	0.00228694
-0.252318	0.00227072
-0.247006	0.00225482
-0.241694	0.00223926
-0.236382	0.00222402
-0.23107	0.00220911
-0.225758	0.00219452
-0.220446	0.00218028
-0.215134	0.00216636
-0.209822	0.00215278
-0.20451	0.00213953
-0.199198	0.00212662
-0.193886	0.00211405
-0.188574	0.00210182
-0.183262	0.00208992
-0.17795	0.00207836
-0.172638	0.00206714
-0.167327	0.00205626
-0.162015	0.00204572
-0.156703	0.00203552
-0.151391	0.00202566
-0.146079	0.00201614
-0.140767	0.00200696
-0.135455	0.00199812
-0.130143	0.00198963
-0.124831	0.00198147
-0.119519	0.00197366
-0.114207	0.00196618
-0.108895	0.00195905
-0.103583	0.00195226
-0.0982711	0.0019458
-0.0929592	0.00193969
-0.0876472	0.00193392
-0.0823353	0.00192848
-0.0770233	0.00192339
-0.0717114	0.00191864
-0.0663994	0.00191422
-0.0610875	0.00191015
-0.0557755	0.00190641
-0.0504636	0.00190301
-0.0451516	0.00189996
-0.0398397	0.00189724
-0.0345277	0.00189486
-0.0292157	0.00189282
-0.0239038	0.00189112
-0.0185918	0.00188976
-0.0132799	0.00188873
-0.00796793	0.00188805
-0.00265598	0.00188771
0	0.00188771
)
