(title "dX-Velocity/dy vs. Y-Coordinate")
(labels "Y-Coordinate" "dX-Velocity/dy")

((xy/key/label "line")
-1	177.705
-0.999807	152.438
-0.999585	137.492
-0.99933	141.206
-0.999037	113.766
-0.9987	88.7183
-0.998312	69.7245
-0.997866	55.5766
-0.997353	44.8948
-0.996763	36.7023
-0.996085	30.3274
-0.995305	25.2983
-0.994408	21.285
-0.993376	18.0512
-0.992189	15.4094
-0.990873	13.2825
-0.989556	11.6854
-0.988239	10.4321
-0.986922	9.42198
-0.985606	8.59391
-0.984289	7.9043
-0.982972	7.32141
-0.981655	6.82183
-0.980338	6.38851
-0.979022	6.00872
-0.977705	5.67296
-0.976388	5.37381
-0.975071	5.10531
-0.973755	4.86299
-0.972438	4.64315
-0.971121	4.44276
-0.969804	4.25932
-0.968488	4.09068
-0.967171	3.93518
-0.965854	3.79121
-0.964537	3.65754
-0.96322	3.53322
-0.961904	3.41721
-0.960587	3.30863
-0.95927	3.20679
-0.957953	3.11129
-0.956637	3.02142
-0.95532	2.93656
-0.954003	2.85647
-0.952686	2.78075
-0.951369	2.70898
-0.950053	2.64091
-0.948736	2.57628
-0.947419	2.51484
-0.946102	2.45629
-0.944786	2.4004
-0.943469	2.34709
-0.942152	2.29618
-0.940835	2.24754
-0.939518	2.20095
-0.938202	2.15619
-0.936885	2.11328
-0.935568	2.07213
-0.934251	2.03265
-0.932935	1.99465
-0.931618	1.95803
-0.930301	1.92276
-0.928984	1.88876
-0.927667	1.85606
-0.926351	1.82455
-0.925034	1.79403
-0.923717	1.7645
-0.9224	1.73599
-0.921084	1.70837
-0.919767	1.6817
-0.91845	1.65592
-0.917133	1.6309
-0.915817	1.60663
-0.9145	1.58306
-0.913183	1.56016
-0.911866	1.53797
-0.910549	1.51642
-0.909233	1.49551
-0.907916	1.47525
-0.906599	1.45546
-0.905282	1.43612
-0.903966	1.41733
-0.902649	1.39907
-0.901332	1.38129
-0.900015	1.36403
-0.898698	1.34725
-0.897382	1.33083
-0.896065	1.31481
-0.894748	1.2991
-0.893431	1.28374
-0.892115	1.26885
-0.890798	1.25425
-0.889481	1.24005
-0.888164	1.22627
-0.886847	1.21274
-0.885531	1.19952
-0.884214	1.18653
-0.882897	1.17378
-0.88158	1.16129
-0.880264	1.14913
-0.878947	1.13731
-0.87763	1.12564
-0.876313	1.11423
-0.874997	1.10311
-0.87368	1.09221
-0.872363	1.08153
-0.871046	1.07099
-0.869729	1.0606
-0.868413	1.0505
-0.867096	1.04063
-0.865779	1.03085
-0.864462	1.02134
-0.863146	1.01199
-0.861829	1.00276
-0.860512	0.993755
-0.859195	0.984949
-0.857878	0.976268
-0.856562	0.967664
-0.855245	0.959247
-0.853928	0.951035
-0.852611	0.94292
-0.851295	0.934945
-0.849978	0.927119
-0.848661	0.919392
-0.847344	0.91187
-0.846027	0.904462
-0.844711	0.897124
-0.843394	0.889881
-0.842077	0.882755
-0.84076	0.875764
-0.839444	0.868956
-0.838127	0.862255
-0.83681	0.855536
-0.835493	0.848982
-0.834177	0.842581
-0.83286	0.83621
-0.831543	0.82995
-0.830226	0.823797
-0.828909	0.817721
-0.827593	0.811709
-0.826276	0.805797
-0.824959	0.799927
-0.823642	0.794198
-0.822326	0.788545
-0.821009	0.782922
-0.819692	0.777471
-0.818375	0.772131
-0.817058	0.766791
-0.815742	0.761527
-0.814425	0.7564
-0.813108	0.751266
-0.811791	0.746244
-0.810475	0.741294
-0.809158	0.736348
-0.807841	0.731503
-0.806524	0.726688
-0.805207	0.721879
-0.803891	0.717176
-0.802574	0.712548
-0.801257	0.707951
-0.79994	0.703419
-0.798624	0.698999
-0.797307	0.694614
-0.79599	0.690264
-0.794673	0.68599
-0.793357	0.681746
-0.79204	0.677604
-0.790723	0.673572
-0.789406	0.669505
-0.788089	0.66555
-0.786773	0.661659
-0.785456	0.657658
-0.784139	0.653698
-0.782822	0.649808
-0.781506	0.645993
-0.780189	0.642174
-0.778872	0.638385
-0.777555	0.634743
-0.776238	0.6311
-0.774922	0.627463
-0.773605	0.623891
-0.772288	0.620385
-0.770971	0.616919
-0.769655	0.613489
-0.768338	0.610099
-0.767021	0.606739
-0.765704	0.603375
-0.764387	0.600086
-0.763071	0.596833
-0.761754	0.593615
-0.760437	0.590437
-0.75912	0.587289
-0.757804	0.584208
-0.756487	0.581131
-0.75517	0.577984
-0.753853	0.574876
-0.752537	0.57187
-0.75122	0.568825
-0.749903	0.565854
-0.748586	0.562919
-0.747269	0.559988
-0.745953	0.557124
-0.744636	0.554255
-0.743319	0.551426
-0.742002	0.548668
-0.740686	0.545913
-0.739369	0.54319
-0.738052	0.540499
-0.736735	0.537846
-0.735418	0.535194
-0.734102	0.532546
-0.732785	0.529964
-0.731468	0.527343
-0.730151	0.524726
-0.728835	0.52218
-0.727518	0.519603
-0.726201	0.517092
-0.724884	0.514612
-0.723567	0.512172
-0.722251	0.509732
-0.720934	0.507257
-0.719617	0.504891
-0.7183	0.502592
-0.716984	0.500255
-0.715667	0.49785
-0.71435	0.495516
-0.713033	0.493292
-0.711717	0.491028
-0.7104	0.488726
-0.709083	0.486463
-0.707766	0.484235
-0.706449	0.482011
-0.705133	0.479818
-0.703816	0.477657
-0.702499	0.475465
-0.701182	0.473308
-0.699866	0.471189
-0.698549	0.469067
-0.697232	0.466977
-0.695915	0.464926
-0.694598	0.46284
-0.693282	0.460828
-0.691965	0.458847
-0.690648	0.456828
-0.689331	0.454883
-0.688015	0.452938
-0.686698	0.450993
-0.685381	0.449016
-0.684064	0.447071
-0.682747	0.445123
-0.681431	0.443178
-0.680114	0.441339
-0.678797	0.439397
-0.67748	0.437452
-0.676164	0.43561
-0.674847	0.433771
-0.67353	0.432003
-0.672213	0.430167
-0.670897	0.428257
-0.66958	0.426486
-0.668263	0.424753
-0.666946	0.422985
-0.665629	0.42122
-0.664313	0.419452
-0.662996	0.417716
-0.661679	0.416018
-0.660362	0.414356
-0.659046	0.412627
-0.657729	0.410929
-0.656412	0.409264
-0.655095	0.407566
-0.653778	0.40594
-0.652462	0.404245
-0.651145	0.402689
-0.649828	0.401095
-0.648511	0.399362
-0.647195	0.397771
-0.645878	0.396215
-0.644561	0.394626
-0.643244	0.393035
-0.641927	0.391476
-0.640611	0.389885
-0.639294	0.388364
-0.637977	0.386882
-0.63666	0.385326
-0.635344	0.383837
-0.634027	0.382317
-0.63271	0.380796
-0.631393	0.379314
-0.630077	0.377828
-0.62876	0.37634
-0.627443	0.37489
-0.626126	0.373441
-0.624809	0.371923
-0.623493	0.370508
-0.622176	0.369055
-0.620859	0.367606
-0.619542	0.366226
-0.618226	0.364779
-0.616909	0.363365
-0.615592	0.361983
-0.614275	0.360568
-0.612958	0.359224
-0.611642	0.357845
-0.610325	0.356398
-0.609008	0.355125
-0.607691	0.353814
-0.606375	0.35247
-0.605058	0.351197
-0.603741	0.34982
-0.602424	0.348476
-0.601107	0.34713
-0.599791	0.345857
-0.598474	0.344584
-0.597157	0.343243
-0.59584	0.341969
-0.594524	0.340694
-0.593207	0.339421
-0.59189	0.338183
-0.590573	0.336912
-0.589257	0.335675
-0.58794	0.33447
-0.586623	0.333197
-0.585306	0.331924
-0.583989	0.330688
-0.582673	0.329521
-0.581356	0.328281
-0.580039	0.327043
-0.578722	0.325912
-0.577406	0.324712
-0.576089	0.323474
-0.574772	0.322305
-0.573455	0.321173
-0.572138	0.320006
-0.570822	0.318768
-0.569505	0.317568
-0.568188	0.316437
-0.566871	0.315267
-0.565555	0.314065
-0.564238	0.312933
-0.562921	0.311769
-0.561604	0.310566
-0.560287	0.309432
-0.558971	0.308265
-0.557654	0.307098
-0.556337	0.305969
-0.55502	0.304802
-0.553704	0.303668
-0.552387	0.302572
-0.55107	0.30144
-0.549753	0.300311
-0.548437	0.299214
-0.54712	0.298151
-0.545803	0.297055
-0.544486	0.295959
-0.543169	0.294935
-0.541853	0.29391
-0.540536	0.292811
-0.539219	0.291715
-0.537902	0.290725
-0.536586	0.289701
-0.535269	0.288676
-0.533952	0.287684
-0.532635	0.286623
-0.531318	0.285597
-0.530002	0.284607
-0.528685	0.283548
-0.527368	0.282523
-0.526051	0.28153
-0.524735	0.280505
-0.523418	0.279444
-0.522101	0.27835
-0.520784	0.277324
-0.519467	0.276332
-0.518151	0.275306
-0.516834	0.274281
-0.515517	0.273293
-0.5142	0.272302
-0.512884	0.271275
-0.511567	0.270285
-0.51025	0.269365
-0.508933	0.268377
-0.507617	0.267351
-0.5063	0.266395
-0.504983	0.265475
-0.503666	0.264485
-0.502349	0.263532
-0.501033	0.262682
-0.499716	0.261691
-0.498399	0.260667
-0.497082	0.259747
-0.495766	0.258828
-0.494449	0.257872
-0.493132	0.256954
-0.491815	0.255999
-0.490498	0.255044
-0.489182	0.254124
-0.487865	0.253169
-0.486548	0.25225
-0.485231	0.251331
-0.483915	0.250446
-0.482598	0.249527
-0.481281	0.248572
-0.479964	0.247724
-0.478647	0.246875
-0.477331	0.245954
-0.476014	0.245071
-0.474697	0.244152
-0.47338	0.243197
-0.472064	0.242313
-0.470747	0.241463
-0.46943	0.24058
-0.468113	0.239661
-0.466796	0.23874
-0.46548	0.237892
-0.464163	0.236973
-0.462846	0.236089
-0.461529	0.235275
-0.460213	0.234355
-0.458896	0.233543
-0.457579	0.232659
-0.456262	0.231739
-0.454946	0.230926
-0.453629	0.230076
-0.452312	0.229193
-0.450995	0.228344
-0.449678	0.227531
-0.448362	0.226611
-0.447045	0.225762
-0.445728	0.224949
-0.444411	0.224101
-0.443095	0.223251
-0.441778	0.222368
-0.440461	0.221554
-0.439144	0.220741
-0.437827	0.219892
-0.436511	0.219078
-0.435194	0.21823
-0.433877	0.217346
-0.43256	0.216533
-0.431244	0.215719
-0.429927	0.214834
-0.42861	0.213986
-0.427293	0.213173
-0.425976	0.212394
-0.42466	0.211546
-0.423343	0.210733
-0.422026	0.20992
-0.420709	0.209142
-0.419393	0.208363
-0.418076	0.207515
-0.416759	0.206737
-0.415442	0.205924
-0.414126	0.20511
-0.412809	0.204331
-0.411492	0.203554
-0.410175	0.202741
-0.408858	0.202033
-0.407542	0.201291
-0.406225	0.200477
-0.404908	0.199699
-0.403591	0.198921
-0.402275	0.198143
-0.400958	0.19733
-0.399641	0.196587
-0.398324	0.195845
-0.397007	0.195031
-0.395691	0.194253
-0.394374	0.193511
-0.393057	0.192697
-0.39174	0.191919
-0.390424	0.191177
-0.389107	0.190399
-0.38779	0.189692
-0.386473	0.188914
-0.385156	0.188099
-0.38384	0.187358
-0.382523	0.186615
-0.381206	0.185837
-0.379889	0.185059
-0.378573	0.184316
-0.377256	0.183538
-0.375939	0.182796
-0.374622	0.182124
-0.373306	0.181346
-0.371989	0.180567
-0.370672	0.17986
-0.369355	0.179118
-0.368038	0.178374
-0.366722	0.177632
-0.365405	0.17689
-0.364088	0.176112
-0.362771	0.175369
-0.361455	0.174661
-0.360138	0.173919
-0.358821	0.173212
-0.357504	0.172434
-0.356187	0.171691
-0.354871	0.170948
-0.353554	0.170206
-0.352237	0.169534
-0.35092	0.168791
-0.349604	0.168049
-0.348287	0.167377
-0.34697	0.16667
-0.345653	0.165892
-0.344336	0.165148
-0.34302	0.164512
-0.341703	0.163841
-0.340386	0.163098
-0.339069	0.162391
-0.337753	0.161683
-0.336436	0.161011
-0.335119	0.160304
-0.333802	0.159632
-0.332485	0.15896
-0.331169	0.158182
-0.329852	0.15751
-0.328535	0.156839
-0.327218	0.156131
-0.325902	0.155424
-0.324585	0.154681
-0.323268	0.154009
-0.321951	0.153373
-0.320635	0.152665
-0.319318	0.151958
-0.318001	0.151251
-0.316684	0.150544
-0.315367	0.149872
-0.314051	0.149199
-0.312734	0.148493
-0.311417	0.147821
-0.3101	0.147148
-0.308784	0.146442
-0.307467	0.14577
-0.30615	0.145098
-0.304833	0.144461
-0.303516	0.143753
-0.3022	0.143047
-0.300883	0.142445
-0.299566	0.141774
-0.298249	0.141066
-0.296933	0.140429
-0.295616	0.139758
-0.294299	0.139051
-0.292982	0.138413
-0.291665	0.137777
-0.290349	0.137035
-0.289032	0.136363
-0.287715	0.135762
-0.286398	0.135089
-0.285082	0.134418
-0.283765	0.133781
-0.282448	0.133109
-0.281131	0.132437
-0.279815	0.1318
-0.278498	0.131129
-0.277181	0.130492
-0.275864	0.129855
-0.274547	0.129184
-0.273231	0.128547
-0.271914	0.127876
-0.270597	0.127204
-0.26928	0.126531
-0.267964	0.125895
-0.266647	0.125294
-0.26533	0.124657
-0.264013	0.123986
-0.262696	0.123349
-0.26138	0.122783
-0.260063	0.122111
-0.258746	0.121404
-0.257429	0.120803
-0.256113	0.120202
-0.254796	0.119565
-0.253479	0.118929
-0.252162	0.118292
-0.250845	0.117655
-0.249529	0.117019
-0.248212	0.116347
-0.246895	0.115781
-0.245578	0.115145
-0.244262	0.114472
-0.242945	0.113871
-0.241628	0.113235
-0.240311	0.112634
-0.238995	0.111997
-0.237678	0.111325
-0.236361	0.110724
-0.235044	0.110123
-0.233727	0.109451
-0.232411	0.10885
-0.231094	0.108213
-0.229777	0.107612
-0.22846	0.107011
-0.227144	0.106339
-0.225827	0.105738
-0.22451	0.105136
-0.223193	0.1045
-0.221876	0.103899
-0.22056	0.103262
-0.219243	0.102626
-0.217926	0.10206
-0.216609	0.101423
-0.215293	0.100751
-0.213976	0.100186
-0.212659	0.0996199
-0.211342	0.098948
-0.210026	0.0983114
-0.208709	0.09771
-0.207392	0.0971089
-0.206075	0.0965078
-0.204758	0.0958713
-0.203442	0.0952699
-0.202125	0.0946688
-0.200808	0.0940324
-0.199491	0.0934312
-0.198175	0.09283
-0.196858	0.092264
-0.195541	0.0916275
-0.194224	0.0909557
-0.192907	0.0904253
-0.191591	0.0898239
-0.190274	0.0891874
-0.188957	0.0885864
-0.18764	0.0879145
-0.186324	0.0873131
-0.185007	0.0867826
-0.18369	0.0861463
-0.182373	0.0855451
-0.181056	0.0849439
-0.17974	0.0843072
-0.178423	0.0837414
-0.177106	0.0831403
-0.175789	0.0825038
-0.174473	0.0819024
-0.173156	0.0813013
-0.171839	0.0807002
-0.170522	0.080099
-0.169206	0.0794979
-0.167889	0.0788965
-0.166572	0.0782953
-0.165255	0.0777297
-0.163938	0.0771285
-0.162622	0.0764918
-0.161305	0.0758906
-0.159988	0.0753249
-0.158671	0.0746884
-0.157355	0.0740871
-0.156038	0.0735212
-0.154721	0.0728848
-0.153404	0.0722836
-0.152087	0.0716825
-0.150771	0.0710811
-0.149454	0.07048
-0.148137	0.0699143
-0.14682	0.0693131
-0.145504	0.0687118
-0.144187	0.0681106
-0.14287	0.0674742
-0.141553	0.0669083
-0.140236	0.0663072
-0.13892	0.0656705
-0.137603	0.0651047
-0.136286	0.0645036
-0.134969	0.0638671
-0.133653	0.0633011
-0.132336	0.0626999
-0.131019	0.0620635
-0.129702	0.061427
-0.128385	0.060861
-0.127069	0.0602952
-0.125752	0.0596588
-0.124435	0.0590576
-0.123118	0.0584563
-0.121802	0.0578198
-0.120485	0.057254
-0.119168	0.0566528
-0.117851	0.0559809
-0.116535	0.055415
-0.115218	0.0548492
-0.113901	0.0542127
-0.112584	0.0535761
-0.111267	0.0529749
-0.109951	0.0523738
-0.108634	0.0517726
-0.107317	0.0512068
-0.106	0.0505349
-0.104684	0.0498983
-0.103367	0.0493678
-0.10205	0.0487313
-0.100733	0.0480947
-0.0994165	0.0474936
-0.0980997	0.0468924
-0.0967829	0.0463266
-0.0954661	0.0457254
-0.0941494	0.0450888
-0.0928326	0.0444876
-0.0915158	0.0438511
-0.090199	0.0432145
-0.0888823	0.0426487
-0.0875655	0.0420475
-0.0862487	0.041411
-0.0849319	0.0408098
-0.0836152	0.0402086
-0.0822984	0.0396074
-0.0809816	0.0389709
-0.0796648	0.0383343
-0.0783481	0.0377685
-0.0770313	0.0371673
-0.0757145	0.0365308
-0.0743978	0.035965
-0.073081	0.0353284
-0.0717642	0.0346919
-0.0704474	0.0340907
-0.0691307	0.0334541
-0.0678139	0.032853
-0.0664971	0.0322518
-0.0651803	0.0316506
-0.0638636	0.0310494
-0.0625468	0.0304129
-0.06123	0.0298117
-0.0599132	0.0292105
-0.0585965	0.0285386
-0.0572797	0.0279374
-0.0559629	0.0273362
-0.0546461	0.026735
-0.0533294	0.0260985
-0.0520126	0.0254266
-0.0506958	0.02479
-0.049379	0.0241888
-0.0480623	0.0235523
-0.0467455	0.0228804
-0.0454287	0.0222438
-0.0441119	0.0215719
-0.0427952	0.0209
-0.0414784	0.0202635
-0.0401616	0.0195915
-0.0388448	0.0188843
-0.0375281	0.0182477
-0.0362113	0.0175758
-0.0348945	0.0168332
-0.0335777	0.0161259
-0.032261	0.015454
-0.0309442	0.0147467
-0.0296274	0.0140394
-0.0283106	0.0132968
-0.0269939	0.0125188
-0.0256771	0.0117761
-0.0243603	0.0109981
-0.0230436	0.0102555
-0.0217268	0.00954822
-0.02041	0.00877022
-0.0190932	0.00799222
-0.0177765	0.00717885
-0.0164597	0.00636548
-0.0151429	0.00562284
-0.0138261	0.00480948
-0.0125094	0.00399611
-0.0111926	0.00325347
-0.00987581	0.00254619
-0.00855903	0.00180355
-0.00724226	0.00120237
-0.00592548	0.000707276
-0.00460871	0.000247547
-0.00329194	3.53638e-05
-0.00197516	0
-0.000658387	2.61428e-14
0	3.26785e-14
)
