(title "Static Pressure vs. Y-Coordinate")
(labels "Y-Coordinate" "Static Pressure")

((xy/key/label "line")
-1	-0.000630758
-0.999807	-0.000522592
-0.999585	-0.00034036
-0.99933	-0.000300849
-0.999037	-0.000383688
-0.9987	-0.000489271
-0.998312	-0.000579285
-0.997866	-0.000654186
-0.997353	-0.000719185
-0.996763	-0.000774795
-0.996085	-0.0008214
-0.995305	-0.00086024
-0.994408	-0.000892595
-0.993376	-0.00091946
-0.992189	-0.000941607
-0.990873	-0.000959311
-0.989556	-0.000972331
-0.988239	-0.000982027
-0.986922	-0.000989326
-0.985606	-0.000994921
-0.984289	-0.000999278
-0.982972	-0.00100272
-0.981655	-0.00100548
-0.980338	-0.00100772
-0.979022	-0.00100958
-0.977705	-0.00101115
-0.976388	-0.0010125
-0.975071	-0.0010137
-0.973755	-0.0010148
-0.972438	-0.00101583
-0.971121	-0.0010168
-0.969804	-0.0010177
-0.968488	-0.00101854
-0.967171	-0.00101929
-0.965854	-0.00101997
-0.964537	-0.00102057
-0.96322	-0.00102109
-0.961904	-0.00102153
-0.960587	-0.00102189
-0.95927	-0.00102218
-0.957953	-0.0010224
-0.956637	-0.00102256
-0.95532	-0.00102265
-0.954003	-0.00102268
-0.952686	-0.00102264
-0.951369	-0.00102255
-0.950053	-0.00102241
-0.948736	-0.00102221
-0.947419	-0.00102197
-0.946102	-0.00102167
-0.944786	-0.00102133
-0.943469	-0.00102095
-0.942152	-0.00102053
-0.940835	-0.00102006
-0.939518	-0.00101956
-0.938202	-0.00101902
-0.936885	-0.00101844
-0.935568	-0.00101784
-0.934251	-0.0010172
-0.932935	-0.00101652
-0.931618	-0.00101582
-0.930301	-0.00101509
-0.928984	-0.00101433
-0.927667	-0.00101355
-0.926351	-0.00101274
-0.925034	-0.0010119
-0.923717	-0.00101104
-0.9224	-0.00101015
-0.921084	-0.00100925
-0.919767	-0.00100832
-0.91845	-0.00100737
-0.917133	-0.0010064
-0.915817	-0.00100541
-0.9145	-0.00100441
-0.913183	-0.00100338
-0.911866	-0.00100233
-0.910549	-0.00100127
-0.909233	-0.00100019
-0.907916	-0.000999098
-0.906599	-0.000997986
-0.905282	-0.00099686
-0.903966	-0.000995717
-0.902649	-0.000994561
-0.901332	-0.000993389
-0.900015	-0.000992204
-0.898698	-0.000991005
-0.897382	-0.000989793
-0.896065	-0.000988568
-0.894748	-0.000987331
-0.893431	-0.000986081
-0.892115	-0.00098482
-0.890798	-0.000983546
-0.889481	-0.00098226
-0.888164	-0.000980963
-0.886847	-0.000979656
-0.885531	-0.000978337
-0.884214	-0.000977008
-0.882897	-0.000975668
-0.88158	-0.000974319
-0.880264	-0.00097296
-0.878947	-0.000971591
-0.87763	-0.000970212
-0.876313	-0.000968825
-0.874997	-0.000967429
-0.87368	-0.000966024
-0.872363	-0.00096461
-0.871046	-0.000963187
-0.869729	-0.000961757
-0.868413	-0.000960317
-0.867096	-0.000958871
-0.865779	-0.000957416
-0.864462	-0.000955954
-0.863146	-0.000954484
-0.861829	-0.000953006
-0.860512	-0.000951521
-0.859195	-0.000950028
-0.857878	-0.000948529
-0.856562	-0.000947023
-0.855245	-0.000945509
-0.853928	-0.000943989
-0.852611	-0.000942462
-0.851295	-0.000940929
-0.849978	-0.000939389
-0.848661	-0.000937843
-0.847344	-0.000936291
-0.846027	-0.000934732
-0.844711	-0.000933168
-0.843394	-0.000931597
-0.842077	-0.000930021
-0.84076	-0.000928439
-0.839444	-0.000926852
-0.838127	-0.000925259
-0.83681	-0.000923661
-0.835493	-0.000922057
-0.834177	-0.000920447
-0.83286	-0.000918832
-0.831543	-0.000917213
-0.830226	-0.000915587
-0.828909	-0.000913957
-0.827593	-0.000912322
-0.826276	-0.000910683
-0.824959	-0.000909039
-0.823642	-0.000907389
-0.822326	-0.000905735
-0.821009	-0.000904076
-0.819692	-0.000902413
-0.818375	-0.000900745
-0.817058	-0.000899073
-0.815742	-0.000897395
-0.814425	-0.000895713
-0.813108	-0.000894027
-0.811791	-0.000892337
-0.810475	-0.000890642
-0.809158	-0.000888944
-0.807841	-0.000887243
-0.806524	-0.000885537
-0.805207	-0.000883827
-0.803891	-0.000882113
-0.802574	-0.000880394
-0.801257	-0.000878672
-0.79994	-0.000876945
-0.798624	-0.000875214
-0.797307	-0.00087348
-0.79599	-0.000871742
-0.794673	-0.00087
-0.793357	-0.000868254
-0.79204	-0.000866505
-0.790723	-0.000864751
-0.789406	-0.000862994
-0.788089	-0.000861234
-0.786773	-0.00085947
-0.785456	-0.000857703
-0.784139	-0.000855933
-0.782822	-0.00085416
-0.781506	-0.000852383
-0.780189	-0.000850603
-0.778872	-0.000848819
-0.777555	-0.000847032
-0.776238	-0.000845242
-0.774922	-0.000843449
-0.773605	-0.000841654
-0.772288	-0.000839854
-0.770971	-0.000838052
-0.769655	-0.000836246
-0.768338	-0.000834437
-0.767021	-0.000832625
-0.765704	-0.000830811
-0.764387	-0.000828992
-0.763071	-0.000827171
-0.761754	-0.000825347
-0.760437	-0.00082352
-0.75912	-0.00082169
-0.757804	-0.000819857
-0.756487	-0.000818021
-0.75517	-0.000816183
-0.753853	-0.000814341
-0.752537	-0.000812497
-0.75122	-0.000810651
-0.749903	-0.000808801
-0.748586	-0.000806949
-0.747269	-0.000805094
-0.745953	-0.000803237
-0.744636	-0.000801377
-0.743319	-0.000799515
-0.742002	-0.000797651
-0.740686	-0.000795785
-0.739369	-0.000793916
-0.738052	-0.000792045
-0.736735	-0.000790172
-0.735418	-0.000788297
-0.734102	-0.00078642
-0.732785	-0.00078454
-0.731468	-0.000782659
-0.730151	-0.000780775
-0.728835	-0.000778889
-0.727518	-0.000777
-0.726201	-0.000775109
-0.724884	-0.000773216
-0.723567	-0.000771321
-0.722251	-0.000769424
-0.720934	-0.000767525
-0.719617	-0.000765624
-0.7183	-0.000763721
-0.716984	-0.000761816
-0.715667	-0.000759909
-0.71435	-0.000757999
-0.713033	-0.000756088
-0.711717	-0.000754175
-0.7104	-0.000752261
-0.709083	-0.000750344
-0.707766	-0.000748425
-0.706449	-0.000746505
-0.705133	-0.000744583
-0.703816	-0.000742659
-0.702499	-0.000740733
-0.701182	-0.000738806
-0.699866	-0.000736877
-0.698549	-0.000734946
-0.697232	-0.000733014
-0.695915	-0.000731081
-0.694598	-0.000729146
-0.693282	-0.000727209
-0.691965	-0.000725271
-0.690648	-0.000723331
-0.689331	-0.000721389
-0.688015	-0.000719447
-0.686698	-0.000717502
-0.685381	-0.000715557
-0.684064	-0.00071361
-0.682747	-0.000711662
-0.681431	-0.000709712
-0.680114	-0.00070776
-0.678797	-0.000705807
-0.67748	-0.000703853
-0.676164	-0.000701897
-0.674847	-0.00069994
-0.67353	-0.000697981
-0.672213	-0.000696022
-0.670897	-0.000694061
-0.66958	-0.0006921
-0.668263	-0.000690136
-0.666946	-0.000688172
-0.665629	-0.000686206
-0.664313	-0.00068424
-0.662996	-0.000682272
-0.661679	-0.000680303
-0.660362	-0.000678333
-0.659046	-0.000676363
-0.657729	-0.000674391
-0.656412	-0.000672417
-0.655095	-0.000670443
-0.653778	-0.000668467
-0.652462	-0.00066649
-0.651145	-0.000664512
-0.649828	-0.000662533
-0.648511	-0.000660554
-0.647195	-0.000658574
-0.645878	-0.000656594
-0.644561	-0.000654613
-0.643244	-0.00065263
-0.641927	-0.000650647
-0.640611	-0.000648662
-0.639294	-0.000646677
-0.637977	-0.00064469
-0.63666	-0.000642703
-0.635344	-0.000640715
-0.634027	-0.000638726
-0.63271	-0.000636737
-0.631393	-0.000634747
-0.630077	-0.000632757
-0.62876	-0.000630765
-0.627443	-0.000628773
-0.626126	-0.000626781
-0.624809	-0.000624788
-0.623493	-0.000622794
-0.622176	-0.0006208
-0.620859	-0.000618805
-0.619542	-0.000616809
-0.618226	-0.000614813
-0.616909	-0.000612817
-0.615592	-0.000610821
-0.614275	-0.000608824
-0.612958	-0.000606826
-0.611642	-0.000604829
-0.610325	-0.00060283
-0.609008	-0.000600832
-0.607691	-0.000598833
-0.606375	-0.000596833
-0.605058	-0.000594834
-0.603741	-0.000592833
-0.602424	-0.000590833
-0.601107	-0.000588832
-0.599791	-0.000586831
-0.598474	-0.00058483
-0.597157	-0.000582828
-0.59584	-0.000580826
-0.594524	-0.000578824
-0.593207	-0.000576822
-0.59189	-0.000574821
-0.590573	-0.000572818
-0.589257	-0.000570816
-0.58794	-0.000568814
-0.586623	-0.000566812
-0.585306	-0.000564811
-0.583989	-0.000562809
-0.582673	-0.000560808
-0.581356	-0.000558806
-0.580039	-0.000556805
-0.578722	-0.000554804
-0.577406	-0.000552803
-0.576089	-0.000550802
-0.574772	-0.000548801
-0.573455	-0.0005468
-0.572138	-0.000544799
-0.570822	-0.000542799
-0.569505	-0.000540799
-0.568188	-0.000538799
-0.566871	-0.0005368
-0.565555	-0.000534801
-0.564238	-0.000532802
-0.562921	-0.000530804
-0.561604	-0.000528806
-0.560287	-0.000526809
-0.558971	-0.000524812
-0.557654	-0.000522815
-0.556337	-0.000520819
-0.55502	-0.000518824
-0.553704	-0.000516828
-0.552387	-0.000514834
-0.55107	-0.00051284
-0.549753	-0.000510847
-0.548437	-0.000508855
-0.54712	-0.000506863
-0.545803	-0.000504872
-0.544486	-0.000502881
-0.543169	-0.000500891
-0.541853	-0.000498902
-0.540536	-0.000496913
-0.539219	-0.000494925
-0.537902	-0.000492939
-0.536586	-0.000490952
-0.535269	-0.000488967
-0.533952	-0.000486982
-0.532635	-0.000484998
-0.531318	-0.000483015
-0.530002	-0.000481034
-0.528685	-0.000479053
-0.527368	-0.000477073
-0.526051	-0.000475094
-0.524735	-0.000473116
-0.523418	-0.000471139
-0.522101	-0.000469164
-0.520784	-0.000467189
-0.519467	-0.000465215
-0.518151	-0.000463243
-0.516834	-0.000461271
-0.515517	-0.0004593
-0.5142	-0.000457331
-0.512884	-0.000455363
-0.511567	-0.000453395
-0.51025	-0.000451429
-0.508933	-0.000449463
-0.507617	-0.000447499
-0.5063	-0.000445536
-0.504983	-0.000443574
-0.503666	-0.000441613
-0.502349	-0.000439654
-0.501033	-0.000437696
-0.499716	-0.000435739
-0.498399	-0.000433784
-0.497082	-0.000431829
-0.495766	-0.000429876
-0.494449	-0.000427925
-0.493132	-0.000425975
-0.491815	-0.000424027
-0.490498	-0.00042208
-0.489182	-0.000420136
-0.487865	-0.000418192
-0.486548	-0.000416251
-0.485231	-0.000414311
-0.483915	-0.000412373
-0.482598	-0.000410436
-0.481281	-0.000408502
-0.479964	-0.000406569
-0.478647	-0.000404638
-0.477331	-0.000402709
-0.476014	-0.000400782
-0.474697	-0.000398856
-0.47338	-0.000396933
-0.472064	-0.000395011
-0.470747	-0.000393092
-0.46943	-0.000391174
-0.468113	-0.000389259
-0.466796	-0.000387345
-0.46548	-0.000385434
-0.464163	-0.000383524
-0.462846	-0.000381617
-0.461529	-0.000379712
-0.460213	-0.000377809
-0.458896	-0.000375908
-0.457579	-0.000374009
-0.456262	-0.000372113
-0.454946	-0.000370219
-0.453629	-0.000368326
-0.452312	-0.000366436
-0.450995	-0.000364549
-0.449678	-0.000362664
-0.448362	-0.000360781
-0.447045	-0.0003589
-0.445728	-0.000357022
-0.444411	-0.000355147
-0.443095	-0.000353274
-0.441778	-0.000351403
-0.440461	-0.000349535
-0.439144	-0.000347669
-0.437827	-0.000345806
-0.436511	-0.000343945
-0.435194	-0.000342087
-0.433877	-0.000340232
-0.43256	-0.000338379
-0.431244	-0.000336529
-0.429927	-0.000334682
-0.42861	-0.000332838
-0.427293	-0.000330996
-0.425976	-0.000329157
-0.42466	-0.000327322
-0.423343	-0.000325488
-0.422026	-0.000323658
-0.420709	-0.000321831
-0.419393	-0.000320007
-0.418076	-0.000318185
-0.416759	-0.000316367
-0.415442	-0.000314551
-0.414126	-0.000312739
-0.412809	-0.00031093
-0.411492	-0.000309124
-0.410175	-0.000307321
-0.408858	-0.000305521
-0.407542	-0.000303724
-0.406225	-0.000301931
-0.404908	-0.000300142
-0.403591	-0.000298355
-0.402275	-0.000296572
-0.400958	-0.000294792
-0.399641	-0.000293015
-0.398324	-0.000291242
-0.397007	-0.000289472
-0.395691	-0.000287705
-0.394374	-0.000285942
-0.393057	-0.000284182
-0.39174	-0.000282426
-0.390424	-0.000280674
-0.389107	-0.000278924
-0.38779	-0.000277179
-0.386473	-0.000275437
-0.385156	-0.000273699
-0.38384	-0.000271965
-0.382523	-0.000270234
-0.381206	-0.000268507
-0.379889	-0.000266784
-0.378573	-0.000265065
-0.377256	-0.000263349
-0.375939	-0.000261637
-0.374622	-0.000259929
-0.373306	-0.000258224
-0.371989	-0.000256524
-0.370672	-0.000254827
-0.369355	-0.000253134
-0.368038	-0.000251445
-0.366722	-0.000249759
-0.365405	-0.000248078
-0.364088	-0.000246401
-0.362771	-0.000244727
-0.361455	-0.000243057
-0.360138	-0.000241392
-0.358821	-0.000239731
-0.357504	-0.000238074
-0.356187	-0.000236421
-0.354871	-0.000234772
-0.353554	-0.000233128
-0.352237	-0.000231488
-0.35092	-0.000229852
-0.349604	-0.000228221
-0.348287	-0.000226594
-0.34697	-0.000224971
-0.345653	-0.000223353
-0.344336	-0.000221739
-0.34302	-0.00022013
-0.341703	-0.000218526
-0.340386	-0.000216925
-0.339069	-0.00021533
-0.337753	-0.000213739
-0.336436	-0.000212153
-0.335119	-0.000210571
-0.333802	-0.000208994
-0.332485	-0.000207422
-0.331169	-0.000205853
-0.329852	-0.00020429
-0.328535	-0.00020273
-0.327218	-0.000201176
-0.325902	-0.000199626
-0.324585	-0.000198081
-0.323268	-0.000196541
-0.321951	-0.000195005
-0.320635	-0.000193474
-0.319318	-0.000191948
-0.318001	-0.000190427
-0.316684	-0.000188911
-0.315367	-0.000187399
-0.314051	-0.000185892
-0.312734	-0.000184391
-0.311417	-0.000182895
-0.3101	-0.000181402
-0.308784	-0.000179916
-0.307467	-0.000178434
-0.30615	-0.000176957
-0.304833	-0.000175486
-0.303516	-0.00017402
-0.3022	-0.000172559
-0.300883	-0.000171103
-0.299566	-0.000169652
-0.298249	-0.000168207
-0.296933	-0.000166767
-0.295616	-0.000165333
-0.294299	-0.000163903
-0.292982	-0.000162479
-0.291665	-0.000161061
-0.290349	-0.000159647
-0.289032	-0.00015824
-0.287715	-0.000156837
-0.286398	-0.00015544
-0.285082	-0.000154048
-0.283765	-0.000152661
-0.282448	-0.00015128
-0.281131	-0.000149904
-0.279815	-0.000148534
-0.278498	-0.00014717
-0.277181	-0.000145811
-0.275864	-0.000144457
-0.274547	-0.00014311
-0.273231	-0.000141767
-0.271914	-0.00014043
-0.270597	-0.000139099
-0.26928	-0.000137774
-0.267964	-0.000136454
-0.266647	-0.00013514
-0.26533	-0.000133832
-0.264013	-0.000132529
-0.262696	-0.000131232
-0.26138	-0.000129941
-0.260063	-0.000128655
-0.258746	-0.000127376
-0.257429	-0.000126102
-0.256113	-0.000124834
-0.254796	-0.000123572
-0.253479	-0.000122316
-0.252162	-0.000121065
-0.250845	-0.000119821
-0.249529	-0.000118582
-0.248212	-0.000117349
-0.246895	-0.000116122
-0.245578	-0.000114901
-0.244262	-0.000113687
-0.242945	-0.000112478
-0.241628	-0.000111274
-0.240311	-0.000110077
-0.238995	-0.000108886
-0.237678	-0.000107701
-0.236361	-0.000106522
-0.235044	-0.000105348
-0.233727	-0.000104181
-0.232411	-0.00010302
-0.231094	-0.000101866
-0.229777	-0.000100717
-0.22846	-9.9574e-05
-0.227144	-9.84379e-05
-0.225827	-9.73078e-05
-0.22451	-9.61836e-05
-0.223193	-9.50657e-05
-0.221876	-9.39538e-05
-0.22056	-9.28486e-05
-0.219243	-9.17497e-05
-0.217926	-9.06563e-05
-0.216609	-8.95692e-05
-0.215293	-8.84884e-05
-0.213976	-8.74141e-05
-0.212659	-8.63457e-05
-0.211342	-8.52835e-05
-0.210026	-8.42281e-05
-0.208709	-8.31785e-05
-0.207392	-8.21351e-05
-0.206075	-8.10982e-05
-0.204758	-8.00677e-05
-0.203442	-7.90433e-05
-0.202125	-7.80254e-05
-0.200808	-7.70141e-05
-0.199491	-7.60088e-05
-0.198175	-7.501e-05
-0.196858	-7.40179e-05
-0.195541	-7.30319e-05
-0.194224	-7.20525e-05
-0.192907	-7.10791e-05
-0.191591	-7.01123e-05
-0.190274	-6.91523e-05
-0.188957	-6.81981e-05
-0.18764	-6.72509e-05
-0.186324	-6.63104e-05
-0.185007	-6.5376e-05
-0.18369	-6.44484e-05
-0.182373	-6.35266e-05
-0.181056	-6.26119e-05
-0.17974	-6.17037e-05
-0.178423	-6.08017e-05
-0.177106	-5.99066e-05
-0.175789	-5.90177e-05
-0.174473	-5.81357e-05
-0.173156	-5.72599e-05
-0.171839	-5.6391e-05
-0.170522	-5.55289e-05
-0.169206	-5.46728e-05
-0.167889	-5.38232e-05
-0.166572	-5.29802e-05
-0.165255	-5.21441e-05
-0.163938	-5.13147e-05
-0.162622	-5.04913e-05
-0.161305	-4.96746e-05
-0.159988	-4.88648e-05
-0.158671	-4.80615e-05
-0.157355	-4.72645e-05
-0.156038	-4.64739e-05
-0.154721	-4.56904e-05
-0.153404	-4.49135e-05
-0.152087	-4.41428e-05
-0.150771	-4.33785e-05
-0.149454	-4.26209e-05
-0.148137	-4.18703e-05
-0.14682	-4.1126e-05
-0.145504	-4.03886e-05
-0.144187	-3.96582e-05
-0.14287	-3.89341e-05
-0.141553	-3.82165e-05
-0.140236	-3.75057e-05
-0.13892	-3.68016e-05
-0.137603	-3.61039e-05
-0.136286	-3.54131e-05
-0.134969	-3.47289e-05
-0.133653	-3.40513e-05
-0.132336	-3.3381e-05
-0.131019	-3.27172e-05
-0.129702	-3.20597e-05
-0.128385	-3.14093e-05
-0.127069	-3.07657e-05
-0.125752	-3.01287e-05
-0.124435	-2.94983e-05
-0.123118	-2.88745e-05
-0.121802	-2.82576e-05
-0.120485	-2.76475e-05
-0.119168	-2.70436e-05
-0.117851	-2.64465e-05
-0.116535	-2.58565e-05
-0.115218	-2.52727e-05
-0.113901	-2.46959e-05
-0.112584	-2.41262e-05
-0.111267	-2.35626e-05
-0.109951	-2.30061e-05
-0.108634	-2.24563e-05
-0.107317	-2.1913e-05
-0.106	-2.13764e-05
-0.104684	-2.08465e-05
-0.103367	-2.03233e-05
-0.10205	-1.98064e-05
-0.100733	-1.92962e-05
-0.0994165	-1.8793e-05
-0.0980997	-1.82963e-05
-0.0967829	-1.78063e-05
-0.0954661	-1.73233e-05
-0.0941494	-1.68461e-05
-0.0928326	-1.63761e-05
-0.0915158	-1.5913e-05
-0.090199	-1.54564e-05
-0.0888823	-1.50065e-05
-0.0875655	-1.45634e-05
-0.0862487	-1.41271e-05
-0.0849319	-1.36972e-05
-0.0836152	-1.32741e-05
-0.0822984	-1.28582e-05
-0.0809816	-1.24485e-05
-0.0796648	-1.20454e-05
-0.0783481	-1.16497e-05
-0.0770313	-1.126e-05
-0.0757145	-1.08769e-05
-0.0743978	-1.05011e-05
-0.073081	-1.01315e-05
-0.0717642	-9.76819e-06
-0.0704474	-9.41205e-06
-0.0691307	-9.06272e-06
-0.0678139	-8.71982e-06
-0.0664971	-8.38352e-06
-0.0651803	-8.0539e-06
-0.0638636	-7.73065e-06
-0.0625468	-7.41458e-06
-0.06123	-7.10483e-06
-0.0599132	-6.80168e-06
-0.0585965	-6.50568e-06
-0.0572797	-6.21565e-06
-0.0559629	-5.93245e-06
-0.0546461	-5.65601e-06
-0.0533294	-5.38593e-06
-0.0520126	-5.12253e-06
-0.0506958	-4.86591e-06
-0.049379	-4.61569e-06
-0.0480623	-4.37199e-06
-0.0467455	-4.13551e-06
-0.0454287	-3.9053e-06
-0.0441119	-3.68164e-06
-0.0427952	-3.46518e-06
-0.0414784	-3.25515e-06
-0.0401616	-3.05131e-06
-0.0388448	-2.85452e-06
-0.0375281	-2.66419e-06
-0.0362113	-2.48053e-06
-0.0348945	-2.30389e-06
-0.0335777	-2.13304e-06
-0.032261	-1.96885e-06
-0.0309442	-1.81141e-06
-0.0296274	-1.66011e-06
-0.0283106	-1.51584e-06
-0.0269939	-1.37834e-06
-0.0256771	-1.2472e-06
-0.0243603	-1.12303e-06
-0.0230436	-1.00489e-06
-0.0217268	-8.93259e-07
-0.02041	-7.88693e-07
-0.0190932	-6.90453e-07
-0.0177765	-5.98383e-07
-0.0164597	-5.127e-07
-0.0151429	-4.34002e-07
-0.0138261	-3.61626e-07
-0.0125094	-2.95974e-07
-0.0111926	-2.36971e-07
-0.00987581	-1.84318e-07
-0.00855903	-1.38825e-07
-0.00724226	-9.97295e-08
-0.00592548	-6.71081e-08
-0.00460871	-4.08524e-08
-0.00329194	-2.11363e-08
-0.00197516	-8.18308e-09
-0.000658387	-1.6609e-09
0	-1.54633e-09
)
