(title "UU Reynolds Stress vs. Y-Coordinate")
(labels "Y-Coordinate" "UU Reynolds Stress")

((xy/key/label "line")
-1	0.00565348
-0.999807	0.00435273
-0.999585	0.0027137
-0.99933	0.00286594
-0.999037	0.0036334
-0.9987	0.0044401
-0.998312	0.00510195
-0.997866	0.00561425
-0.997353	0.00600843
-0.996763	0.00631458
-0.996085	0.00655462
-0.995305	0.0067444
-0.994408	0.00689544
-0.993376	0.00701607
-0.992189	0.00711213
-0.990873	0.00718543
-0.989556	0.00723581
-0.988239	0.00727063
-0.986922	0.00729463
-0.985606	0.0073109
-0.984289	0.0073215
-0.982972	0.00732782
-0.981655	0.00733081
-0.980338	0.00733118
-0.979022	0.0073294
-0.977705	0.00732587
-0.976388	0.00732087
-0.975071	0.00731462
-0.973755	0.00730732
-0.972438	0.0072991
-0.971121	0.00729009
-0.969804	0.00728043
-0.968488	0.0072702
-0.967171	0.00725949
-0.965854	0.00724838
-0.964537	0.0072369
-0.96322	0.00722513
-0.961904	0.00721309
-0.960587	0.00720082
-0.95927	0.00718836
-0.957953	0.00717574
-0.956637	0.00716297
-0.95532	0.00715008
-0.954003	0.00713709
-0.952686	0.00712401
-0.951369	0.00711086
-0.950053	0.00709764
-0.948736	0.00708437
-0.947419	0.00707106
-0.946102	0.00705771
-0.944786	0.00704434
-0.943469	0.00703095
-0.942152	0.00701754
-0.940835	0.00700413
-0.939518	0.00699071
-0.938202	0.00697729
-0.936885	0.00696387
-0.935568	0.00695046
-0.934251	0.00693706
-0.932935	0.00692367
-0.931618	0.0069103
-0.930301	0.00689693
-0.928984	0.00688359
-0.927667	0.00687026
-0.926351	0.00685695
-0.925034	0.00684366
-0.923717	0.0068304
-0.9224	0.00681716
-0.921084	0.00680394
-0.919767	0.00679074
-0.91845	0.00677757
-0.917133	0.00676443
-0.915817	0.00675131
-0.9145	0.00673821
-0.913183	0.00672514
-0.911866	0.0067121
-0.910549	0.00669909
-0.909233	0.0066861
-0.907916	0.00667314
-0.906599	0.00666021
-0.905282	0.0066473
-0.903966	0.00663443
-0.902649	0.00662157
-0.901332	0.00660875
-0.900015	0.00659595
-0.898698	0.00658318
-0.897382	0.00657044
-0.896065	0.00655773
-0.894748	0.00654504
-0.893431	0.00653238
-0.892115	0.00651975
-0.890798	0.00650714
-0.889481	0.00649456
-0.888164	0.006482
-0.886847	0.00646947
-0.885531	0.00645696
-0.884214	0.00644448
-0.882897	0.00643203
-0.88158	0.0064196
-0.880264	0.0064072
-0.878947	0.00639483
-0.87763	0.00638248
-0.876313	0.00637015
-0.874997	0.00635786
-0.87368	0.00634558
-0.872363	0.00633334
-0.871046	0.00632111
-0.869729	0.00630891
-0.868413	0.00629673
-0.867096	0.00628458
-0.865779	0.00627245
-0.864462	0.00626035
-0.863146	0.00624827
-0.861829	0.00623622
-0.860512	0.00622418
-0.859195	0.00621217
-0.857878	0.00620019
-0.856562	0.00618823
-0.855245	0.00617629
-0.853928	0.00616437
-0.852611	0.00615248
-0.851295	0.0061406
-0.849978	0.00612875
-0.848661	0.00611692
-0.847344	0.00610512
-0.846027	0.00609333
-0.844711	0.00608156
-0.843394	0.00606981
-0.842077	0.00605808
-0.84076	0.00604638
-0.839444	0.0060347
-0.838127	0.00602303
-0.83681	0.00601139
-0.835493	0.00599977
-0.834177	0.00598817
-0.83286	0.00597659
-0.831543	0.00596502
-0.830226	0.00595348
-0.828909	0.00594195
-0.827593	0.00593045
-0.826276	0.00591896
-0.824959	0.0059075
-0.823642	0.00589605
-0.822326	0.00588462
-0.821009	0.00587321
-0.819692	0.00586182
-0.818375	0.00585045
-0.817058	0.00583909
-0.815742	0.00582775
-0.814425	0.00581642
-0.813108	0.00580512
-0.811791	0.00579383
-0.810475	0.00578256
-0.809158	0.00577131
-0.807841	0.00576008
-0.806524	0.00574888
-0.805207	0.00573768
-0.803891	0.00572651
-0.802574	0.00571535
-0.801257	0.0057042
-0.79994	0.00569308
-0.798624	0.00568197
-0.797307	0.00567087
-0.79599	0.0056598
-0.794673	0.00564873
-0.793357	0.00563769
-0.79204	0.00562666
-0.790723	0.00561565
-0.789406	0.00560465
-0.788089	0.00559367
-0.786773	0.0055827
-0.785456	0.00557175
-0.784139	0.00556082
-0.782822	0.0055499
-0.781506	0.005539
-0.780189	0.00552811
-0.778872	0.00551724
-0.777555	0.00550638
-0.776238	0.00549554
-0.774922	0.00548471
-0.773605	0.0054739
-0.772288	0.0054631
-0.770971	0.00545232
-0.769655	0.00544156
-0.768338	0.0054308
-0.767021	0.00542007
-0.765704	0.00540934
-0.764387	0.00539863
-0.763071	0.00538794
-0.761754	0.00537725
-0.760437	0.00536658
-0.75912	0.00535593
-0.757804	0.00534529
-0.756487	0.00533466
-0.75517	0.00532405
-0.753853	0.00531344
-0.752537	0.00530286
-0.75122	0.00529228
-0.749903	0.00528172
-0.748586	0.00527118
-0.747269	0.00526064
-0.745953	0.00525012
-0.744636	0.00523962
-0.743319	0.00522912
-0.742002	0.00521865
-0.740686	0.00520818
-0.739369	0.00519773
-0.738052	0.0051873
-0.736735	0.00517688
-0.735418	0.00516647
-0.734102	0.00515607
-0.732785	0.00514569
-0.731468	0.00513532
-0.730151	0.00512497
-0.728835	0.00511462
-0.727518	0.00510429
-0.726201	0.00509397
-0.724884	0.00508366
-0.723567	0.00507337
-0.722251	0.00506309
-0.720934	0.00505282
-0.719617	0.00504256
-0.7183	0.00503232
-0.716984	0.00502209
-0.715667	0.00501187
-0.71435	0.00500166
-0.713033	0.00499146
-0.711717	0.00498128
-0.7104	0.00497111
-0.709083	0.00496095
-0.707766	0.00495081
-0.706449	0.00494068
-0.705133	0.00493055
-0.703816	0.00492045
-0.702499	0.00491035
-0.701182	0.00490027
-0.699866	0.0048902
-0.698549	0.00488015
-0.697232	0.0048701
-0.695915	0.00486007
-0.694598	0.00485005
-0.693282	0.00484004
-0.691965	0.00483005
-0.690648	0.00482006
-0.689331	0.00481009
-0.688015	0.00480013
-0.686698	0.00479018
-0.685381	0.00478024
-0.684064	0.00477032
-0.682747	0.0047604
-0.681431	0.0047505
-0.680114	0.00474061
-0.678797	0.00473073
-0.67748	0.00472086
-0.676164	0.00471101
-0.674847	0.00470116
-0.67353	0.00469133
-0.672213	0.0046815
-0.670897	0.00467169
-0.66958	0.00466189
-0.668263	0.00465211
-0.666946	0.00464233
-0.665629	0.00463256
-0.664313	0.00462281
-0.662996	0.00461306
-0.661679	0.00460333
-0.660362	0.00459361
-0.659046	0.00458391
-0.657729	0.00457421
-0.656412	0.00456452
-0.655095	0.00455485
-0.653778	0.00454518
-0.652462	0.00453553
-0.651145	0.00452589
-0.649828	0.00451626
-0.648511	0.00450664
-0.647195	0.00449704
-0.645878	0.00448744
-0.644561	0.00447786
-0.643244	0.00446828
-0.641927	0.00445872
-0.640611	0.00444917
-0.639294	0.00443962
-0.637977	0.00443009
-0.63666	0.00442057
-0.635344	0.00441107
-0.634027	0.00440157
-0.63271	0.00439209
-0.631393	0.00438261
-0.630077	0.00437315
-0.62876	0.0043637
-0.627443	0.00435426
-0.626126	0.00434483
-0.624809	0.00433541
-0.623493	0.004326
-0.622176	0.00431661
-0.620859	0.00430722
-0.619542	0.00429785
-0.618226	0.00428849
-0.616909	0.00427914
-0.615592	0.0042698
-0.614275	0.00426048
-0.612958	0.00425116
-0.611642	0.00424186
-0.610325	0.00423257
-0.609008	0.00422328
-0.607691	0.00421401
-0.606375	0.00420475
-0.605058	0.00419551
-0.603741	0.00418627
-0.602424	0.00417704
-0.601107	0.00416783
-0.599791	0.00415863
-0.598474	0.00414943
-0.597157	0.00414025
-0.59584	0.00413108
-0.594524	0.00412192
-0.593207	0.00411278
-0.59189	0.00410364
-0.590573	0.00409451
-0.589257	0.0040854
-0.58794	0.0040763
-0.586623	0.00406721
-0.585306	0.00405813
-0.583989	0.00404907
-0.582673	0.00404001
-0.581356	0.00403097
-0.580039	0.00402194
-0.578722	0.00401292
-0.577406	0.00400391
-0.576089	0.00399491
-0.574772	0.00398592
-0.573455	0.00397695
-0.572138	0.00396799
-0.570822	0.00395903
-0.569505	0.0039501
-0.568188	0.00394117
-0.566871	0.00393225
-0.565555	0.00392335
-0.564238	0.00391446
-0.562921	0.00390558
-0.561604	0.00389671
-0.560287	0.00388785
-0.558971	0.00387901
-0.557654	0.00387018
-0.556337	0.00386136
-0.55502	0.00385255
-0.553704	0.00384375
-0.552387	0.00383497
-0.55107	0.0038262
-0.549753	0.00381744
-0.548437	0.00380869
-0.54712	0.00379995
-0.545803	0.00379123
-0.544486	0.00378251
-0.543169	0.00377381
-0.541853	0.00376513
-0.540536	0.00375645
-0.539219	0.00374779
-0.537902	0.00373914
-0.536586	0.0037305
-0.535269	0.00372187
-0.533952	0.00371326
-0.532635	0.00370466
-0.531318	0.00369607
-0.530002	0.00368749
-0.528685	0.00367893
-0.527368	0.00367038
-0.526051	0.00366184
-0.524735	0.00365331
-0.523418	0.0036448
-0.522101	0.0036363
-0.520784	0.00362781
-0.519467	0.00361933
-0.518151	0.00361087
-0.516834	0.00360241
-0.515517	0.00359397
-0.5142	0.00358555
-0.512884	0.00357713
-0.511567	0.00356873
-0.51025	0.00356034
-0.508933	0.00355196
-0.507617	0.00354359
-0.5063	0.00353524
-0.504983	0.0035269
-0.503666	0.00351857
-0.502349	0.00351025
-0.501033	0.00350195
-0.499716	0.00349366
-0.498399	0.00348538
-0.497082	0.00347712
-0.495766	0.00346887
-0.494449	0.00346063
-0.493132	0.00345241
-0.491815	0.0034442
-0.490498	0.003436
-0.489182	0.00342782
-0.487865	0.00341965
-0.486548	0.00341149
-0.485231	0.00340335
-0.483915	0.00339522
-0.482598	0.00338711
-0.481281	0.00337901
-0.479964	0.00337092
-0.478647	0.00336285
-0.477331	0.00335479
-0.476014	0.00334675
-0.474697	0.00333872
-0.47338	0.0033307
-0.472064	0.0033227
-0.470747	0.00331471
-0.46943	0.00330674
-0.468113	0.00329878
-0.466796	0.00329083
-0.46548	0.0032829
-0.464163	0.00327499
-0.462846	0.00326709
-0.461529	0.0032592
-0.460213	0.00325133
-0.458896	0.00324347
-0.457579	0.00323563
-0.456262	0.0032278
-0.454946	0.00321998
-0.453629	0.00321218
-0.452312	0.0032044
-0.450995	0.00319663
-0.449678	0.00318887
-0.448362	0.00318113
-0.447045	0.00317341
-0.445728	0.0031657
-0.444411	0.003158
-0.443095	0.00315032
-0.441778	0.00314265
-0.440461	0.003135
-0.439144	0.00312737
-0.437827	0.00311975
-0.436511	0.00311214
-0.435194	0.00310456
-0.433877	0.00309698
-0.43256	0.00308942
-0.431244	0.00308188
-0.429927	0.00307436
-0.42861	0.00306685
-0.427293	0.00305935
-0.425976	0.00305187
-0.42466	0.00304441
-0.423343	0.00303696
-0.422026	0.00302953
-0.420709	0.00302212
-0.419393	0.00301472
-0.418076	0.00300734
-0.416759	0.00299997
-0.415442	0.00299262
-0.414126	0.00298529
-0.412809	0.00297797
-0.411492	0.00297067
-0.410175	0.00296339
-0.408858	0.00295612
-0.407542	0.00294887
-0.406225	0.00294164
-0.404908	0.00293442
-0.403591	0.00292723
-0.402275	0.00292004
-0.400958	0.00291288
-0.399641	0.00290573
-0.398324	0.0028986
-0.397007	0.00289149
-0.395691	0.00288439
-0.394374	0.00287731
-0.393057	0.00287025
-0.39174	0.0028632
-0.390424	0.00285618
-0.389107	0.00284917
-0.38779	0.00284218
-0.386473	0.00283521
-0.385156	0.00282825
-0.38384	0.00282131
-0.382523	0.0028144
-0.381206	0.00280749
-0.379889	0.00280061
-0.378573	0.00279375
-0.377256	0.0027869
-0.375939	0.00278007
-0.374622	0.00277326
-0.373306	0.00276647
-0.371989	0.00275969
-0.370672	0.00275294
-0.369355	0.0027462
-0.368038	0.00273948
-0.366722	0.00273277
-0.365405	0.00272609
-0.364088	0.00271942
-0.362771	0.00271277
-0.361455	0.00270614
-0.360138	0.00269953
-0.358821	0.00269294
-0.357504	0.00268637
-0.356187	0.00267981
-0.354871	0.00267328
-0.353554	0.00266676
-0.352237	0.00266027
-0.35092	0.00265379
-0.349604	0.00264733
-0.348287	0.0026409
-0.34697	0.00263448
-0.345653	0.00262808
-0.344336	0.0026217
-0.34302	0.00261534
-0.341703	0.00260901
-0.340386	0.00260269
-0.339069	0.00259639
-0.337753	0.00259011
-0.336436	0.00258385
-0.335119	0.00257762
-0.333802	0.0025714
-0.332485	0.0025652
-0.331169	0.00255902
-0.329852	0.00255286
-0.328535	0.00254673
-0.327218	0.00254061
-0.325902	0.00253451
-0.324585	0.00252843
-0.323268	0.00252237
-0.321951	0.00251634
-0.320635	0.00251032
-0.319318	0.00250432
-0.318001	0.00249834
-0.316684	0.00249238
-0.315367	0.00248645
-0.314051	0.00248053
-0.312734	0.00247464
-0.311417	0.00246876
-0.3101	0.00246291
-0.308784	0.00245708
-0.307467	0.00245127
-0.30615	0.00244548
-0.304833	0.00243971
-0.303516	0.00243396
-0.3022	0.00242824
-0.300883	0.00242254
-0.299566	0.00241686
-0.298249	0.0024112
-0.296933	0.00240556
-0.295616	0.00239994
-0.294299	0.00239435
-0.292982	0.00238878
-0.291665	0.00238323
-0.290349	0.0023777
-0.289032	0.00237219
-0.287715	0.0023667
-0.286398	0.00236124
-0.285082	0.0023558
-0.283765	0.00235038
-0.282448	0.00234498
-0.281131	0.00233961
-0.279815	0.00233425
-0.278498	0.00232892
-0.277181	0.00232361
-0.275864	0.00231832
-0.274547	0.00231306
-0.273231	0.00230782
-0.271914	0.0023026
-0.270597	0.00229741
-0.26928	0.00229223
-0.267964	0.00228708
-0.266647	0.00228195
-0.26533	0.00227685
-0.264013	0.00227176
-0.262696	0.00226671
-0.26138	0.00226167
-0.260063	0.00225666
-0.258746	0.00225166
-0.257429	0.0022467
-0.256113	0.00224175
-0.254796	0.00223683
-0.253479	0.00223194
-0.252162	0.00222706
-0.250845	0.00222221
-0.249529	0.00221739
-0.248212	0.00221258
-0.246895	0.0022078
-0.245578	0.00220304
-0.244262	0.00219831
-0.242945	0.0021936
-0.241628	0.00218891
-0.240311	0.00218425
-0.238995	0.00217961
-0.237678	0.002175
-0.236361	0.0021704
-0.235044	0.00216583
-0.233727	0.00216129
-0.232411	0.00215677
-0.231094	0.00215227
-0.229777	0.0021478
-0.22846	0.00214335
-0.227144	0.00213893
-0.225827	0.00213453
-0.22451	0.00213015
-0.223193	0.0021258
-0.221876	0.00212147
-0.22056	0.00211717
-0.219243	0.00211289
-0.217926	0.00210863
-0.216609	0.0021044
-0.215293	0.0021002
-0.213976	0.00209601
-0.212659	0.00209185
-0.211342	0.00208772
-0.210026	0.00208361
-0.208709	0.00207952
-0.207392	0.00207546
-0.206075	0.00207143
-0.204758	0.00206742
-0.203442	0.00206343
-0.202125	0.00205947
-0.200808	0.00205553
-0.199491	0.00205162
-0.198175	0.00204773
-0.196858	0.00204386
-0.195541	0.00204002
-0.194224	0.00203621
-0.192907	0.00203242
-0.191591	0.00202866
-0.190274	0.00202492
-0.188957	0.0020212
-0.18764	0.00201751
-0.186324	0.00201385
-0.185007	0.00201021
-0.18369	0.00200659
-0.182373	0.002003
-0.181056	0.00199944
-0.17974	0.0019959
-0.178423	0.00199238
-0.177106	0.00198889
-0.175789	0.00198543
-0.174473	0.00198199
-0.173156	0.00197858
-0.171839	0.00197519
-0.170522	0.00197182
-0.169206	0.00196849
-0.167889	0.00196517
-0.166572	0.00196189
-0.165255	0.00195862
-0.163938	0.00195539
-0.162622	0.00195218
-0.161305	0.00194899
-0.159988	0.00194583
-0.158671	0.0019427
-0.157355	0.00193959
-0.156038	0.0019365
-0.154721	0.00193344
-0.153404	0.00193041
-0.152087	0.0019274
-0.150771	0.00192442
-0.149454	0.00192146
-0.148137	0.00191853
-0.14682	0.00191563
-0.145504	0.00191275
-0.144187	0.00190989
-0.14287	0.00190706
-0.141553	0.00190426
-0.140236	0.00190148
-0.13892	0.00189873
-0.137603	0.001896
-0.136286	0.0018933
-0.134969	0.00189062
-0.133653	0.00188797
-0.132336	0.00188535
-0.131019	0.00188275
-0.129702	0.00188017
-0.128385	0.00187763
-0.127069	0.0018751
-0.125752	0.00187261
-0.124435	0.00187014
-0.123118	0.0018677
-0.121802	0.00186528
-0.120485	0.00186289
-0.119168	0.00186052
-0.117851	0.00185818
-0.116535	0.00185586
-0.115218	0.00185357
-0.113901	0.00185131
-0.112584	0.00184907
-0.111267	0.00184686
-0.109951	0.00184468
-0.108634	0.00184252
-0.107317	0.00184039
-0.106	0.00183828
-0.104684	0.0018362
-0.103367	0.00183414
-0.10205	0.00183211
-0.100733	0.00183011
-0.0994165	0.00182813
-0.0980997	0.00182618
-0.0967829	0.00182425
-0.0954661	0.00182235
-0.0941494	0.00182047
-0.0928326	0.00181862
-0.0915158	0.0018168
-0.090199	0.001815
-0.0888823	0.00181323
-0.0875655	0.00181148
-0.0862487	0.00180976
-0.0849319	0.00180807
-0.0836152	0.0018064
-0.0822984	0.00180476
-0.0809816	0.00180314
-0.0796648	0.00180155
-0.0783481	0.00179999
-0.0770313	0.00179845
-0.0757145	0.00179694
-0.0743978	0.00179545
-0.073081	0.00179399
-0.0717642	0.00179256
-0.0704474	0.00179115
-0.0691307	0.00178977
-0.0678139	0.00178841
-0.0664971	0.00178708
-0.0651803	0.00178577
-0.0638636	0.00178449
-0.0625468	0.00178324
-0.06123	0.00178201
-0.0599132	0.00178081
-0.0585965	0.00177963
-0.0572797	0.00177848
-0.0559629	0.00177735
-0.0546461	0.00177625
-0.0533294	0.00177518
-0.0520126	0.00177414
-0.0506958	0.00177312
-0.049379	0.00177212
-0.0480623	0.00177115
-0.0467455	0.00177021
-0.0454287	0.0017693
-0.0441119	0.00176841
-0.0427952	0.00176754
-0.0414784	0.00176671
-0.0401616	0.00176589
-0.0388448	0.00176511
-0.0375281	0.00176435
-0.0362113	0.00176362
-0.0348945	0.00176292
-0.0335777	0.00176224
-0.032261	0.00176158
-0.0309442	0.00176095
-0.0296274	0.00176035
-0.0283106	0.00175978
-0.0269939	0.00175923
-0.0256771	0.00175871
-0.0243603	0.00175821
-0.0230436	0.00175774
-0.0217268	0.0017573
-0.02041	0.00175688
-0.0190932	0.00175648
-0.0177765	0.00175612
-0.0164597	0.00175577
-0.0151429	0.00175546
-0.0138261	0.00175517
-0.0125094	0.00175491
-0.0111926	0.00175468
-0.00987581	0.00175447
-0.00855903	0.00175428
-0.00724226	0.00175413
-0.00592548	0.001754
-0.00460871	0.00175389
-0.00329194	0.00175382
-0.00197516	0.00175376
-0.000658387	0.00175374
0	0.00175374
)
