(title "UV Reynolds Stress vs. Y-Coordinate")
(labels "Y-Coordinate" "UV Reynolds Stress")

((xy/key/label "line")
-1	-0.00131297
-0.999807	-0.000967684
-0.999585	-0.000565427
-0.99933	-0.000655931
-0.999037	-0.000872626
-0.9987	-0.00107859
-0.998312	-0.00123814
-0.997866	-0.00135631
-0.997353	-0.00144404
-0.996763	-0.00151014
-0.996085	-0.00156062
-0.995305	-0.00159967
-0.994408	-0.00163032
-0.993376	-0.00165466
-0.992189	-0.00167409
-0.990873	-0.00168903
-0.989556	-0.00169941
-0.988239	-0.00170668
-0.986922	-0.00171181
-0.985606	-0.00171547
-0.984289	-0.00171807
-0.982972	-0.00171991
-0.981655	-0.00172117
-0.980338	-0.00172197
-0.979022	-0.00172241
-0.977705	-0.00172255
-0.976388	-0.00172243
-0.975071	-0.0017221
-0.973755	-0.00172159
-0.972438	-0.0017209
-0.971121	-0.00172008
-0.969804	-0.00171912
-0.968488	-0.00171806
-0.967171	-0.00171691
-0.965854	-0.00171566
-0.964537	-0.00171434
-0.96322	-0.00171295
-0.961904	-0.0017115
-0.960587	-0.00170999
-0.95927	-0.00170843
-0.957953	-0.00170682
-0.956637	-0.00170516
-0.95532	-0.00170347
-0.954003	-0.00170174
-0.952686	-0.00169998
-0.951369	-0.00169819
-0.950053	-0.00169637
-0.948736	-0.00169452
-0.947419	-0.00169265
-0.946102	-0.00169075
-0.944786	-0.00168883
-0.943469	-0.0016869
-0.942152	-0.00168494
-0.940835	-0.00168297
-0.939518	-0.00168098
-0.938202	-0.00167898
-0.936885	-0.00167696
-0.935568	-0.00167493
-0.934251	-0.00167289
-0.932935	-0.00167084
-0.931618	-0.00166877
-0.930301	-0.00166669
-0.928984	-0.00166461
-0.927667	-0.00166251
-0.926351	-0.0016604
-0.925034	-0.00165829
-0.923717	-0.00165617
-0.9224	-0.00165404
-0.921084	-0.0016519
-0.919767	-0.00164975
-0.91845	-0.0016476
-0.917133	-0.00164544
-0.915817	-0.00164328
-0.9145	-0.0016411
-0.913183	-0.00163893
-0.911866	-0.00163674
-0.910549	-0.00163456
-0.909233	-0.00163237
-0.907916	-0.00163017
-0.906599	-0.00162797
-0.905282	-0.00162576
-0.903966	-0.00162355
-0.902649	-0.00162133
-0.901332	-0.00161911
-0.900015	-0.00161689
-0.898698	-0.00161466
-0.897382	-0.00161243
-0.896065	-0.0016102
-0.894748	-0.00160797
-0.893431	-0.00160573
-0.892115	-0.00160348
-0.890798	-0.00160124
-0.889481	-0.00159899
-0.888164	-0.00159674
-0.886847	-0.00159448
-0.885531	-0.00159223
-0.884214	-0.00158997
-0.882897	-0.0015877
-0.88158	-0.00158544
-0.880264	-0.00158317
-0.878947	-0.0015809
-0.87763	-0.00157863
-0.876313	-0.00157636
-0.874997	-0.00157409
-0.87368	-0.00157181
-0.872363	-0.00156953
-0.871046	-0.00156725
-0.869729	-0.00156497
-0.868413	-0.00156268
-0.867096	-0.0015604
-0.865779	-0.00155811
-0.864462	-0.00155582
-0.863146	-0.00155353
-0.861829	-0.00155124
-0.860512	-0.00154895
-0.859195	-0.00154665
-0.857878	-0.00154436
-0.856562	-0.00154206
-0.855245	-0.00153976
-0.853928	-0.00153746
-0.852611	-0.00153516
-0.851295	-0.00153286
-0.849978	-0.00153055
-0.848661	-0.00152825
-0.847344	-0.00152594
-0.846027	-0.00152364
-0.844711	-0.00152133
-0.843394	-0.00151902
-0.842077	-0.00151671
-0.84076	-0.0015144
-0.839444	-0.00151209
-0.838127	-0.00150977
-0.83681	-0.00150746
-0.835493	-0.00150514
-0.834177	-0.00150283
-0.83286	-0.00150051
-0.831543	-0.00149819
-0.830226	-0.00149587
-0.828909	-0.00149356
-0.827593	-0.00149124
-0.826276	-0.00148891
-0.824959	-0.00148659
-0.823642	-0.00148427
-0.822326	-0.00148195
-0.821009	-0.00147963
-0.819692	-0.0014773
-0.818375	-0.00147498
-0.817058	-0.00147265
-0.815742	-0.00147032
-0.814425	-0.001468
-0.813108	-0.00146567
-0.811791	-0.00146334
-0.810475	-0.00146101
-0.809158	-0.00145868
-0.807841	-0.00145635
-0.806524	-0.00145402
-0.805207	-0.00145169
-0.803891	-0.00144936
-0.802574	-0.00144703
-0.801257	-0.0014447
-0.79994	-0.00144237
-0.798624	-0.00144003
-0.797307	-0.0014377
-0.79599	-0.00143537
-0.794673	-0.00143303
-0.793357	-0.0014307
-0.79204	-0.00142836
-0.790723	-0.00142602
-0.789406	-0.00142369
-0.788089	-0.00142135
-0.786773	-0.00141901
-0.785456	-0.00141667
-0.784139	-0.00141433
-0.782822	-0.00141199
-0.781506	-0.00140965
-0.780189	-0.00140731
-0.778872	-0.00140497
-0.777555	-0.00140263
-0.776238	-0.00140029
-0.774922	-0.00139795
-0.773605	-0.00139561
-0.772288	-0.00139327
-0.770971	-0.00139092
-0.769655	-0.00138858
-0.768338	-0.00138624
-0.767021	-0.00138389
-0.765704	-0.00138155
-0.764387	-0.00137921
-0.763071	-0.00137686
-0.761754	-0.00137452
-0.760437	-0.00137217
-0.75912	-0.00136982
-0.757804	-0.00136748
-0.756487	-0.00136513
-0.75517	-0.00136278
-0.753853	-0.00136043
-0.752537	-0.00135808
-0.75122	-0.00135574
-0.749903	-0.00135339
-0.748586	-0.00135104
-0.747269	-0.00134869
-0.745953	-0.00134634
-0.744636	-0.00134399
-0.743319	-0.00134164
-0.742002	-0.00133929
-0.740686	-0.00133694
-0.739369	-0.00133458
-0.738052	-0.00133223
-0.736735	-0.00132988
-0.735418	-0.00132753
-0.734102	-0.00132518
-0.732785	-0.00132283
-0.731468	-0.00132048
-0.730151	-0.00131813
-0.728835	-0.00131577
-0.727518	-0.00131342
-0.726201	-0.00131107
-0.724884	-0.00130871
-0.723567	-0.00130636
-0.722251	-0.00130401
-0.720934	-0.00130165
-0.719617	-0.0012993
-0.7183	-0.00129694
-0.716984	-0.00129459
-0.715667	-0.00129223
-0.71435	-0.00128988
-0.713033	-0.00128752
-0.711717	-0.00128516
-0.7104	-0.00128281
-0.709083	-0.00128045
-0.707766	-0.0012781
-0.706449	-0.00127574
-0.705133	-0.00127338
-0.703816	-0.00127103
-0.702499	-0.00126867
-0.701182	-0.00126631
-0.699866	-0.00126396
-0.698549	-0.0012616
-0.697232	-0.00125924
-0.695915	-0.00125689
-0.694598	-0.00125453
-0.693282	-0.00125217
-0.691965	-0.00124981
-0.690648	-0.00124746
-0.689331	-0.0012451
-0.688015	-0.00124274
-0.686698	-0.00124038
-0.685381	-0.00123802
-0.684064	-0.00123566
-0.682747	-0.0012333
-0.681431	-0.00123095
-0.680114	-0.00122859
-0.678797	-0.00122623
-0.67748	-0.00122387
-0.676164	-0.00122151
-0.674847	-0.00121915
-0.67353	-0.00121679
-0.672213	-0.00121443
-0.670897	-0.00121207
-0.66958	-0.0012097
-0.668263	-0.00120734
-0.666946	-0.00120498
-0.665629	-0.00120262
-0.664313	-0.00120026
-0.662996	-0.0011979
-0.661679	-0.00119554
-0.660362	-0.00119318
-0.659046	-0.00119081
-0.657729	-0.00118845
-0.656412	-0.00118609
-0.655095	-0.00118373
-0.653778	-0.00118136
-0.652462	-0.001179
-0.651145	-0.00117664
-0.649828	-0.00117427
-0.648511	-0.00117191
-0.647195	-0.00116955
-0.645878	-0.00116718
-0.644561	-0.00116482
-0.643244	-0.00116246
-0.641927	-0.00116009
-0.640611	-0.00115773
-0.639294	-0.00115536
-0.637977	-0.001153
-0.63666	-0.00115063
-0.635344	-0.00114827
-0.634027	-0.0011459
-0.63271	-0.00114354
-0.631393	-0.00114117
-0.630077	-0.00113881
-0.62876	-0.00113644
-0.627443	-0.00113407
-0.626126	-0.00113171
-0.624809	-0.00112934
-0.623493	-0.00112698
-0.622176	-0.00112461
-0.620859	-0.00112224
-0.619542	-0.00111988
-0.618226	-0.00111751
-0.616909	-0.00111514
-0.615592	-0.00111278
-0.614275	-0.00111041
-0.612958	-0.00110804
-0.611642	-0.00110568
-0.610325	-0.00110331
-0.609008	-0.00110094
-0.607691	-0.00109858
-0.606375	-0.00109621
-0.605058	-0.00109384
-0.603741	-0.00109147
-0.602424	-0.00108911
-0.601107	-0.00108674
-0.599791	-0.00108437
-0.598474	-0.001082
-0.597157	-0.00107963
-0.59584	-0.00107727
-0.594524	-0.0010749
-0.593207	-0.00107253
-0.59189	-0.00107016
-0.590573	-0.00106779
-0.589257	-0.00106542
-0.58794	-0.00106305
-0.586623	-0.00106068
-0.585306	-0.00105832
-0.583989	-0.00105595
-0.582673	-0.00105358
-0.581356	-0.00105121
-0.580039	-0.00104884
-0.578722	-0.00104647
-0.577406	-0.0010441
-0.576089	-0.00104173
-0.574772	-0.00103936
-0.573455	-0.00103699
-0.572138	-0.00103462
-0.570822	-0.00103225
-0.569505	-0.00102988
-0.568188	-0.00102751
-0.566871	-0.00102514
-0.565555	-0.00102277
-0.564238	-0.00102039
-0.562921	-0.00101802
-0.561604	-0.00101565
-0.560287	-0.00101328
-0.558971	-0.00101091
-0.557654	-0.00100854
-0.556337	-0.00100617
-0.55502	-0.0010038
-0.553704	-0.00100142
-0.552387	-0.000999053
-0.55107	-0.000996682
-0.549753	-0.000994311
-0.548437	-0.000991939
-0.54712	-0.000989567
-0.545803	-0.000987196
-0.544486	-0.000984824
-0.543169	-0.000982453
-0.541853	-0.000980081
-0.540536	-0.000977709
-0.539219	-0.000975337
-0.537902	-0.000972965
-0.536586	-0.000970594
-0.535269	-0.000968221
-0.533952	-0.000965849
-0.532635	-0.000963477
-0.531318	-0.000961104
-0.530002	-0.000958732
-0.528685	-0.000956359
-0.527368	-0.000953987
-0.526051	-0.000951614
-0.524735	-0.000949241
-0.523418	-0.000946869
-0.522101	-0.000944496
-0.520784	-0.000942123
-0.519467	-0.000939749
-0.518151	-0.000937376
-0.516834	-0.000935002
-0.515517	-0.000932628
-0.5142	-0.000930254
-0.512884	-0.00092788
-0.511567	-0.000925506
-0.51025	-0.000923132
-0.508933	-0.000920757
-0.507617	-0.000918382
-0.5063	-0.000916006
-0.504983	-0.000913631
-0.503666	-0.000911255
-0.502349	-0.00090888
-0.501033	-0.000906504
-0.499716	-0.000904128
-0.498399	-0.000901752
-0.497082	-0.000899375
-0.495766	-0.000896999
-0.494449	-0.000894622
-0.493132	-0.000892246
-0.491815	-0.000889869
-0.490498	-0.000887492
-0.489182	-0.000885115
-0.487865	-0.000882739
-0.486548	-0.000880362
-0.485231	-0.000877985
-0.483915	-0.000875608
-0.482598	-0.000873231
-0.481281	-0.000870854
-0.479964	-0.000868477
-0.478647	-0.0008661
-0.477331	-0.000863723
-0.476014	-0.000861346
-0.474697	-0.000858969
-0.47338	-0.000856592
-0.472064	-0.000854215
-0.470747	-0.000851837
-0.46943	-0.00084946
-0.468113	-0.000847082
-0.466796	-0.000844705
-0.46548	-0.000842327
-0.464163	-0.00083995
-0.462846	-0.000837572
-0.461529	-0.000835195
-0.460213	-0.000832817
-0.458896	-0.000830439
-0.457579	-0.000828061
-0.456262	-0.000825683
-0.454946	-0.000823306
-0.453629	-0.000820927
-0.452312	-0.000818549
-0.450995	-0.000816171
-0.449678	-0.000813793
-0.448362	-0.000811415
-0.447045	-0.000809036
-0.445728	-0.000806658
-0.444411	-0.000804279
-0.443095	-0.0008019
-0.441778	-0.000799522
-0.440461	-0.000797143
-0.439144	-0.000794764
-0.437827	-0.000792385
-0.436511	-0.000790006
-0.435194	-0.000787627
-0.433877	-0.000785248
-0.43256	-0.000782868
-0.431244	-0.000780489
-0.429927	-0.00077811
-0.42861	-0.00077573
-0.427293	-0.000773351
-0.425976	-0.000770971
-0.42466	-0.000768592
-0.423343	-0.000766212
-0.422026	-0.000763832
-0.420709	-0.000761453
-0.419393	-0.000759073
-0.418076	-0.000756693
-0.416759	-0.000754313
-0.415442	-0.000751934
-0.414126	-0.000749554
-0.412809	-0.000747174
-0.411492	-0.000744794
-0.410175	-0.000742414
-0.408858	-0.000740034
-0.407542	-0.000737654
-0.406225	-0.000735274
-0.404908	-0.000732894
-0.403591	-0.000730514
-0.402275	-0.000728134
-0.400958	-0.000725754
-0.399641	-0.000723374
-0.398324	-0.000720994
-0.397007	-0.000718614
-0.395691	-0.000716234
-0.394374	-0.000713854
-0.393057	-0.000711474
-0.39174	-0.000709094
-0.390424	-0.000706714
-0.389107	-0.000704334
-0.38779	-0.000701954
-0.386473	-0.000699574
-0.385156	-0.000697194
-0.38384	-0.000694814
-0.382523	-0.000692434
-0.381206	-0.000690054
-0.379889	-0.000687674
-0.378573	-0.000685294
-0.377256	-0.000682914
-0.375939	-0.000680534
-0.374622	-0.000678154
-0.373306	-0.000675774
-0.371989	-0.000673393
-0.370672	-0.000671013
-0.369355	-0.000668632
-0.368038	-0.000666251
-0.366722	-0.00066387
-0.365405	-0.00066149
-0.364088	-0.000659109
-0.362771	-0.000656727
-0.361455	-0.000654346
-0.360138	-0.000651965
-0.358821	-0.000649583
-0.357504	-0.000647202
-0.356187	-0.000644821
-0.354871	-0.000642439
-0.353554	-0.000640058
-0.352237	-0.000637677
-0.35092	-0.000635296
-0.349604	-0.000632914
-0.348287	-0.000630533
-0.34697	-0.000628152
-0.345653	-0.000625771
-0.344336	-0.00062339
-0.34302	-0.000621009
-0.341703	-0.000618628
-0.340386	-0.000616246
-0.339069	-0.000613865
-0.337753	-0.000611484
-0.336436	-0.000609103
-0.335119	-0.000606722
-0.333802	-0.000604342
-0.332485	-0.000601961
-0.331169	-0.00059958
-0.329852	-0.000597199
-0.328535	-0.000594819
-0.327218	-0.000592438
-0.325902	-0.000590057
-0.324585	-0.000587675
-0.323268	-0.000585294
-0.321951	-0.000582912
-0.320635	-0.00058053
-0.319318	-0.000578148
-0.318001	-0.000575766
-0.316684	-0.000573384
-0.315367	-0.000571002
-0.314051	-0.000568619
-0.312734	-0.000566237
-0.311417	-0.000563854
-0.3101	-0.000561472
-0.308784	-0.00055909
-0.307467	-0.000556707
-0.30615	-0.000554325
-0.304833	-0.000551943
-0.303516	-0.00054956
-0.3022	-0.000547178
-0.300883	-0.000544796
-0.299566	-0.000542414
-0.298249	-0.000540031
-0.296933	-0.000537649
-0.295616	-0.000535267
-0.294299	-0.000532885
-0.292982	-0.000530503
-0.291665	-0.00052812
-0.290349	-0.000525738
-0.289032	-0.000523355
-0.287715	-0.000520972
-0.286398	-0.00051859
-0.285082	-0.000516207
-0.283765	-0.000513824
-0.282448	-0.000511441
-0.281131	-0.000509058
-0.279815	-0.000506676
-0.278498	-0.000504293
-0.277181	-0.00050191
-0.275864	-0.000499527
-0.274547	-0.000497144
-0.273231	-0.000494762
-0.271914	-0.000492379
-0.270597	-0.000489997
-0.26928	-0.000487614
-0.267964	-0.000485231
-0.266647	-0.000482848
-0.26533	-0.000480465
-0.264013	-0.000478082
-0.262696	-0.000475699
-0.26138	-0.000473316
-0.260063	-0.000470933
-0.258746	-0.00046855
-0.257429	-0.000466167
-0.256113	-0.000463785
-0.254796	-0.000461402
-0.253479	-0.000459019
-0.252162	-0.000456636
-0.250845	-0.000454253
-0.249529	-0.00045187
-0.248212	-0.000449486
-0.246895	-0.000447103
-0.245578	-0.00044472
-0.244262	-0.000442337
-0.242945	-0.000439953
-0.241628	-0.00043757
-0.240311	-0.000435187
-0.238995	-0.000432803
-0.237678	-0.00043042
-0.236361	-0.000428037
-0.235044	-0.000425653
-0.233727	-0.00042327
-0.232411	-0.000420886
-0.231094	-0.000418503
-0.229777	-0.000416119
-0.22846	-0.000413736
-0.227144	-0.000411352
-0.225827	-0.000408968
-0.22451	-0.000406585
-0.223193	-0.000404201
-0.221876	-0.000401817
-0.22056	-0.000399434
-0.219243	-0.00039705
-0.217926	-0.000394666
-0.216609	-0.000392282
-0.215293	-0.000389899
-0.213976	-0.000387515
-0.212659	-0.000385131
-0.211342	-0.000382747
-0.210026	-0.000380363
-0.208709	-0.000377979
-0.207392	-0.000375595
-0.206075	-0.000373211
-0.204758	-0.000370827
-0.203442	-0.000368443
-0.202125	-0.000366059
-0.200808	-0.000363675
-0.199491	-0.000361291
-0.198175	-0.000358907
-0.196858	-0.000356523
-0.195541	-0.000354138
-0.194224	-0.000351754
-0.192907	-0.00034937
-0.191591	-0.000346986
-0.190274	-0.000344602
-0.188957	-0.000342218
-0.18764	-0.000339833
-0.186324	-0.000337449
-0.185007	-0.000335065
-0.18369	-0.000332681
-0.182373	-0.000330296
-0.181056	-0.000327912
-0.17974	-0.000325528
-0.178423	-0.000323143
-0.177106	-0.000320759
-0.175789	-0.000318374
-0.174473	-0.00031599
-0.173156	-0.000313605
-0.171839	-0.000311221
-0.170522	-0.000308836
-0.169206	-0.000306452
-0.167889	-0.000304068
-0.166572	-0.000301683
-0.165255	-0.000299299
-0.163938	-0.000296914
-0.162622	-0.00029453
-0.161305	-0.000292145
-0.159988	-0.000289761
-0.158671	-0.000287376
-0.157355	-0.000284992
-0.156038	-0.000282607
-0.154721	-0.000280223
-0.153404	-0.000277838
-0.152087	-0.000275453
-0.150771	-0.000273069
-0.149454	-0.000270684
-0.148137	-0.0002683
-0.14682	-0.000265915
-0.145504	-0.00026353
-0.144187	-0.000261146
-0.14287	-0.000258761
-0.141553	-0.000256377
-0.140236	-0.000253992
-0.13892	-0.000251607
-0.137603	-0.000249222
-0.136286	-0.000246838
-0.134969	-0.000244453
-0.133653	-0.000242068
-0.132336	-0.000239683
-0.131019	-0.000237298
-0.129702	-0.000234914
-0.128385	-0.000232529
-0.127069	-0.000230144
-0.125752	-0.000227759
-0.124435	-0.000225374
-0.123118	-0.00022299
-0.121802	-0.000220605
-0.120485	-0.00021822
-0.119168	-0.000215835
-0.117851	-0.000213451
-0.116535	-0.000211066
-0.115218	-0.000208681
-0.113901	-0.000206296
-0.112584	-0.000203912
-0.111267	-0.000201527
-0.109951	-0.000199142
-0.108634	-0.000196758
-0.107317	-0.000194373
-0.106	-0.000191989
-0.104684	-0.000189604
-0.103367	-0.000187219
-0.10205	-0.000184835
-0.100733	-0.00018245
-0.0994165	-0.000180065
-0.0980997	-0.000177681
-0.0967829	-0.000175296
-0.0954661	-0.000172911
-0.0941494	-0.000170526
-0.0928326	-0.000168141
-0.0915158	-0.000165756
-0.090199	-0.000163372
-0.0888823	-0.000160987
-0.0875655	-0.000158602
-0.0862487	-0.000156217
-0.0849319	-0.000153832
-0.0836152	-0.000151447
-0.0822984	-0.000149062
-0.0809816	-0.000146677
-0.0796648	-0.000144292
-0.0783481	-0.000141907
-0.0770313	-0.000139522
-0.0757145	-0.000137137
-0.0743978	-0.000134752
-0.073081	-0.000132367
-0.0717642	-0.000129982
-0.0704474	-0.000127597
-0.0691307	-0.000125212
-0.0678139	-0.000122827
-0.0664971	-0.000120442
-0.0651803	-0.000118056
-0.0638636	-0.000115671
-0.0625468	-0.000113286
-0.06123	-0.0001109
-0.0599132	-0.000108515
-0.0585965	-0.000106129
-0.0572797	-0.000103744
-0.0559629	-0.000101358
-0.0546461	-9.89725e-05
-0.0533294	-9.65869e-05
-0.0520126	-9.42012e-05
-0.0506958	-9.18155e-05
-0.049379	-8.94298e-05
-0.0480623	-8.7044e-05
-0.0467455	-8.46582e-05
-0.0454287	-8.22724e-05
-0.0441119	-7.98866e-05
-0.0427952	-7.75007e-05
-0.0414784	-7.51148e-05
-0.0401616	-7.27289e-05
-0.0388448	-7.03431e-05
-0.0375281	-6.79572e-05
-0.0362113	-6.55713e-05
-0.0348945	-6.31855e-05
-0.0335777	-6.07996e-05
-0.032261	-5.84138e-05
-0.0309442	-5.6028e-05
-0.0296274	-5.36422e-05
-0.0283106	-5.12565e-05
-0.0269939	-4.88708e-05
-0.0256771	-4.64852e-05
-0.0243603	-4.40997e-05
-0.0230436	-4.17144e-05
-0.0217268	-3.93291e-05
-0.02041	-3.69439e-05
-0.0190932	-3.45589e-05
-0.0177765	-3.21741e-05
-0.0164597	-2.97894e-05
-0.0151429	-2.7405e-05
-0.0138261	-2.50208e-05
-0.0125094	-2.26368e-05
-0.0111926	-2.02531e-05
-0.00987581	-1.78697e-05
-0.00855903	-1.54865e-05
-0.00724226	-1.31037e-05
-0.00592548	-1.07212e-05
-0.00460871	-8.33889e-06
-0.00329194	-5.95688e-06
-0.00197516	-3.57506e-06
-0.000658387	-1.19337e-06
0	-2.47741e-09
)
