(title "UW Reynolds Stress vs. Y-Coordinate")
(labels "Y-Coordinate" "UW Reynolds Stress")

((xy/key/label "line")
-1	-3.09629e-17
-0.999807	-2.13417e-17
-0.999585	-7.69199e-18
-0.99933	-4.3525e-18
-0.999037	-4.57669e-18
-0.9987	-5.28295e-18
-0.998312	-4.3376e-18
-0.997866	-2.73552e-18
-0.997353	-1.55278e-18
-0.996763	-6.57424e-19
-0.996085	3.89371e-19
-0.995305	2.58783e-18
-0.994408	5.43477e-18
-0.993376	8.17048e-18
-0.992189	1.1256e-17
-0.990873	1.32611e-17
-0.989556	1.24215e-17
-0.988239	1.07203e-17
-0.986922	9.53469e-18
-0.985606	8.59027e-18
-0.984289	7.63915e-18
-0.982972	6.48929e-18
-0.981655	5.34203e-18
-0.980338	4.32597e-18
-0.979022	3.43255e-18
-0.977705	2.44584e-18
-0.976388	1.14135e-18
-0.975071	-2.24005e-19
-0.973755	-1.4727e-18
-0.972438	-2.75057e-18
-0.971121	-3.60438e-18
-0.969804	-3.533e-18
-0.968488	-3.11261e-18
-0.967171	-2.78684e-18
-0.965854	-2.48076e-18
-0.964537	-2.1277e-18
-0.96322	-1.65231e-18
-0.961904	-1.14143e-18
-0.960587	-6.58429e-19
-0.95927	-1.41716e-19
-0.957953	1.90229e-19
-0.956637	8.78832e-20
-0.95532	-1.84744e-19
-0.954003	-4.18324e-19
-0.952686	-6.62431e-19
-0.951369	-8.50884e-19
-0.950053	-9.15378e-19
-0.948736	-9.30029e-19
-0.947419	-9.57227e-19
-0.946102	-9.73545e-19
-0.944786	-1.04351e-18
-0.943469	-1.25008e-18
-0.942152	-1.5143e-18
-0.940835	-1.76301e-18
-0.939518	-2.07161e-18
-0.938202	-2.10426e-18
-0.936885	-1.47285e-18
-0.935568	-5.9091e-19
-0.934251	2.07815e-19
-0.932935	1.04421e-18
-0.931618	1.65369e-18
-0.930301	1.71795e-18
-0.928984	1.56363e-18
-0.927667	1.46333e-18
-0.926351	1.39124e-18
-0.925034	1.22346e-18
-0.923717	8.15211e-19
-0.9224	3.13085e-19
-0.921084	-1.61795e-19
-0.919767	-6.82971e-19
-0.91845	-9.78129e-19
-0.917133	-7.31502e-19
-0.915817	-2.76833e-19
-0.9145	1.13378e-19
-0.913183	5.28767e-19
-0.911866	8.17458e-19
-0.910549	7.89425e-19
-0.909233	6.34564e-19
-0.907916	5.12667e-19
-0.906599	3.71125e-19
-0.905282	3.12967e-19
-0.903966	4.59354e-19
-0.902649	6.82843e-19
-0.901332	8.82655e-19
-0.900015	1.11843e-18
-0.898698	1.2092e-18
-0.897382	9.42533e-19
-0.896065	5.37265e-19
-0.894748	1.6703e-19
-0.893431	-2.22063e-19
-0.892115	-5.22013e-19
-0.890798	-6.24592e-19
-0.889481	-6.53974e-19
-0.888164	-7.05284e-19
-0.886847	-7.65588e-19
-0.885531	-8.03926e-19
-0.884214	-7.94358e-19
-0.882897	-7.71626e-19
-0.88158	-7.57953e-19
-0.880264	-7.57252e-19
-0.878947	-7.0638e-19
-0.87763	-5.37779e-19
-0.876313	-3.25871e-19
-0.874997	-1.28082e-19
-0.87368	8.92631e-20
-0.872363	2.21328e-19
-0.871046	1.42794e-19
-0.869729	-2.17992e-20
-0.868413	-1.6616e-19
-0.867096	-3.1627e-19
-0.865779	-4.32141e-19
-0.864462	-4.66156e-19
-0.863146	-4.67546e-19
-0.861829	-4.78435e-19
-0.860512	-4.95401e-19
-0.859195	-5.07356e-19
-0.857878	-5.03187e-19
-0.856562	-4.94842e-19
-0.855245	-4.87109e-19
-0.853928	-4.7947e-19
-0.852611	-4.70487e-19
-0.851295	-4.56884e-19
-0.849978	-4.4634e-19
-0.848661	-4.3996e-19
-0.847344	-4.31957e-19
-0.846027	-4.21886e-19
-0.844711	-4.11447e-19
-0.843394	-4.0261e-19
-0.842077	-3.94261e-19
-0.84076	-3.85219e-19
-0.839444	-3.7909e-19
-0.838127	-3.7901e-19
-0.83681	-3.85006e-19
-0.835493	-3.94658e-19
-0.834177	-3.94356e-19
-0.83286	-4.1952e-19
-0.831543	-5.22003e-19
-0.830226	-6.61556e-19
-0.828909	-7.94696e-19
-0.827593	-9.41365e-19
-0.826276	-1.01521e-18
-0.824959	-9.15549e-19
-0.823642	-7.52312e-19
-0.822326	-6.09009e-19
-0.821009	-4.63976e-19
-0.819692	-3.16357e-19
-0.818375	-1.65423e-19
-0.817058	-1.3506e-20
-0.815742	1.37601e-19
-0.814425	3.044e-19
-0.813108	4.06101e-19
-0.811791	3.43005e-19
-0.810475	2.12846e-19
-0.809158	9.61166e-20
-0.807841	-1.84807e-20
-0.806524	-1.29984e-19
-0.805207	-2.56779e-19
-0.803891	-3.98828e-19
-0.802574	-5.40628e-19
-0.801257	-6.84305e-19
-0.79994	-7.9855e-19
-0.798624	-8.51657e-19
-0.797307	-8.88616e-19
-0.79599	-9.39414e-19
-0.794673	-9.86712e-19
-0.793357	-1.03971e-18
-0.79204	-1.11935e-18
-0.790723	-1.21187e-18
-0.789406	-1.30121e-18
-0.788089	-1.39759e-18
-0.786773	-1.46705e-18
-0.785456	-1.46783e-18
-0.784139	-1.44368e-18
-0.782822	-1.42921e-18
-0.781506	-1.4217e-18
-0.780189	-1.3917e-18
-0.778872	-1.30482e-18
-0.777555	-1.19632e-18
-0.776238	-1.09449e-18
-0.774922	-9.92104e-19
-0.773605	-8.90864e-19
-0.772288	-7.93462e-19
-0.770971	-6.97138e-19
-0.769655	-6.00582e-19
-0.768338	-4.96843e-19
-0.767021	-4.33623e-19
-0.765704	-4.66482e-19
-0.764387	-5.3669e-19
-0.763071	-5.96844e-19
-0.761754	-6.62841e-19
-0.760437	-7.12203e-19
-0.75912	-7.15883e-19
-0.757804	-7.0004e-19
-0.756487	-6.88577e-19
-0.75517	-6.78464e-19
-0.753853	-6.6874e-19
-0.752537	-6.57644e-19
-0.75122	-6.45506e-19
-0.749903	-6.33226e-19
-0.748586	-6.21848e-19
-0.747269	-6.11129e-19
-0.745953	-5.9909e-19
-0.744636	-5.85786e-19
-0.743319	-5.72442e-19
-0.742002	-5.58466e-19
-0.740686	-5.50435e-19
-0.739369	-5.55114e-19
-0.738052	-5.6417e-19
-0.736735	-5.71744e-19
-0.735418	-5.8107e-19
-0.734102	-5.87742e-19
-0.732785	-5.85053e-19
-0.731468	-5.77786e-19
-0.730151	-5.71139e-19
-0.728835	-5.64259e-19
-0.727518	-5.61026e-19
-0.726201	-5.65253e-19
-0.724884	-5.71995e-19
-0.723567	-5.77974e-19
-0.722251	-5.85471e-19
-0.720934	-5.90468e-19
-0.719617	-5.8722e-19
-0.7183	-5.79995e-19
-0.716984	-5.73204e-19
-0.715667	-5.66989e-19
-0.71435	-5.60706e-19
-0.713033	-5.52552e-19
-0.711717	-5.43105e-19
-0.7104	-5.33594e-19
-0.709083	-5.24547e-19
-0.707766	-5.15671e-19
-0.706449	-5.05777e-19
-0.705133	-4.95098e-19
-0.703816	-4.84419e-19
-0.702499	-4.7406e-19
-0.701182	-4.63824e-19
-0.699866	-4.52975e-19
-0.698549	-4.41536e-19
-0.697232	-4.30014e-19
-0.695915	-4.18804e-19
-0.694598	-4.07885e-19
-0.693282	-3.96741e-19
-0.691965	-3.85236e-19
-0.690648	-3.73585e-19
-0.689331	-3.61792e-19
-0.688015	-3.51073e-19
-0.686698	-3.42565e-19
-0.685381	-3.34814e-19
-0.684064	-3.26827e-19
-0.682747	-3.18932e-19
-0.681431	-3.11632e-19
-0.680114	-3.05248e-19
-0.678797	-2.99096e-19
-0.67748	-2.92831e-19
-0.676164	-2.8676e-19
-0.674847	-2.80906e-19
-0.67353	-2.74996e-19
-0.672213	-2.6892e-19
-0.670897	-2.62823e-19
-0.66958	-2.56841e-19
-0.668263	-2.51135e-19
-0.666946	-2.45681e-19
-0.665629	-2.40234e-19
-0.664313	-2.34759e-19
-0.662996	-2.29408e-19
-0.661679	-2.24315e-19
-0.660362	-2.19426e-19
-0.659046	-2.14529e-19
-0.657729	-2.09608e-19
-0.656412	-2.04782e-19
-0.655095	-2.00115e-19
-0.653778	-1.95515e-19
-0.652462	-1.90823e-19
-0.651145	-1.86053e-19
-0.649828	-1.81372e-19
-0.648511	-1.76903e-19
-0.647195	-1.72552e-19
-0.645878	-1.68149e-19
-0.644561	-1.637e-19
-0.643244	-1.59305e-19
-0.641927	-1.55111e-19
-0.640611	-1.511e-19
-0.639294	-1.47057e-19
-0.637977	-1.42932e-19
-0.63666	-1.38795e-19
-0.635344	-1.34738e-19
-0.634027	-1.30792e-19
-0.63271	-1.26847e-19
-0.631393	-1.22872e-19
-0.630077	-1.18935e-19
-0.62876	-1.15134e-19
-0.627443	-1.11481e-19
-0.626126	-1.07811e-19
-0.624809	-1.0405e-19
-0.623493	-1.00288e-19
-0.622176	-9.66525e-20
-0.620859	-9.31604e-20
-0.619542	-8.96805e-20
-0.618226	-8.61914e-20
-0.616909	-8.27317e-20
-0.615592	-7.9419e-20
-0.614275	-7.6366e-20
-0.612958	-7.33879e-20
-0.611642	-7.03636e-20
-0.610325	-6.73329e-20
-0.609008	-6.4363e-20
-0.607691	-6.15123e-20
-0.606375	-5.86764e-20
-0.605058	-5.57925e-20
-0.603741	-5.29483e-20
-0.602424	-5.02573e-20
-0.601107	-4.7706e-20
-0.599791	-4.51521e-20
-0.598474	-4.25708e-20
-0.597157	-4.00299e-20
-0.59584	-3.76627e-20
-0.594524	-3.55424e-20
-0.593207	-3.3487e-20
-0.59189	-3.13926e-20
-0.590573	-2.92515e-20
-0.589257	-2.71322e-20
-0.58794	-2.51544e-20
-0.586623	-2.32332e-20
-0.585306	-2.13163e-20
-0.583989	-1.94144e-20
-0.582673	-1.75525e-20
-0.581356	-1.57788e-20
-0.580039	-1.39929e-20
-0.578722	-1.20957e-20
-0.577406	-1.01012e-20
-0.576089	-8.18289e-21
-0.574772	-6.46662e-21
-0.573455	-4.78578e-21
-0.572138	-3.07556e-21
-0.570822	-1.36298e-21
-0.569505	2.71123e-22
-0.568188	1.69003e-21
-0.566871	3.03792e-21
-0.565555	4.41978e-21
-0.564238	5.84898e-21
-0.562921	7.23105e-21
-0.561604	8.39096e-21
-0.560287	9.4718e-21
-0.558971	1.06192e-20
-0.557654	1.18264e-20
-0.556337	1.29913e-20
-0.55502	1.40109e-20
-0.553704	1.50055e-20
-0.552387	1.60772e-20
-0.55107	1.7213e-20
-0.549753	1.83079e-20
-0.548437	1.9258e-20
-0.54712	2.01602e-20
-0.545803	2.11668e-20
-0.544486	2.22958e-20
-0.543169	2.33682e-20
-0.541853	2.42842e-20
-0.540536	2.51699e-20
-0.539219	2.61069e-20
-0.537902	2.70806e-20
-0.536586	2.79615e-20
-0.535269	2.86685e-20
-0.533952	2.93046e-20
-0.532635	2.99292e-20
-0.531318	3.0568e-20
-0.530002	3.11713e-20
-0.528685	3.1664e-20
-0.527368	3.21352e-20
-0.526051	3.26433e-20
-0.524735	3.31787e-20
-0.523418	3.36761e-20
-0.522101	3.40614e-20
-0.520784	3.44374e-20
-0.519467	3.48863e-20
-0.518151	3.53996e-20
-0.516834	3.59084e-20
-0.515517	3.63125e-20
-0.5142	3.66804e-20
-0.512884	3.70671e-20
-0.511567	3.74765e-20
-0.51025	3.78824e-20
-0.508933	3.81924e-20
-0.507617	3.8458e-20
-0.5063	3.87509e-20
-0.504983	3.91504e-20
-0.503666	3.96701e-20
-0.502349	4.01633e-20
-0.501033	4.06369e-20
-0.499716	4.11639e-20
-0.498399	4.17365e-20
-0.497082	4.22807e-20
-0.495766	4.27253e-20
-0.494449	4.31513e-20
-0.493132	4.3626e-20
-0.491815	4.4136e-20
-0.490498	4.46172e-20
-0.489182	4.50078e-20
-0.487865	4.53723e-20
-0.486548	4.57522e-20
-0.485231	4.61354e-20
-0.483915	4.64894e-20
-0.482598	4.67703e-20
-0.481281	4.70305e-20
-0.479964	4.73142e-20
-0.478647	4.7623e-20
-0.477331	4.79136e-20
-0.476014	4.81316e-20
-0.474697	4.83388e-20
-0.47338	4.85855e-20
-0.472064	4.88817e-20
-0.470747	4.92029e-20
-0.46943	4.94772e-20
-0.468113	4.97293e-20
-0.466796	5.00011e-20
-0.46548	5.02956e-20
-0.464163	5.05769e-20
-0.462846	5.07914e-20
-0.461529	5.09801e-20
-0.460213	5.11728e-20
-0.458896	5.13117e-20
-0.457579	5.13399e-20
-0.456262	5.12757e-20
-0.454946	5.12018e-20
-0.453629	5.11605e-20
-0.452312	5.10945e-20
-0.450995	5.09256e-20
-0.449678	5.06692e-20
-0.448362	5.03882e-20
-0.447045	5.00957e-20
-0.445728	4.97783e-20
-0.444411	4.94027e-20
-0.443095	4.89566e-20
-0.441778	4.84888e-20
-0.440461	4.80369e-20
-0.439144	4.75887e-20
-0.437827	4.70862e-20
-0.436511	4.65119e-20
-0.435194	4.59325e-20
-0.433877	4.5389e-20
-0.43256	4.49198e-20
-0.431244	4.45204e-20
-0.429927	4.4108e-20
-0.42861	4.37014e-20
-0.427293	4.33569e-20
-0.425976	4.31265e-20
-0.42466	4.30121e-20
-0.423343	4.29082e-20
-0.422026	4.28021e-20
-0.420709	4.27417e-20
-0.419393	4.27722e-20
-0.418076	4.28824e-20
-0.416759	4.29874e-20
-0.415442	4.30992e-20
-0.414126	4.32398e-20
-0.412809	4.33823e-20
-0.411492	4.35089e-20
-0.410175	4.35999e-20
-0.408858	4.36863e-20
-0.407542	4.37994e-20
-0.406225	4.39504e-20
-0.404908	4.41312e-20
-0.403591	4.42922e-20
-0.402275	4.44447e-20
-0.400958	4.46316e-20
-0.399641	4.48775e-20
-0.398324	4.51556e-20
-0.397007	4.53942e-20
-0.395691	4.56098e-20
-0.394374	4.5873e-20
-0.393057	4.61834e-20
-0.39174	4.64718e-20
-0.390424	4.67195e-20
-0.389107	4.69549e-20
-0.38779	4.71908e-20
-0.386473	4.747e-20
-0.385156	4.77944e-20
-0.38384	4.81062e-20
-0.382523	4.84307e-20
-0.381206	4.88288e-20
-0.379889	4.93289e-20
-0.378573	4.99078e-20
-0.377256	5.04866e-20
-0.375939	5.10637e-20
-0.374622	5.16712e-20
-0.373306	5.23211e-20
-0.371989	5.30009e-20
-0.370672	5.36592e-20
-0.369355	5.43184e-20
-0.368038	5.5015e-20
-0.366722	5.5739e-20
-0.365405	5.64721e-20
-0.364088	5.71934e-20
-0.362771	5.79296e-20
-0.361455	5.87196e-20
-0.360138	5.95762e-20
-0.358821	6.04768e-20
-0.357504	6.1373e-20
-0.356187	6.22729e-20
-0.354871	6.31858e-20
-0.353554	6.41206e-20
-0.352237	6.50932e-20
-0.35092	6.60635e-20
-0.349604	6.70179e-20
-0.348287	6.79734e-20
-0.34697	6.89373e-20
-0.345653	6.99004e-20
-0.344336	7.0845e-20
-0.34302	7.17822e-20
-0.341703	7.27125e-20
-0.340386	7.36325e-20
-0.339069	7.45333e-20
-0.337753	7.539e-20
-0.336436	7.62237e-20
-0.335119	7.70489e-20
-0.333802	7.78314e-20
-0.332485	7.85366e-20
-0.331169	7.91795e-20
-0.329852	7.97858e-20
-0.328535	8.03582e-20
-0.327218	8.08942e-20
-0.325902	8.13524e-20
-0.324585	8.17307e-20
-0.323268	8.20829e-20
-0.321951	8.24207e-20
-0.320635	8.272e-20
-0.319318	8.29567e-20
-0.318001	8.31333e-20
-0.316684	8.32758e-20
-0.315367	8.33976e-20
-0.314051	8.34847e-20
-0.312734	8.3493e-20
-0.311417	8.34343e-20
-0.3101	8.33555e-20
-0.308784	8.32648e-20
-0.307467	8.3176e-20
-0.30615	8.30966e-20
-0.304833	8.30296e-20
-0.303516	8.29819e-20
-0.3022	8.29552e-20
-0.300883	8.29583e-20
-0.299566	8.299e-20
-0.298249	8.30307e-20
-0.296933	8.30714e-20
-0.295616	8.31107e-20
-0.294299	8.31764e-20
-0.292982	8.3278e-20
-0.291665	8.33658e-20
-0.290349	8.34402e-20
-0.289032	8.35209e-20
-0.287715	8.3615e-20
-0.286398	8.37296e-20
-0.285082	8.38423e-20
-0.283765	8.39614e-20
-0.282448	8.41215e-20
-0.281131	8.43208e-20
-0.279815	8.45245e-20
-0.278498	8.47158e-20
-0.277181	8.4914e-20
-0.275864	8.51312e-20
-0.274547	8.53595e-20
-0.273231	8.55801e-20
-0.271914	8.57814e-20
-0.270597	8.59711e-20
-0.26928	8.61594e-20
-0.267964	8.63722e-20
-0.266647	8.66091e-20
-0.26533	8.68338e-20
-0.264013	8.70552e-20
-0.262696	8.72931e-20
-0.26138	8.75505e-20
-0.260063	8.78348e-20
-0.258746	8.81307e-20
-0.257429	8.84361e-20
-0.256113	8.87713e-20
-0.254796	8.91434e-20
-0.253479	8.95419e-20
-0.252162	8.99454e-20
-0.250845	9.03533e-20
-0.249529	9.07691e-20
-0.248212	9.12093e-20
-0.246895	9.16847e-20
-0.245578	9.21643e-20
-0.244262	9.26421e-20
-0.242945	9.31249e-20
-0.241628	9.36037e-20
-0.240311	9.4081e-20
-0.238995	9.45594e-20
-0.237678	9.50447e-20
-0.236361	9.55522e-20
-0.235044	9.6104e-20
-0.233727	9.67057e-20
-0.232411	9.73251e-20
-0.231094	9.79457e-20
-0.229777	9.85688e-20
-0.22846	9.91802e-20
-0.227144	9.97666e-20
-0.225827	1.00335e-19
-0.22451	1.00893e-19
-0.223193	1.01441e-19
-0.221876	1.0198e-19
-0.22056	1.025e-19
-0.219243	1.03e-19
-0.217926	1.03488e-19
-0.216609	1.03967e-19
-0.215293	1.04435e-19
-0.213976	1.04861e-19
-0.212659	1.05242e-19
-0.211342	1.05604e-19
-0.210026	1.0595e-19
-0.208709	1.06259e-19
-0.207392	1.06505e-19
-0.206075	1.06708e-19
-0.204758	1.06887e-19
-0.203442	1.07036e-19
-0.202125	1.07121e-19
-0.200808	1.07093e-19
-0.199491	1.06983e-19
-0.198175	1.06849e-19
-0.196858	1.06679e-19
-0.195541	1.06458e-19
-0.194224	1.06175e-19
-0.192907	1.05832e-19
-0.191591	1.05462e-19
-0.190274	1.05069e-19
-0.188957	1.04617e-19
-0.18764	1.04098e-19
-0.186324	1.03545e-19
-0.185007	1.02987e-19
-0.18369	1.02421e-19
-0.182373	1.01847e-19
-0.181056	1.01254e-19
-0.17974	1.00631e-19
-0.178423	9.99964e-20
-0.177106	9.93523e-20
-0.175789	9.86731e-20
-0.174473	9.79585e-20
-0.173156	9.72395e-20
-0.171839	9.65202e-20
-0.170522	9.57976e-20
-0.169206	9.5079e-20
-0.167889	9.43398e-20
-0.166572	9.35682e-20
-0.165255	9.27921e-20
-0.163938	9.20177e-20
-0.162622	9.12315e-20
-0.161305	9.043e-20
-0.159988	8.96125e-20
-0.158671	8.8787e-20
-0.157355	8.79657e-20
-0.156038	8.71422e-20
-0.154721	8.62916e-20
-0.153404	8.54148e-20
-0.152087	8.45295e-20
-0.150771	8.36377e-20
-0.149454	8.27518e-20
-0.148137	8.18773e-20
-0.14682	8.10039e-20
-0.145504	8.01326e-20
-0.144187	7.92653e-20
-0.14287	7.83886e-20
-0.141553	7.74866e-20
-0.140236	7.65648e-20
-0.13892	7.56373e-20
-0.137603	7.4701e-20
-0.136286	7.37688e-20
-0.134969	7.28488e-20
-0.133653	7.19177e-20
-0.132336	7.09798e-20
-0.131019	7.00439e-20
-0.129702	6.90802e-20
-0.128385	6.80721e-20
-0.127069	6.70429e-20
-0.125752	6.6004e-20
-0.124435	6.49481e-20
-0.123118	6.38747e-20
-0.121802	6.27741e-20
-0.120485	6.16476e-20
-0.119168	6.05134e-20
-0.117851	5.93611e-20
-0.116535	5.8183e-20
-0.115218	5.69956e-20
-0.113901	5.58001e-20
-0.112584	5.45947e-20
-0.111267	5.33859e-20
-0.109951	5.21628e-20
-0.108634	5.09061e-20
-0.107317	4.96246e-20
-0.106	4.8338e-20
-0.104684	4.70434e-20
-0.103367	4.57425e-20
-0.10205	4.44431e-20
-0.100733	4.31414e-20
-0.0994165	4.18409e-20
-0.0980997	4.05513e-20
-0.0967829	3.927e-20
-0.0954661	3.79934e-20
-0.0941494	3.67228e-20
-0.0928326	3.54564e-20
-0.0915158	3.41962e-20
-0.090199	3.29571e-20
-0.0888823	3.17419e-20
-0.0875655	3.05359e-20
-0.0862487	2.9338e-20
-0.0849319	2.81586e-20
-0.0836152	2.69997e-20
-0.0822984	2.58521e-20
-0.0809816	2.47083e-20
-0.0796648	2.35705e-20
-0.0783481	2.24445e-20
-0.0770313	2.1345e-20
-0.0757145	2.02795e-20
-0.0743978	1.92315e-20
-0.073081	1.81954e-20
-0.0717642	1.7181e-20
-0.0704474	1.61938e-20
-0.0691307	1.5237e-20
-0.0678139	1.42995e-20
-0.0664971	1.33749e-20
-0.0651803	1.24718e-20
-0.0638636	1.15966e-20
-0.0625468	1.0743e-20
-0.06123	9.8947e-21
-0.0599132	9.05033e-21
-0.0585965	8.21494e-21
-0.0572797	7.39043e-21
-0.0559629	6.58045e-21
-0.0546461	5.77808e-21
-0.0533294	4.97846e-21
-0.0520126	4.18648e-21
-0.0506958	3.3984e-21
-0.049379	2.60459e-21
-0.0480623	1.80659e-21
-0.0467455	1.01227e-21
-0.0454287	2.2573e-22
-0.0441119	-5.50632e-22
-0.0427952	-1.31717e-21
-0.0414784	-2.07865e-21
-0.0401616	-2.83656e-21
-0.0388448	-3.58836e-21
-0.0375281	-4.33117e-21
-0.0362113	-5.06359e-21
-0.0348945	-5.78898e-21
-0.0335777	-6.50913e-21
-0.032261	-7.22121e-21
-0.0309442	-7.91986e-21
-0.0296274	-8.60412e-21
-0.0283106	-9.28194e-21
-0.0269939	-9.95728e-21
-0.0256771	-1.06268e-20
-0.0243603	-1.12878e-20
-0.0230436	-1.19418e-20
-0.0217268	-1.25926e-20
-0.02041	-1.32416e-20
-0.0190932	-1.38876e-20
-0.0177765	-1.45273e-20
-0.0164597	-1.51598e-20
-0.0151429	-1.57894e-20
-0.0138261	-1.64174e-20
-0.0125094	-1.70429e-20
-0.0111926	-1.76664e-20
-0.00987581	-1.82879e-20
-0.00855903	-1.89082e-20
-0.00724226	-1.95286e-20
-0.00592548	-2.01493e-20
-0.00460871	-2.077e-20
-0.00329194	-2.1391e-20
-0.00197516	-2.20127e-20
-0.000658387	-2.26351e-20
0	-2.29465e-20
)
