(title "WW Reynolds Stress vs. Y-Coordinate")
(labels "Y-Coordinate" "WW Reynolds Stress")

((xy/key/label "line")
-1	0.00337252
-0.999807	0.00268044
-0.999585	0.00178472
-0.99933	0.00182863
-0.999037	0.00222371
-0.9987	0.00265317
-0.998312	0.00301234
-0.997866	0.00329462
-0.997353	0.00351518
-0.996763	0.00368976
-0.996085	0.00382945
-0.995305	0.00394218
-0.994408	0.00403365
-0.993376	0.00410803
-0.992189	0.00416826
-0.990873	0.00421503
-0.989556	0.00424782
-0.988239	0.00427101
-0.986922	0.00428744
-0.985606	0.00429895
-0.984289	0.00430679
-0.982972	0.00431182
-0.981655	0.00431464
-0.980338	0.00431569
-0.979022	0.0043153
-0.977705	0.00431371
-0.976388	0.0043111
-0.975071	0.00430764
-0.973755	0.00430345
-0.972438	0.00429861
-0.971121	0.00429323
-0.969804	0.00428739
-0.968488	0.00428116
-0.967171	0.0042746
-0.965854	0.00426776
-0.964537	0.00426068
-0.96322	0.0042534
-0.961904	0.00424594
-0.960587	0.00423832
-0.95927	0.00423058
-0.957953	0.00422274
-0.956637	0.0042148
-0.95532	0.00420678
-0.954003	0.00419869
-0.952686	0.00419055
-0.951369	0.00418236
-0.950053	0.00417413
-0.948736	0.00416587
-0.947419	0.00415758
-0.946102	0.00414928
-0.944786	0.00414096
-0.943469	0.00413263
-0.942152	0.00412429
-0.940835	0.00411595
-0.939518	0.00410761
-0.938202	0.00409927
-0.936885	0.00409093
-0.935568	0.00408261
-0.934251	0.00407429
-0.932935	0.00406599
-0.931618	0.0040577
-0.930301	0.00404941
-0.928984	0.00404115
-0.927667	0.00403289
-0.926351	0.00402466
-0.925034	0.00401644
-0.923717	0.00400824
-0.9224	0.00400005
-0.921084	0.00399189
-0.919767	0.00398374
-0.91845	0.00397561
-0.917133	0.0039675
-0.915817	0.00395941
-0.9145	0.00395134
-0.913183	0.00394329
-0.911866	0.00393527
-0.910549	0.00392726
-0.909233	0.00391927
-0.907916	0.00391131
-0.906599	0.00390336
-0.905282	0.00389544
-0.903966	0.00388753
-0.902649	0.00387965
-0.901332	0.00387179
-0.900015	0.00386395
-0.898698	0.00385613
-0.897382	0.00384833
-0.896065	0.00384055
-0.894748	0.00383279
-0.893431	0.00382506
-0.892115	0.00381734
-0.890798	0.00380964
-0.889481	0.00380196
-0.888164	0.00379431
-0.886847	0.00378667
-0.885531	0.00377905
-0.884214	0.00377145
-0.882897	0.00376387
-0.88158	0.00375631
-0.880264	0.00374877
-0.878947	0.00374126
-0.87763	0.00373375
-0.876313	0.00372627
-0.874997	0.00371881
-0.87368	0.00371137
-0.872363	0.00370394
-0.871046	0.00369654
-0.869729	0.00368915
-0.868413	0.00368178
-0.867096	0.00367443
-0.865779	0.00366709
-0.864462	0.00365978
-0.863146	0.00365248
-0.861829	0.00364521
-0.860512	0.00363795
-0.859195	0.0036307
-0.857878	0.00362348
-0.856562	0.00361627
-0.855245	0.00360908
-0.853928	0.0036019
-0.852611	0.00359474
-0.851295	0.0035876
-0.849978	0.00358048
-0.848661	0.00357337
-0.847344	0.00356628
-0.846027	0.0035592
-0.844711	0.00355214
-0.843394	0.0035451
-0.842077	0.00353807
-0.84076	0.00353105
-0.839444	0.00352405
-0.838127	0.00351707
-0.83681	0.00351011
-0.835493	0.00350316
-0.834177	0.00349622
-0.83286	0.0034893
-0.831543	0.00348239
-0.830226	0.0034755
-0.828909	0.00346862
-0.827593	0.00346176
-0.826276	0.00345491
-0.824959	0.00344808
-0.823642	0.00344126
-0.822326	0.00343446
-0.821009	0.00342767
-0.819692	0.0034209
-0.818375	0.00341414
-0.817058	0.00340739
-0.815742	0.00340065
-0.814425	0.00339393
-0.813108	0.00338722
-0.811791	0.00338053
-0.810475	0.00337384
-0.809158	0.00336718
-0.807841	0.00336053
-0.806524	0.00335389
-0.805207	0.00334726
-0.803891	0.00334065
-0.802574	0.00333405
-0.801257	0.00332746
-0.79994	0.00332089
-0.798624	0.00331432
-0.797307	0.00330778
-0.79599	0.00330124
-0.794673	0.00329472
-0.793357	0.0032882
-0.79204	0.00328171
-0.790723	0.00327522
-0.789406	0.00326874
-0.788089	0.00326228
-0.786773	0.00325583
-0.785456	0.00324939
-0.784139	0.00324297
-0.782822	0.00323655
-0.781506	0.00323015
-0.780189	0.00322376
-0.778872	0.00321738
-0.777555	0.00321101
-0.776238	0.00320466
-0.774922	0.00319831
-0.773605	0.00319198
-0.772288	0.00318566
-0.770971	0.00317935
-0.769655	0.00317305
-0.768338	0.00316676
-0.767021	0.00316049
-0.765704	0.00315422
-0.764387	0.00314797
-0.763071	0.00314172
-0.761754	0.00313549
-0.760437	0.00312927
-0.75912	0.00312305
-0.757804	0.00311685
-0.756487	0.00311066
-0.75517	0.00310448
-0.753853	0.00309831
-0.752537	0.00309215
-0.75122	0.003086
-0.749903	0.00307986
-0.748586	0.00307374
-0.747269	0.00306762
-0.745953	0.00306151
-0.744636	0.00305541
-0.743319	0.00304933
-0.742002	0.00304325
-0.740686	0.00303719
-0.739369	0.00303113
-0.738052	0.00302509
-0.736735	0.00301905
-0.735418	0.00301303
-0.734102	0.00300701
-0.732785	0.00300101
-0.731468	0.00299502
-0.730151	0.00298903
-0.728835	0.00298306
-0.727518	0.00297709
-0.726201	0.00297114
-0.724884	0.00296519
-0.723567	0.00295925
-0.722251	0.00295333
-0.720934	0.00294741
-0.719617	0.0029415
-0.7183	0.0029356
-0.716984	0.00292972
-0.715667	0.00292384
-0.71435	0.00291797
-0.713033	0.00291211
-0.711717	0.00290626
-0.7104	0.00290042
-0.709083	0.00289459
-0.707766	0.00288877
-0.706449	0.00288295
-0.705133	0.00287715
-0.703816	0.00287136
-0.702499	0.00286558
-0.701182	0.0028598
-0.699866	0.00285404
-0.698549	0.00284828
-0.697232	0.00284253
-0.695915	0.0028368
-0.694598	0.00283107
-0.693282	0.00282535
-0.691965	0.00281964
-0.690648	0.00281394
-0.689331	0.00280825
-0.688015	0.00280257
-0.686698	0.0027969
-0.685381	0.00279123
-0.684064	0.00278558
-0.682747	0.00277993
-0.681431	0.00277429
-0.680114	0.00276866
-0.678797	0.00276304
-0.67748	0.00275743
-0.676164	0.00275183
-0.674847	0.00274623
-0.67353	0.00274065
-0.672213	0.00273507
-0.670897	0.0027295
-0.66958	0.00272394
-0.668263	0.00271839
-0.666946	0.00271285
-0.665629	0.00270732
-0.664313	0.00270179
-0.662996	0.00269628
-0.661679	0.00269077
-0.660362	0.00268528
-0.659046	0.00267979
-0.657729	0.0026743
-0.656412	0.00266883
-0.655095	0.00266337
-0.653778	0.00265791
-0.652462	0.00265246
-0.651145	0.00264702
-0.649828	0.00264159
-0.648511	0.00263616
-0.647195	0.00263075
-0.645878	0.00262534
-0.644561	0.00261994
-0.643244	0.00261455
-0.641927	0.00260917
-0.640611	0.0026038
-0.639294	0.00259843
-0.637977	0.00259307
-0.63666	0.00258772
-0.635344	0.00258238
-0.634027	0.00257705
-0.63271	0.00257173
-0.631393	0.00256641
-0.630077	0.0025611
-0.62876	0.0025558
-0.627443	0.00255051
-0.626126	0.00254523
-0.624809	0.00253996
-0.623493	0.00253469
-0.622176	0.00252943
-0.620859	0.00252418
-0.619542	0.00251894
-0.618226	0.00251371
-0.616909	0.00250849
-0.615592	0.00250327
-0.614275	0.00249806
-0.612958	0.00249286
-0.611642	0.00248767
-0.610325	0.00248249
-0.609008	0.00247732
-0.607691	0.00247215
-0.606375	0.00246699
-0.605058	0.00246184
-0.603741	0.0024567
-0.602424	0.00245157
-0.601107	0.00244644
-0.599791	0.00244133
-0.598474	0.00243622
-0.597157	0.00243112
-0.59584	0.00242603
-0.594524	0.00242094
-0.593207	0.00241586
-0.59189	0.0024108
-0.590573	0.00240574
-0.589257	0.00240069
-0.58794	0.00239564
-0.586623	0.00239061
-0.585306	0.00238558
-0.583989	0.00238056
-0.582673	0.00237555
-0.581356	0.00237055
-0.580039	0.00236556
-0.578722	0.00236057
-0.577406	0.0023556
-0.576089	0.00235063
-0.574772	0.00234567
-0.573455	0.00234072
-0.572138	0.00233577
-0.570822	0.00233084
-0.569505	0.00232591
-0.568188	0.00232099
-0.566871	0.00231608
-0.565555	0.00231118
-0.564238	0.00230629
-0.562921	0.0023014
-0.561604	0.00229652
-0.560287	0.00229166
-0.558971	0.0022868
-0.557654	0.00228194
-0.556337	0.0022771
-0.55502	0.00227226
-0.553704	0.00226744
-0.552387	0.00226262
-0.55107	0.00225781
-0.549753	0.00225301
-0.548437	0.00224822
-0.54712	0.00224343
-0.545803	0.00223866
-0.544486	0.00223389
-0.543169	0.00222913
-0.541853	0.00222438
-0.540536	0.00221964
-0.539219	0.00221491
-0.537902	0.00221018
-0.536586	0.00220547
-0.535269	0.00220076
-0.533952	0.00219606
-0.532635	0.00219137
-0.531318	0.00218669
-0.530002	0.00218202
-0.528685	0.00217735
-0.527368	0.00217269
-0.526051	0.00216805
-0.524735	0.00216341
-0.523418	0.00215878
-0.522101	0.00215416
-0.520784	0.00214954
-0.519467	0.00214494
-0.518151	0.00214034
-0.516834	0.00213576
-0.515517	0.00213118
-0.5142	0.0021266
-0.512884	0.00212204
-0.511567	0.00211748
-0.51025	0.00211294
-0.508933	0.0021084
-0.507617	0.00210387
-0.5063	0.00209935
-0.504983	0.00209483
-0.503666	0.00209033
-0.502349	0.00208583
-0.501033	0.00208134
-0.499716	0.00207687
-0.498399	0.00207239
-0.497082	0.00206793
-0.495766	0.00206348
-0.494449	0.00205903
-0.493132	0.0020546
-0.491815	0.00205017
-0.490498	0.00204575
-0.489182	0.00204134
-0.487865	0.00203694
-0.486548	0.00203255
-0.485231	0.00202817
-0.483915	0.0020238
-0.482598	0.00201943
-0.481281	0.00201508
-0.479964	0.00201073
-0.478647	0.0020064
-0.477331	0.00200207
-0.476014	0.00199775
-0.474697	0.00199345
-0.47338	0.00198915
-0.472064	0.00198486
-0.470747	0.00198058
-0.46943	0.0019763
-0.468113	0.00197204
-0.466796	0.00196779
-0.46548	0.00196354
-0.464163	0.00195931
-0.462846	0.00195508
-0.461529	0.00195087
-0.460213	0.00194666
-0.458896	0.00194246
-0.457579	0.00193827
-0.456262	0.00193409
-0.454946	0.00192992
-0.453629	0.00192576
-0.452312	0.00192161
-0.450995	0.00191747
-0.449678	0.00191333
-0.448362	0.00190921
-0.447045	0.0019051
-0.445728	0.00190099
-0.444411	0.0018969
-0.443095	0.00189281
-0.441778	0.00188874
-0.440461	0.00188467
-0.439144	0.00188061
-0.437827	0.00187656
-0.436511	0.00187253
-0.435194	0.0018685
-0.433877	0.00186448
-0.43256	0.00186047
-0.431244	0.00185647
-0.429927	0.00185248
-0.42861	0.0018485
-0.427293	0.00184453
-0.425976	0.00184057
-0.42466	0.00183662
-0.423343	0.00183268
-0.422026	0.00182875
-0.420709	0.00182483
-0.419393	0.00182092
-0.418076	0.00181702
-0.416759	0.00181313
-0.415442	0.00180925
-0.414126	0.00180538
-0.412809	0.00180152
-0.411492	0.00179767
-0.410175	0.00179383
-0.408858	0.00179
-0.407542	0.00178618
-0.406225	0.00178237
-0.404908	0.00177857
-0.403591	0.00177478
-0.402275	0.001771
-0.400958	0.00176723
-0.399641	0.00176348
-0.398324	0.00175973
-0.397007	0.00175599
-0.395691	0.00175226
-0.394374	0.00174855
-0.393057	0.00174484
-0.39174	0.00174115
-0.390424	0.00173746
-0.389107	0.00173379
-0.38779	0.00173012
-0.386473	0.00172647
-0.385156	0.00172283
-0.38384	0.0017192
-0.382523	0.00171558
-0.381206	0.00171197
-0.379889	0.00170837
-0.378573	0.00170478
-0.377256	0.0017012
-0.375939	0.00169763
-0.374622	0.00169408
-0.373306	0.00169053
-0.371989	0.00168699
-0.370672	0.00168347
-0.369355	0.00167995
-0.368038	0.00167645
-0.366722	0.00167295
-0.365405	0.00166947
-0.364088	0.001666
-0.362771	0.00166254
-0.361455	0.00165909
-0.360138	0.00165565
-0.358821	0.00165222
-0.357504	0.0016488
-0.356187	0.00164539
-0.354871	0.001642
-0.353554	0.00163861
-0.352237	0.00163524
-0.35092	0.00163188
-0.349604	0.00162853
-0.348287	0.00162519
-0.34697	0.00162186
-0.345653	0.00161854
-0.344336	0.00161524
-0.34302	0.00161194
-0.341703	0.00160866
-0.340386	0.00160539
-0.339069	0.00160213
-0.337753	0.00159888
-0.336436	0.00159565
-0.335119	0.00159242
-0.333802	0.00158921
-0.332485	0.001586
-0.331169	0.00158281
-0.329852	0.00157963
-0.328535	0.00157647
-0.327218	0.00157331
-0.325902	0.00157016
-0.324585	0.00156703
-0.323268	0.00156391
-0.321951	0.00156079
-0.320635	0.00155769
-0.319318	0.00155461
-0.318001	0.00155153
-0.316684	0.00154846
-0.315367	0.00154541
-0.314051	0.00154237
-0.312734	0.00153933
-0.311417	0.00153632
-0.3101	0.00153331
-0.308784	0.00153031
-0.307467	0.00152733
-0.30615	0.00152436
-0.304833	0.0015214
-0.303516	0.00151845
-0.3022	0.00151552
-0.300883	0.00151259
-0.299566	0.00150968
-0.298249	0.00150678
-0.296933	0.0015039
-0.295616	0.00150102
-0.294299	0.00149816
-0.292982	0.00149531
-0.291665	0.00149247
-0.290349	0.00148964
-0.289032	0.00148682
-0.287715	0.00148402
-0.286398	0.00148123
-0.285082	0.00147845
-0.283765	0.00147568
-0.282448	0.00147293
-0.281131	0.00147018
-0.279815	0.00146745
-0.278498	0.00146473
-0.277181	0.00146203
-0.275864	0.00145933
-0.274547	0.00145665
-0.273231	0.00145398
-0.271914	0.00145132
-0.270597	0.00144868
-0.26928	0.00144605
-0.267964	0.00144343
-0.266647	0.00144082
-0.26533	0.00143822
-0.264013	0.00143564
-0.262696	0.00143307
-0.26138	0.00143051
-0.260063	0.00142796
-0.258746	0.00142543
-0.257429	0.00142291
-0.256113	0.0014204
-0.254796	0.00141791
-0.253479	0.00141542
-0.252162	0.00141295
-0.250845	0.0014105
-0.249529	0.00140805
-0.248212	0.00140562
-0.246895	0.0014032
-0.245578	0.00140079
-0.244262	0.00139839
-0.242945	0.00139601
-0.241628	0.00139364
-0.240311	0.00139128
-0.238995	0.00138893
-0.237678	0.0013866
-0.236361	0.00138428
-0.235044	0.00138198
-0.233727	0.00137968
-0.232411	0.0013774
-0.231094	0.00137513
-0.229777	0.00137287
-0.22846	0.00137063
-0.227144	0.0013684
-0.225827	0.00136618
-0.22451	0.00136397
-0.223193	0.00136178
-0.221876	0.0013596
-0.22056	0.00135743
-0.219243	0.00135528
-0.217926	0.00135313
-0.216609	0.00135101
-0.215293	0.00134889
-0.213976	0.00134678
-0.212659	0.00134469
-0.211342	0.00134261
-0.210026	0.00134055
-0.208709	0.0013385
-0.207392	0.00133646
-0.206075	0.00133443
-0.204758	0.00133241
-0.203442	0.00133041
-0.202125	0.00132842
-0.200808	0.00132645
-0.199491	0.00132449
-0.198175	0.00132254
-0.196858	0.0013206
-0.195541	0.00131867
-0.194224	0.00131676
-0.192907	0.00131487
-0.191591	0.00131298
-0.190274	0.00131111
-0.188957	0.00130925
-0.18764	0.0013074
-0.186324	0.00130557
-0.185007	0.00130375
-0.18369	0.00130194
-0.182373	0.00130014
-0.181056	0.00129836
-0.17974	0.00129659
-0.178423	0.00129483
-0.177106	0.00129309
-0.175789	0.00129136
-0.174473	0.00128964
-0.173156	0.00128794
-0.171839	0.00128624
-0.170522	0.00128456
-0.169206	0.0012829
-0.167889	0.00128124
-0.166572	0.0012796
-0.165255	0.00127798
-0.163938	0.00127636
-0.162622	0.00127476
-0.161305	0.00127318
-0.159988	0.0012716
-0.158671	0.00127004
-0.157355	0.00126849
-0.156038	0.00126695
-0.154721	0.00126543
-0.153404	0.00126392
-0.152087	0.00126242
-0.150771	0.00126094
-0.149454	0.00125946
-0.148137	0.001258
-0.14682	0.00125656
-0.145504	0.00125513
-0.144187	0.00125371
-0.14287	0.0012523
-0.141553	0.0012509
-0.140236	0.00124952
-0.13892	0.00124815
-0.137603	0.0012468
-0.136286	0.00124546
-0.134969	0.00124413
-0.133653	0.00124281
-0.132336	0.00124151
-0.131019	0.00124022
-0.129702	0.00123894
-0.128385	0.00123768
-0.127069	0.00123643
-0.125752	0.00123519
-0.124435	0.00123397
-0.123118	0.00123275
-0.121802	0.00123155
-0.120485	0.00123037
-0.119168	0.0012292
-0.117851	0.00122804
-0.116535	0.00122689
-0.115218	0.00122576
-0.113901	0.00122464
-0.112584	0.00122353
-0.111267	0.00122243
-0.109951	0.00122135
-0.108634	0.00122028
-0.107317	0.00121923
-0.106	0.00121818
-0.104684	0.00121716
-0.103367	0.00121614
-0.10205	0.00121513
-0.100733	0.00121414
-0.0994165	0.00121317
-0.0980997	0.0012122
-0.0967829	0.00121125
-0.0954661	0.00121031
-0.0941494	0.00120938
-0.0928326	0.00120847
-0.0915158	0.00120756
-0.090199	0.00120667
-0.0888823	0.0012058
-0.0875655	0.00120494
-0.0862487	0.00120409
-0.0849319	0.00120325
-0.0836152	0.00120243
-0.0822984	0.00120161
-0.0809816	0.00120082
-0.0796648	0.00120003
-0.0783481	0.00119926
-0.0770313	0.0011985
-0.0757145	0.00119775
-0.0743978	0.00119702
-0.073081	0.00119629
-0.0717642	0.00119559
-0.0704474	0.00119489
-0.0691307	0.00119421
-0.0678139	0.00119354
-0.0664971	0.00119288
-0.0651803	0.00119223
-0.0638636	0.0011916
-0.0625468	0.00119098
-0.06123	0.00119037
-0.0599132	0.00118978
-0.0585965	0.0011892
-0.0572797	0.00118863
-0.0559629	0.00118807
-0.0546461	0.00118753
-0.0533294	0.001187
-0.0520126	0.00118648
-0.0506958	0.00118598
-0.049379	0.00118549
-0.0480623	0.00118501
-0.0467455	0.00118455
-0.0454287	0.00118409
-0.0441119	0.00118365
-0.0427952	0.00118323
-0.0414784	0.00118281
-0.0401616	0.00118241
-0.0388448	0.00118202
-0.0375281	0.00118165
-0.0362113	0.00118129
-0.0348945	0.00118094
-0.0335777	0.0011806
-0.032261	0.00118028
-0.0309442	0.00117997
-0.0296274	0.00117967
-0.0283106	0.00117938
-0.0269939	0.00117911
-0.0256771	0.00117885
-0.0243603	0.0011786
-0.0230436	0.00117837
-0.0217268	0.00117815
-0.02041	0.00117794
-0.0190932	0.00117774
-0.0177765	0.00117756
-0.0164597	0.00117739
-0.0151429	0.00117723
-0.0138261	0.00117709
-0.0125094	0.00117696
-0.0111926	0.00117684
-0.00987581	0.00117673
-0.00855903	0.00117664
-0.00724226	0.00117656
-0.00592548	0.0011765
-0.00460871	0.00117645
-0.00329194	0.00117641
-0.00197516	0.00117638
-0.000658387	0.00117637
0	0.00117637
)
