(title "Wall Yplus vs. Y-Coordinate")
(labels "Y-Coordinate" "Wall Yplus")

((xy/key/label "line")
-1	0.512262
-0.999807	0
-0.999585	0
-0.99933	0
-0.999037	0
-0.9987	0
-0.998312	0
-0.997866	0
-0.997353	0
-0.996763	0
-0.996085	0
-0.995305	0
-0.994408	0
-0.993376	0
-0.992189	0
-0.990873	0
-0.989556	0
-0.988239	0
-0.986922	0
-0.985606	0
-0.984289	0
-0.982972	0
-0.981655	0
-0.980338	0
-0.979022	0
-0.977705	0
-0.976388	0
-0.975071	0
-0.973755	0
-0.972438	0
-0.971121	0
-0.969804	0
-0.968488	0
-0.967171	0
-0.965854	0
-0.964537	0
-0.96322	0
-0.961904	0
-0.960587	0
-0.95927	0
-0.957953	0
-0.956637	0
-0.95532	0
-0.954003	0
-0.952686	0
-0.951369	0
-0.950053	0
-0.948736	0
-0.947419	0
-0.946102	0
-0.944786	0
-0.943469	0
-0.942152	0
-0.940835	0
-0.939518	0
-0.938202	0
-0.936885	0
-0.935568	0
-0.934251	0
-0.932935	0
-0.931618	0
-0.930301	0
-0.928984	0
-0.927667	0
-0.926351	0
-0.925034	0
-0.923717	0
-0.9224	0
-0.921084	0
-0.919767	0
-0.91845	0
-0.917133	0
-0.915817	0
-0.9145	0
-0.913183	0
-0.911866	0
-0.910549	0
-0.909233	0
-0.907916	0
-0.906599	0
-0.905282	0
-0.903966	0
-0.902649	0
-0.901332	0
-0.900015	0
-0.898698	0
-0.897382	0
-0.896065	0
-0.894748	0
-0.893431	0
-0.892115	0
-0.890798	0
-0.889481	0
-0.888164	0
-0.886847	0
-0.885531	0
-0.884214	0
-0.882897	0
-0.88158	0
-0.880264	0
-0.878947	0
-0.87763	0
-0.876313	0
-0.874997	0
-0.87368	0
-0.872363	0
-0.871046	0
-0.869729	0
-0.868413	0
-0.867096	0
-0.865779	0
-0.864462	0
-0.863146	0
-0.861829	0
-0.860512	0
-0.859195	0
-0.857878	0
-0.856562	0
-0.855245	0
-0.853928	0
-0.852611	0
-0.851295	0
-0.849978	0
-0.848661	0
-0.847344	0
-0.846027	0
-0.844711	0
-0.843394	0
-0.842077	0
-0.84076	0
-0.839444	0
-0.838127	0
-0.83681	0
-0.835493	0
-0.834177	0
-0.83286	0
-0.831543	0
-0.830226	0
-0.828909	0
-0.827593	0
-0.826276	0
-0.824959	0
-0.823642	0
-0.822326	0
-0.821009	0
-0.819692	0
-0.818375	0
-0.817058	0
-0.815742	0
-0.814425	0
-0.813108	0
-0.811791	0
-0.810475	0
-0.809158	0
-0.807841	0
-0.806524	0
-0.805207	0
-0.803891	0
-0.802574	0
-0.801257	0
-0.79994	0
-0.798624	0
-0.797307	0
-0.79599	0
-0.794673	0
-0.793357	0
-0.79204	0
-0.790723	0
-0.789406	0
-0.788089	0
-0.786773	0
-0.785456	0
-0.784139	0
-0.782822	0
-0.781506	0
-0.780189	0
-0.778872	0
-0.777555	0
-0.776238	0
-0.774922	0
-0.773605	0
-0.772288	0
-0.770971	0
-0.769655	0
-0.768338	0
-0.767021	0
-0.765704	0
-0.764387	0
-0.763071	0
-0.761754	0
-0.760437	0
-0.75912	0
-0.757804	0
-0.756487	0
-0.75517	0
-0.753853	0
-0.752537	0
-0.75122	0
-0.749903	0
-0.748586	0
-0.747269	0
-0.745953	0
-0.744636	0
-0.743319	0
-0.742002	0
-0.740686	0
-0.739369	0
-0.738052	0
-0.736735	0
-0.735418	0
-0.734102	0
-0.732785	0
-0.731468	0
-0.730151	0
-0.728835	0
-0.727518	0
-0.726201	0
-0.724884	0
-0.723567	0
-0.722251	0
-0.720934	0
-0.719617	0
-0.7183	0
-0.716984	0
-0.715667	0
-0.71435	0
-0.713033	0
-0.711717	0
-0.7104	0
-0.709083	0
-0.707766	0
-0.706449	0
-0.705133	0
-0.703816	0
-0.702499	0
-0.701182	0
-0.699866	0
-0.698549	0
-0.697232	0
-0.695915	0
-0.694598	0
-0.693282	0
-0.691965	0
-0.690648	0
-0.689331	0
-0.688015	0
-0.686698	0
-0.685381	0
-0.684064	0
-0.682747	0
-0.681431	0
-0.680114	0
-0.678797	0
-0.67748	0
-0.676164	0
-0.674847	0
-0.67353	0
-0.672213	0
-0.670897	0
-0.66958	0
-0.668263	0
-0.666946	0
-0.665629	0
-0.664313	0
-0.662996	0
-0.661679	0
-0.660362	0
-0.659046	0
-0.657729	0
-0.656412	0
-0.655095	0
-0.653778	0
-0.652462	0
-0.651145	0
-0.649828	0
-0.648511	0
-0.647195	0
-0.645878	0
-0.644561	0
-0.643244	0
-0.641927	0
-0.640611	0
-0.639294	0
-0.637977	0
-0.63666	0
-0.635344	0
-0.634027	0
-0.63271	0
-0.631393	0
-0.630077	0
-0.62876	0
-0.627443	0
-0.626126	0
-0.624809	0
-0.623493	0
-0.622176	0
-0.620859	0
-0.619542	0
-0.618226	0
-0.616909	0
-0.615592	0
-0.614275	0
-0.612958	0
-0.611642	0
-0.610325	0
-0.609008	0
-0.607691	0
-0.606375	0
-0.605058	0
-0.603741	0
-0.602424	0
-0.601107	0
-0.599791	0
-0.598474	0
-0.597157	0
-0.59584	0
-0.594524	0
-0.593207	0
-0.59189	0
-0.590573	0
-0.589257	0
-0.58794	0
-0.586623	0
-0.585306	0
-0.583989	0
-0.582673	0
-0.581356	0
-0.580039	0
-0.578722	0
-0.577406	0
-0.576089	0
-0.574772	0
-0.573455	0
-0.572138	0
-0.570822	0
-0.569505	0
-0.568188	0
-0.566871	0
-0.565555	0
-0.564238	0
-0.562921	0
-0.561604	0
-0.560287	0
-0.558971	0
-0.557654	0
-0.556337	0
-0.55502	0
-0.553704	0
-0.552387	0
-0.55107	0
-0.549753	0
-0.548437	0
-0.54712	0
-0.545803	0
-0.544486	0
-0.543169	0
-0.541853	0
-0.540536	0
-0.539219	0
-0.537902	0
-0.536586	0
-0.535269	0
-0.533952	0
-0.532635	0
-0.531318	0
-0.530002	0
-0.528685	0
-0.527368	0
-0.526051	0
-0.524735	0
-0.523418	0
-0.522101	0
-0.520784	0
-0.519467	0
-0.518151	0
-0.516834	0
-0.515517	0
-0.5142	0
-0.512884	0
-0.511567	0
-0.51025	0
-0.508933	0
-0.507617	0
-0.5063	0
-0.504983	0
-0.503666	0
-0.502349	0
-0.501033	0
-0.499716	0
-0.498399	0
-0.497082	0
-0.495766	0
-0.494449	0
-0.493132	0
-0.491815	0
-0.490498	0
-0.489182	0
-0.487865	0
-0.486548	0
-0.485231	0
-0.483915	0
-0.482598	0
-0.481281	0
-0.479964	0
-0.478647	0
-0.477331	0
-0.476014	0
-0.474697	0
-0.47338	0
-0.472064	0
-0.470747	0
-0.46943	0
-0.468113	0
-0.466796	0
-0.46548	0
-0.464163	0
-0.462846	0
-0.461529	0
-0.460213	0
-0.458896	0
-0.457579	0
-0.456262	0
-0.454946	0
-0.453629	0
-0.452312	0
-0.450995	0
-0.449678	0
-0.448362	0
-0.447045	0
-0.445728	0
-0.444411	0
-0.443095	0
-0.441778	0
-0.440461	0
-0.439144	0
-0.437827	0
-0.436511	0
-0.435194	0
-0.433877	0
-0.43256	0
-0.431244	0
-0.429927	0
-0.42861	0
-0.427293	0
-0.425976	0
-0.42466	0
-0.423343	0
-0.422026	0
-0.420709	0
-0.419393	0
-0.418076	0
-0.416759	0
-0.415442	0
-0.414126	0
-0.412809	0
-0.411492	0
-0.410175	0
-0.408858	0
-0.407542	0
-0.406225	0
-0.404908	0
-0.403591	0
-0.402275	0
-0.400958	0
-0.399641	0
-0.398324	0
-0.397007	0
-0.395691	0
-0.394374	0
-0.393057	0
-0.39174	0
-0.390424	0
-0.389107	0
-0.38779	0
-0.386473	0
-0.385156	0
-0.38384	0
-0.382523	0
-0.381206	0
-0.379889	0
-0.378573	0
-0.377256	0
-0.375939	0
-0.374622	0
-0.373306	0
-0.371989	0
-0.370672	0
-0.369355	0
-0.368038	0
-0.366722	0
-0.365405	0
-0.364088	0
-0.362771	0
-0.361455	0
-0.360138	0
-0.358821	0
-0.357504	0
-0.356187	0
-0.354871	0
-0.353554	0
-0.352237	0
-0.35092	0
-0.349604	0
-0.348287	0
-0.34697	0
-0.345653	0
-0.344336	0
-0.34302	0
-0.341703	0
-0.340386	0
-0.339069	0
-0.337753	0
-0.336436	0
-0.335119	0
-0.333802	0
-0.332485	0
-0.331169	0
-0.329852	0
-0.328535	0
-0.327218	0
-0.325902	0
-0.324585	0
-0.323268	0
-0.321951	0
-0.320635	0
-0.319318	0
-0.318001	0
-0.316684	0
-0.315367	0
-0.314051	0
-0.312734	0
-0.311417	0
-0.3101	0
-0.308784	0
-0.307467	0
-0.30615	0
-0.304833	0
-0.303516	0
-0.3022	0
-0.300883	0
-0.299566	0
-0.298249	0
-0.296933	0
-0.295616	0
-0.294299	0
-0.292982	0
-0.291665	0
-0.290349	0
-0.289032	0
-0.287715	0
-0.286398	0
-0.285082	0
-0.283765	0
-0.282448	0
-0.281131	0
-0.279815	0
-0.278498	0
-0.277181	0
-0.275864	0
-0.274547	0
-0.273231	0
-0.271914	0
-0.270597	0
-0.26928	0
-0.267964	0
-0.266647	0
-0.26533	0
-0.264013	0
-0.262696	0
-0.26138	0
-0.260063	0
-0.258746	0
-0.257429	0
-0.256113	0
-0.254796	0
-0.253479	0
-0.252162	0
-0.250845	0
-0.249529	0
-0.248212	0
-0.246895	0
-0.245578	0
-0.244262	0
-0.242945	0
-0.241628	0
-0.240311	0
-0.238995	0
-0.237678	0
-0.236361	0
-0.235044	0
-0.233727	0
-0.232411	0
-0.231094	0
-0.229777	0
-0.22846	0
-0.227144	0
-0.225827	0
-0.22451	0
-0.223193	0
-0.221876	0
-0.22056	0
-0.219243	0
-0.217926	0
-0.216609	0
-0.215293	0
-0.213976	0
-0.212659	0
-0.211342	0
-0.210026	0
-0.208709	0
-0.207392	0
-0.206075	0
-0.204758	0
-0.203442	0
-0.202125	0
-0.200808	0
-0.199491	0
-0.198175	0
-0.196858	0
-0.195541	0
-0.194224	0
-0.192907	0
-0.191591	0
-0.190274	0
-0.188957	0
-0.18764	0
-0.186324	0
-0.185007	0
-0.18369	0
-0.182373	0
-0.181056	0
-0.17974	0
-0.178423	0
-0.177106	0
-0.175789	0
-0.174473	0
-0.173156	0
-0.171839	0
-0.170522	0
-0.169206	0
-0.167889	0
-0.166572	0
-0.165255	0
-0.163938	0
-0.162622	0
-0.161305	0
-0.159988	0
-0.158671	0
-0.157355	0
-0.156038	0
-0.154721	0
-0.153404	0
-0.152087	0
-0.150771	0
-0.149454	0
-0.148137	0
-0.14682	0
-0.145504	0
-0.144187	0
-0.14287	0
-0.141553	0
-0.140236	0
-0.13892	0
-0.137603	0
-0.136286	0
-0.134969	0
-0.133653	0
-0.132336	0
-0.131019	0
-0.129702	0
-0.128385	0
-0.127069	0
-0.125752	0
-0.124435	0
-0.123118	0
-0.121802	0
-0.120485	0
-0.119168	0
-0.117851	0
-0.116535	0
-0.115218	0
-0.113901	0
-0.112584	0
-0.111267	0
-0.109951	0
-0.108634	0
-0.107317	0
-0.106	0
-0.104684	0
-0.103367	0
-0.10205	0
-0.100733	0
-0.0994165	0
-0.0980997	0
-0.0967829	0
-0.0954661	0
-0.0941494	0
-0.0928326	0
-0.0915158	0
-0.090199	0
-0.0888823	0
-0.0875655	0
-0.0862487	0
-0.0849319	0
-0.0836152	0
-0.0822984	0
-0.0809816	0
-0.0796648	0
-0.0783481	0
-0.0770313	0
-0.0757145	0
-0.0743978	0
-0.073081	0
-0.0717642	0
-0.0704474	0
-0.0691307	0
-0.0678139	0
-0.0664971	0
-0.0651803	0
-0.0638636	0
-0.0625468	0
-0.06123	0
-0.0599132	0
-0.0585965	0
-0.0572797	0
-0.0559629	0
-0.0546461	0
-0.0533294	0
-0.0520126	0
-0.0506958	0
-0.049379	0
-0.0480623	0
-0.0467455	0
-0.0454287	0
-0.0441119	0
-0.0427952	0
-0.0414784	0
-0.0401616	0
-0.0388448	0
-0.0375281	0
-0.0362113	0
-0.0348945	0
-0.0335777	0
-0.032261	0
-0.0309442	0
-0.0296274	0
-0.0283106	0
-0.0269939	0
-0.0256771	0
-0.0243603	0
-0.0230436	0
-0.0217268	0
-0.02041	0
-0.0190932	0
-0.0177765	0
-0.0164597	0
-0.0151429	0
-0.0138261	0
-0.0125094	0
-0.0111926	0
-0.00987581	0
-0.00855903	0
-0.00724226	0
-0.00592548	0
-0.00460871	0
-0.00329194	0
-0.00197516	0
-0.000658387	0
0	0
)
