nodenumber,    x-coordinate,    y-coordinate,    z-coordinate,  dx-velocity-dx,  dx-velocity-dy,  dy-velocity-dy,  dz-velocity-dz
         1, 0.000000000E+00, 5.370426326E-13, 0.000000000E+00, 1.048627212E-15,-4.375794088E-04, 5.237000278E-10, 0.000000000E+00
         2, 0.000000000E+00, 1.995329279E-03, 0.000000000E+00, 1.334615393E-15,-1.061859308E-03, 4.895166494E-10, 0.000000000E+00
         3, 0.000000000E+00, 5.985987838E-03, 0.000000000E+00, 9.532931246E-16,-2.637144644E-03, 4.042183810E-10, 0.000000000E+00
         4, 0.000000000E+00, 9.976646863E-03,-3.469446952E-18, 2.752857079E-21,-4.002392292E-03, 4.081252003E-10, 0.000000000E+00
         5, 0.000000000E+00, 1.396730542E-02, 0.000000000E+00,-3.719004034E-21,-5.390977487E-03, 4.913314755E-10, 0.000000000E+00
         6, 0.000000000E+00, 1.795796305E-02, 0.000000000E+00, 3.812966722E-16,-6.779561751E-03, 5.252323021E-10, 0.000000000E+00
         7, 0.000000000E+00, 2.194862254E-02, 0.000000000E+00, 1.906460200E-16,-8.191484958E-03, 4.146185062E-10, 0.000000000E+00
         8, 0.000000000E+00, 2.593928017E-02, 0.000000000E+00, 0.000000000E+00,-9.591738693E-03, 3.031896123E-10, 0.000000000E+00
         9, 0.000000000E+00, 2.992993966E-02, 0.000000000E+00, 1.906260353E-16,-1.096865535E-02, 3.028309548E-10, 0.000000000E+00
        10, 0.000000000E+00, 3.392059729E-02, 0.000000000E+00, 3.812436003E-16,-1.238057856E-02, 3.943345095E-10, 0.000000000E+00
        11, 0.000000000E+00, 3.791125491E-02, 0.000000000E+00, 1.906175518E-16,-1.379249897E-02, 4.475792514E-10, 0.000000000E+00
        12, 0.000000000E+00, 4.190191627E-02, 0.000000000E+00, 1.905973421E-16,-1.519275270E-02, 3.541577032E-10, 0.000000000E+00
        13, 0.000000000E+00, 4.589257389E-02, 0.000000000E+00, 5.717693681E-16,-1.660467684E-02, 2.595841875E-10, 0.000000000E+00
        14, 0.000000000E+00, 4.988323152E-02, 0.000000000E+00, 5.717453865E-16,-1.800493151E-02, 2.890619966E-10, 0.000000000E+00
        15, 0.000000000E+00, 5.387388915E-02, 0.000000000E+00, 1.905735458E-16,-1.939351298E-02, 4.236329343E-10, 0.000000000E+00
        16, 0.000000000E+00, 5.786455050E-02, 0.000000000E+00, 0.000000000E+00,-2.079376765E-02, 5.391262436E-10, 0.000000000E+00
        17, 0.000000000E+00, 6.185520813E-02, 0.000000000E+00, 1.905302015E-16,-2.221735939E-02, 4.928256692E-10, 0.000000000E+00
        18, 0.000000000E+00, 6.584586948E-02, 0.000000000E+00, 3.810441505E-16,-2.366428822E-02, 3.935356763E-10, 0.000000000E+00
        19, 0.000000000E+00, 6.983652711E-02, 0.000000000E+00, 1.905137770E-16,-2.507621422E-02, 3.995128395E-10, 0.000000000E+00
        20, 0.000000000E+00, 7.382718474E-02, 0.000000000E+00, 3.809569326E-16,-2.647646889E-02, 5.296826311E-10, 0.000000000E+00
        21, 0.000000000E+00, 7.781784236E-02, 0.000000000E+00, 7.618743723E-16,-2.788839117E-02, 6.470287639E-10, 0.000000000E+00
        22, 0.000000000E+00, 8.180849999E-02,-3.469446952E-18, 7.617951747E-16,-2.931198291E-02, 5.822538007E-10, 0.000000000E+00
        23, 0.000000000E+00, 8.579915762E-02, 0.000000000E+00, 5.712949238E-16,-3.072390333E-02, 4.592183855E-10, 0.000000000E+00
        24, 0.000000000E+00, 8.978981525E-02,-3.469446952E-18, 1.904174932E-16,-3.217083216E-02, 4.486714889E-10, 0.000000000E+00
        25, 0.000000000E+00, 9.378047287E-02, 0.000000000E+00, 3.807433480E-16,-3.364109248E-02, 5.669629211E-10, 0.000000000E+00
        26, 0.000000000E+00, 9.777113795E-02, 0.000000000E+00, 5.710909477E-16,-3.504134715E-02, 6.848036582E-10, 0.000000000E+00
        27, 0.000000000E+00, 1.017617956E-01, 0.000000000E+00, 1.903474144E-16,-3.645327687E-02, 6.133669128E-10, 0.000000000E+00
        28, 0.000000000E+00, 1.057524532E-01, 0.000000000E+00, 1.902962748E-16,-3.793521225E-02, 4.570773759E-10, 0.000000000E+00
        29, 0.000000000E+00, 1.097431108E-01, 0.000000000E+00, 5.708335555E-16,-3.940548003E-02, 4.101085305E-10, 0.000000000E+00
        30, 0.000000000E+00, 1.137337685E-01, 0.000000000E+00, 5.707782866E-16,-4.082906991E-02, 4.918258578E-10, 0.000000000E+00
        31, 0.000000000E+00, 1.177244261E-01, 0.000000000E+00, 1.902406750E-16,-4.227599874E-02, 5.819166815E-10, 0.000000000E+00
        32, 0.000000000E+00, 1.217150837E-01, 0.000000000E+00, 0.000000000E+00,-4.374625534E-02, 5.299432559E-10, 0.000000000E+00
        33, 0.000000000E+00, 1.257057488E-01, 0.000000000E+00, 0.000000000E+00,-4.520486668E-02, 4.257304231E-10, 0.000000000E+00
        34, 0.000000000E+00, 1.296963990E-01, 0.000000000E+00, 0.000000000E+00,-4.666346312E-02, 4.257847130E-10, 0.000000000E+00
        35, 0.000000000E+00, 1.336870641E-01, 0.000000000E+00, 0.000000000E+00,-4.814539850E-02, 5.345673904E-10, 0.000000000E+00
        36, 0.000000000E+00, 1.376777142E-01, 0.000000000E+00, 0.000000000E+00,-4.961566627E-02, 6.206481440E-10, 0.000000000E+00
        37, 0.000000000E+00, 1.416683793E-01, 0.000000000E+00, 1.900141731E-16,-5.109757185E-02, 5.394194535E-10, 0.000000000E+00
        38, 0.000000000E+00, 1.456590444E-01, 0.000000000E+00, 3.799922150E-16,-5.257953703E-02, 4.061582182E-10, 0.000000000E+00
        39, 5.421010862E-20, 1.496496946E-01, 0.000000000E+00, 3.799184173E-16,-5.408480763E-02, 3.827064221E-10, 0.000000000E+00
        40, 6.030568138E-33, 1.536403596E-01, 0.000000000E+00, 3.798425020E-16,-5.559008569E-02, 4.953091270E-10, 0.000000000E+00
        41, 0.000000000E+00, 1.576310098E-01, 0.000000000E+00, 3.797645220E-16,-5.706034973E-02, 6.197514724E-10, 0.000000000E+00
        42, 0.000000000E+00, 1.616216749E-01, 0.000000000E+00, 3.796844774E-16,-5.856562406E-02, 5.598070896E-10, 0.000000000E+00
        43, 1.084202172E-19, 1.656123251E-01, 0.000000000E+00, 1.898222540E-16,-6.010590121E-02, 4.417707866E-10, 0.000000000E+00
        44, 0.000000000E+00, 1.696029902E-01, 0.000000000E+00, 0.000000000E+00,-6.162284315E-02, 4.502092588E-10, 0.000000000E+00
        45, 1.626303259E-19, 1.735936403E-01, 0.000000000E+00, 1.896938094E-16,-6.312811375E-02, 5.731956021E-10, 0.000000000E+00
        46, 3.252606517E-19, 1.775843054E-01, 0.000000000E+00, 5.689920530E-16,-6.468002498E-02, 6.700455191E-10, 0.000000000E+00
        47, 0.000000000E+00, 1.815749705E-01, 0.000000000E+00, 5.689014734E-16,-6.624368578E-02, 5.749288823E-10, 0.000000000E+00
        48, 2.413047750E-32, 1.855656207E-01, 0.000000000E+00, 3.791597934E-16,-6.776062399E-02, 4.231711648E-10, 0.000000000E+00
        49, 0.000000000E+00, 1.895562857E-01, 0.000000000E+00, 5.685739363E-16,-6.925423443E-02, 3.679702099E-10, 0.000000000E+00
        50, 4.336808690E-19, 1.935469359E-01, 0.000000000E+00, 5.684768452E-16,-7.084118575E-02, 4.315226509E-10, 0.000000000E+00
        51, 2.168404345E-19, 1.975376010E-01, 0.000000000E+00, 1.894595121E-16,-7.243980467E-02, 5.158048988E-10, 0.000000000E+00
        52, 0.000000000E+00, 2.015282512E-01, 0.000000000E+00, 0.000000000E+00,-7.399175316E-02, 4.248068564E-10, 0.000000000E+00
        53, 0.000000000E+00, 2.055189162E-01, 0.000000000E+00, 1.893056301E-16,-7.557865977E-02, 2.663652632E-10, 0.000000000E+00
        54, 0.000000000E+00, 2.095095813E-01, 0.000000000E+00, 3.785581353E-16,-7.714232802E-02, 2.410661670E-10, 0.000000000E+00
        55, 0.000000000E+00, 2.135002315E-01, 0.000000000E+00, 1.892523067E-16,-7.872927934E-02, 3.731268072E-10, 0.000000000E+00
        56, 0.000000000E+00, 2.174908966E-01, 0.000000000E+00, 0.000000000E+00,-8.036291599E-02, 5.196031383E-10, 0.000000000E+00
        57, 0.000000000E+00, 2.214815468E-01, 0.000000000E+00, 1.890849912E-16,-8.198487759E-02, 4.896092420E-10, 0.000000000E+00
        58, 0.000000000E+00, 2.254722118E-01, 0.000000000E+00, 3.781130724E-16,-8.358349651E-02, 3.492294232E-10, 0.000000000E+00
        59, 0.000000000E+00, 2.294628620E-01, 0.000000000E+00, 1.890279092E-16,-8.520545065E-02, 2.752767181E-10, 0.000000000E+00
        60, 0.000000000E+00, 2.334535271E-01, 0.000000000E+00, 0.000000000E+00,-8.683907986E-02, 3.489468159E-10, 0.000000000E+00
        61, 0.000000000E+00, 2.374441773E-01, 0.000000000E+00, 1.888471470E-16,-8.844937384E-02, 4.664016395E-10, 0.000000000E+00
        62, 0.000000000E+00, 2.414348423E-01, 0.000000000E+00, 3.776319577E-16,-9.010629356E-02, 4.060004000E-10, 0.000000000E+00
        63, 0.000000000E+00, 2.454255074E-01, 0.000000000E+00, 1.887846122E-16,-9.178665280E-02, 2.974135938E-10, 0.000000000E+00
        64, 0.000000000E+00, 2.494161576E-01, 0.000000000E+00, 0.000000000E+00,-9.345528483E-02, 3.597868392E-10, 0.000000000E+00
        65, 0.000000000E+00, 2.534068227E-01, 0.000000000E+00, 1.885905622E-16,-9.512393177E-02, 5.104145995E-10, 0.000000000E+00
        66, 8.673617380E-19, 2.573974729E-01, 0.000000000E+00, 3.771148441E-16,-9.679262340E-02, 6.017990550E-10, 0.000000000E+00
        67, 0.000000000E+00, 2.613881230E-01, 0.000000000E+00, 1.885241098E-16,-9.849613905E-02, 5.157994032E-10, 0.000000000E+00
        68, 0.000000000E+00, 2.653788030E-01, 0.000000000E+00, 0.000000000E+00,-1.002347767E-01, 3.389053482E-10, 0.000000000E+00
        69, 8.267041565E-19, 2.693694532E-01, 0.000000000E+00, 1.883157397E-16,-1.019502133E-01, 3.107643587E-10, 0.000000000E+00
        70, 8.131516294E-19, 2.733601034E-01, 0.000000000E+00, 5.648035809E-16,-1.036420614E-01, 4.730145164E-10, 0.000000000E+00
        71, 7.995991022E-19, 2.773507833E-01, 0.000000000E+00, 5.646579971E-16,-1.053690463E-01, 5.929847724E-10, 0.000000000E+00
        72, 7.860465751E-19, 2.813414335E-01, 0.000000000E+00, 7.524608187E-16,-1.071311682E-01, 5.000966308E-10, 0.000000000E+00
        73, 7.724940479E-19, 2.853320837E-01, 0.000000000E+00, 1.504398912E-15,-1.089048237E-01, 3.899008338E-10, 0.000000000E+00
        74, 7.589415207E-19, 2.893227339E-01, 0.000000000E+00, 1.691885738E-15,-1.106666699E-01, 4.549741417E-10, 0.000000000E+00
        75, 3.794707604E-19, 2.933134139E-01, 0.000000000E+00, 1.127513720E-15,-1.124403179E-01, 6.462998470E-10, 0.000000000E+00
        76, 0.000000000E+00, 2.973040640E-01, 0.000000000E+00, 3.757343657E-16,-1.142024547E-01, 7.988142370E-10, 0.000000000E+00
        77, 3.523657061E-19, 3.012947142E-01, 0.000000000E+00, 1.877079009E-16,-1.159992963E-01, 7.433458293E-10, 0.000000000E+00
        78, 7.047314121E-19, 3.052853942E-01, 0.000000000E+00, 3.753333221E-16,-1.178663075E-01, 6.035261180E-10, 0.000000000E+00
        79, 1.176743196E-31, 3.092760444E-01, 0.000000000E+00, 1.876266520E-16,-1.196751148E-01, 6.086616211E-10, 0.000000000E+00
        80, 6.776263578E-19, 3.132666945E-01, 0.000000000E+00, 0.000000000E+00,-1.215187907E-01, 7.825187165E-10, 0.000000000E+00
        81, 6.640738306E-19, 3.172573447E-01, 0.000000000E+00, 1.873728994E-16,-1.233739704E-01, 8.871869905E-10, 0.000000000E+00
        82, 6.505213035E-19, 3.212480247E-01, 0.000000000E+00, 3.746603279E-16,-1.252059639E-01, 7.476065877E-10, 0.000000000E+00
        83, 6.369687763E-19, 3.252386749E-01, 0.000000000E+00, 1.872872300E-16,-1.270847917E-01, 5.589135821E-10, 0.000000000E+00
        84, 6.234162492E-19, 3.292293251E-01, 0.000000000E+00, 0.000000000E+00,-1.289751381E-01, 5.329404695E-10, 0.000000000E+00
        85, 6.098637220E-19, 3.332199752E-01, 0.000000000E+00, 1.870187338E-16,-1.308769882E-01, 6.704746758E-10, 0.000000000E+00
        86, 0.000000000E+00, 3.372106552E-01, 0.000000000E+00, 3.739459880E-16,-1.327790022E-01, 7.351793063E-10, 0.000000000E+00
        87, 0.000000000E+00, 3.412013054E-01, 0.000000000E+00, 1.869270954E-16,-1.347045153E-01, 5.682783688E-10, 0.000000000E+00
        88, 5.692061406E-19, 3.451919556E-01, 0.000000000E+00, 0.000000000E+00,-1.366647035E-01, 3.857733022E-10, 0.000000000E+00
        89, 5.556536134E-19, 3.491826355E-01, 0.000000000E+00, 1.866437893E-16,-1.386367381E-01, 3.983608443E-10, 0.000000000E+00
        90, 5.421010862E-19, 3.531732857E-01, 0.000000000E+00, 3.731895346E-16,-1.406089216E-01, 5.890866683E-10, 0.000000000E+00
        91, 0.000000000E+00, 3.571639359E-01, 0.000000000E+00, 1.865455732E-16,-1.425926089E-01, 7.418392012E-10, 0.000000000E+00
        92, 2.710505431E-19, 3.611545861E-01, 0.000000000E+00, 0.000000000E+00,-1.445994675E-01, 6.419834109E-10, 0.000000000E+00
        93, 0.000000000E+00, 3.651452661E-01, 0.000000000E+00, 1.862451015E-16,-1.465948224E-01, 4.642552454E-10, 0.000000000E+00
        94, 2.262967685E-32, 3.691359162E-01, 0.000000000E+00, 5.585317255E-16,-1.486253738E-01, 4.483458049E-10, 0.000000000E+00
        95, 0.000000000E+00, 3.731265664E-01, 0.000000000E+00, 5.583231436E-16,-1.506905556E-01, 6.147063969E-10, 0.000000000E+00
        96, 2.413047750E-32, 3.771172464E-01, 0.000000000E+00, 3.719709983E-16,-1.527559459E-01, 7.742856356E-10, 0.000000000E+00
        97, 0.000000000E+00, 3.811078966E-01, 0.000000000E+00, 5.575838427E-16,-1.548448503E-01, 6.866519575E-10, 0.000000000E+00
        98, 4.336808690E-19, 3.850985467E-01, 0.000000000E+00, 5.573679022E-16,-1.569218934E-01, 4.748240134E-10, 0.000000000E+00
        99, 7.241496591E-32, 3.890891969E-01, 0.000000000E+00, 1.857171882E-16,-1.590337455E-01, 4.208614846E-10, 0.000000000E+00
       100, 0.000000000E+00, 3.930798769E-01, 0.000000000E+00, 1.854945509E-16,-1.611924767E-01, 6.024145627E-10, 0.000000000E+00
       101, 1.084202172E-19, 3.970705271E-01, 0.000000000E+00, 9.270241977E-16,-1.633747220E-01, 7.571812066E-10, 0.000000000E+00
       102, 1.734723476E-18, 4.010611773E-01, 0.000000000E+00, 1.297329638E-15,-1.655332595E-01, 6.452592904E-10, 0.000000000E+00
       103, 1.734723476E-18, 4.050518572E-01, 0.000000000E+00, 5.558009442E-16,-1.677153111E-01, 4.702292999E-10, 0.000000000E+00
       104, 0.000000000E+00, 4.090425074E-01, 0.000000000E+00, 1.850334606E-16,-1.699442565E-01, 4.426837785E-10, 0.000000000E+00
       105, 0.000000000E+00, 4.130331576E-01, 0.000000000E+00, 3.699486013E-16,-1.721496731E-01, 5.580578222E-10, 0.000000000E+00
       106, 1.734723476E-18, 4.170238078E-01, 0.000000000E+00, 1.217212815E-19,-1.744132042E-01, 6.265705732E-10, 0.000000000E+00
       107,-1.734723476E-18, 4.210144877E-01, 0.000000000E+00, 1.845471843E-16,-1.766769290E-01, 4.510680163E-10, 0.000000000E+00
       108, 0.000000000E+00, 4.250051379E-01, 0.000000000E+00, 1.661176982E-15,-1.789759099E-01, 2.569055524E-10, 0.000000000E+00
       109, 0.000000000E+00, 4.289957881E-01, 0.000000000E+00, 2.951631571E-15,-1.813094318E-01, 2.607659644E-10, 0.000000000E+00
       110, 0.000000000E+00, 4.329864681E-01, 0.000000000E+00, 3.318451894E-15,-1.836431921E-01, 4.213345228E-10, 0.000000000E+00
       111,-1.734723476E-18, 4.369771183E-01, 0.000000000E+00, 2.395323836E-15,-1.860121787E-01, 5.330246244E-10, 0.000000000E+00
       112, 0.000000000E+00, 4.409677684E-01, 0.000000000E+00, 1.104736686E-15,-1.883809566E-01, 4.019689581E-10, 0.000000000E+00
       113, 0.000000000E+00, 4.449584186E-01, 0.000000000E+00, 1.287587806E-15,-1.907961518E-01, 2.598720683E-10, 0.000000000E+00
       114, 0.000000000E+00, 4.489490986E-01, 0.000000000E+00, 1.654598183E-15,-1.932465881E-01, 3.071883858E-10, 0.000000000E+00
       115, 1.734723476E-18, 4.529397488E-01, 0.000000000E+00, 9.187154398E-16,-1.956972778E-01, 4.700831946E-10, 0.000000000E+00
       116, 0.000000000E+00, 4.569303989E-01, 0.000000000E+00, 5.506291198E-16,-1.981708109E-01, 5.713178819E-10, 0.000000000E+00
       117, 0.000000000E+00, 4.609210789E-01, 0.000000000E+00, 1.650503202E-15,-2.006796002E-01, 4.664256759E-10, 0.000000000E+00
       118, 0.000000000E+00, 4.649117291E-01, 0.000000000E+00, 3.115685759E-15,-2.032003105E-01, 3.536499149E-10, 0.000000000E+00
       119, 0.000000000E+00, 4.689023793E-01, 0.000000000E+00, 2.564478645E-15,-2.057557702E-01, 4.115406349E-10, 0.000000000E+00
       120, 0.000000000E+00, 4.728930295E-01, 0.000000000E+00, 1.464024240E-15,-2.083809972E-01, 6.818808851E-10, 0.000000000E+00
       121, 1.734723476E-18, 4.768837094E-01, 0.000000000E+00, 2.376790120E-15,-2.109831572E-01, 8.919957550E-10, 0.000000000E+00
       122, 0.000000000E+00, 4.808743596E-01, 0.000000000E+00, 2.558252529E-15,-2.135972083E-01, 6.221105853E-10, 0.000000000E+00
       123, 0.000000000E+00, 4.848650098E-01, 0.000000000E+00, 1.095671316E-15,-2.163276970E-01, 2.749452055E-10, 0.000000000E+00
       124, 0.000000000E+00, 4.888556600E-01, 0.000000000E+00, 1.522541723E-19,-2.190345824E-01, 2.780693176E-10, 0.000000000E+00
       125, 1.734723476E-18, 4.928463399E-01, 0.000000000E+00,-5.466993105E-16,-2.217184007E-01, 5.790277702E-10, 0.000000000E+00
       126, 0.000000000E+00, 4.968369901E-01, 0.000000000E+00,-5.463909905E-16,-2.245305777E-01, 8.023016695E-10, 0.000000000E+00
       127, 0.000000000E+00, 5.008276701E-01, 0.000000000E+00,-3.638959421E-16,-2.273544073E-01, 5.308807838E-10, 0.000000000E+00
       128, 0.000000000E+00, 5.048183203E-01,-3.469446952E-18,-3.635796811E-16,-2.301668823E-01, 2.822889422E-10, 0.000000000E+00
       129, 0.000000000E+00, 5.088089705E-01, 0.000000000E+00,-1.817105106E-16,-2.330374122E-01, 4.138089871E-10, 0.000000000E+00
       130, 0.000000000E+00, 5.127996206E-01, 0.000000000E+00, 0.000000000E+00,-2.359312773E-01, 7.202243246E-10, 0.000000000E+00
       131, 0.000000000E+00, 5.167902708E-01, 0.000000000E+00, 0.000000000E+00,-2.389068305E-01, 9.325241690E-10, 0.000000000E+00
       132, 1.734723476E-18, 5.207809210E-01, 0.000000000E+00, 5.431610950E-16,-2.419051081E-01, 7.251892975E-10, 0.000000000E+00
       133, 0.000000000E+00, 5.247716308E-01, 0.000000000E+00, 1.809337126E-15,-2.449039817E-01, 4.295303280E-10, 0.000000000E+00
       134, 0.000000000E+00, 5.287622809E-01, 0.000000000E+00, 2.892581092E-15,-2.479734421E-01, 3.975510754E-10, 0.000000000E+00
       135, 0.000000000E+00, 5.327529311E-01, 0.000000000E+00, 2.529096385E-15,-2.510773540E-01, 6.616932557E-10, 0.000000000E+00
       136, 1.734723476E-18, 5.367435813E-01, 0.000000000E+00, 7.223291569E-16,-2.542046010E-01, 8.505459115E-10, 0.000000000E+00
       137, 0.000000000E+00, 5.407342315E-01, 0.000000000E+00,-1.775195769E-19,-2.573902011E-01, 5.810771309E-10, 0.000000000E+00
       138, 0.000000000E+00, 5.447248816E-01, 0.000000000E+00, 5.401907093E-16,-2.606224418E-01, 3.243077473E-10, 0.000000000E+00
       139, 0.000000000E+00, 5.487155318E-01, 0.000000000E+00, 3.600023698E-16,-2.639013827E-01, 3.706146501E-10, 0.000000000E+00
       140, 0.000000000E+00, 5.527061820E-01, 0.000000000E+00, 5.389032192E-16,-2.672379613E-01, 6.559979782E-10, 0.000000000E+00
       141, 0.000000000E+00, 5.566968918E-01, 0.000000000E+00, 2.512815988E-15,-2.705985904E-01, 8.594713830E-10, 0.000000000E+00
       142, 0.000000000E+00, 5.606875420E-01, 0.000000000E+00, 4.125027160E-15,-2.740181684E-01, 6.305936884E-10, 0.000000000E+00
       143, 0.000000000E+00, 5.646781921E-01, 0.000000000E+00, 2.867369157E-15,-2.774955034E-01, 4.224188221E-10, 0.000000000E+00
       144, 0.000000000E+00, 5.686688423E-01, 0.000000000E+00, 1.252879890E-15,-2.809961438E-01, 4.928560893E-10, 0.000000000E+00
       145, 0.000000000E+00, 5.726594925E-01, 0.000000000E+00, 1.787342433E-15,-2.845667899E-01, 6.707914224E-10, 0.000000000E+00
       146, 0.000000000E+00, 5.766501427E-01, 0.000000000E+00, 2.678526549E-15,-2.882074714E-01, 8.009769514E-10, 0.000000000E+00
       147, 3.469446952E-18, 5.806407928E-01, 0.000000000E+00, 2.319163504E-15,-2.918940783E-01, 5.938378678E-10, 0.000000000E+00
       148, 6.938893904E-18, 5.846315026E-01, 0.000000000E+00, 1.069437965E-15,-2.956163883E-01, 2.840714330E-10, 0.000000000E+00
       149, 3.469446952E-18, 5.886221528E-01, 0.000000000E+00, 1.778809000E-15,-2.994211316E-01, 2.269085198E-10, 0.000000000E+00
       150, 0.000000000E+00, 5.926128030E-01, 0.000000000E+00, 3.910214946E-15,-3.032835126E-01, 4.705825174E-10, 0.000000000E+00
       151, 0.000000000E+00, 5.966034532E-01, 0.000000000E+00, 3.728974035E-15,-3.072158992E-01, 7.227831667E-10, 0.000000000E+00
       152, 0.000000000E+00, 6.005941033E-01, 0.000000000E+00, 2.128397285E-15,-3.112300038E-01, 5.219413235E-10, 0.000000000E+00
       153, 1.734723476E-18, 6.045847535E-01, 0.000000000E+00, 1.770924817E-15,-3.152907193E-01, 2.624368223E-10, 0.000000000E+00
       154, 0.000000000E+00, 6.085754037E-01, 0.000000000E+00, 2.653074268E-15,-3.194090128E-01, 3.729843101E-10, 0.000000000E+00
       155, 1.734723476E-18, 6.125661135E-01, 0.000000000E+00, 2.473852896E-15,-3.236097395E-01, 7.018814419E-10, 0.000000000E+00
       156, 8.673617380E-18, 6.165567636E-01, 0.000000000E+00, 1.588130978E-15,-3.279046714E-01, 8.912905414E-10, 0.000000000E+00
       157, 0.000000000E+00, 6.205474138E-01, 0.000000000E+00, 2.642456287E-15,-3.322571218E-01, 6.405693198E-10, 0.000000000E+00
       158, 0.000000000E+00, 6.245380640E-01, 0.000000000E+00, 4.223435024E-15,-3.366912603E-01, 3.704019869E-10, 0.000000000E+00
       159, 0.000000000E+00, 6.285287142E-01, 0.000000000E+00, 3.691368314E-15,-3.412187696E-01, 4.592871083E-10, 0.000000000E+00
       160, 1.734723476E-18, 6.325193644E-01, 0.000000000E+00, 3.159010647E-15,-3.458162546E-01, 7.305709371E-10, 0.000000000E+00
       161, 0.000000000E+00, 6.365100145E-01, 0.000000000E+00, 4.381196605E-15,-3.504829407E-01, 9.218390495E-10, 0.000000000E+00
       162, 0.000000000E+00, 6.405007243E-01, 0.000000000E+00, 5.250839402E-15,-3.552904129E-01, 7.207108244E-10, 0.000000000E+00
       163, 0.000000000E+00, 6.444913745E-01, 0.000000000E+00, 4.195494372E-15,-3.602038622E-01, 4.218053129E-10, 0.000000000E+00
       164, 0.000000000E+00, 6.484820247E-01, 0.000000000E+00, 2.618326224E-15,-3.651630878E-01, 4.987754099E-10, 0.000000000E+00
       165, 0.000000000E+00, 6.524726748E-01, 0.000000000E+00, 2.962036735E-15,-3.702273965E-01, 8.393388207E-10, 0.000000000E+00
       166, 0.000000000E+00, 6.564633250E-01, 0.000000000E+00, 4.002262863E-15,-3.754199743E-01, 9.941720780E-10, 0.000000000E+00
       167, 0.000000000E+00, 6.604539752E-01, 0.000000000E+00, 2.781127438E-15,-3.807176352E-01, 7.161493065E-10, 0.000000000E+00
       168, 0.000000000E+00, 6.644446254E-01, 0.000000000E+00, 6.944853310E-16,-3.861076832E-01, 4.254410435E-10, 0.000000000E+00
       169, 0.000000000E+00, 6.684353352E-01, 0.000000000E+00, 5.192563959E-16,-3.916269839E-01, 4.303594703E-10, 0.000000000E+00
       170, 0.000000000E+00, 6.724259853E-01, 0.000000000E+00, 1.728919818E-15,-3.972872496E-01, 7.163952209E-10, 0.000000000E+00
       171, 0.000000000E+00, 6.764166355E-01, 0.000000000E+00, 1.899797492E-15,-4.030399919E-01, 8.719643896E-10, 0.000000000E+00
       172, 0.000000000E+00, 6.804072857E-01, 0.000000000E+00, 6.901246466E-16,-4.089327455E-01, 5.212525966E-10, 0.000000000E+00
       173, 0.000000000E+00, 6.843979359E-01, 0.000000000E+00, 6.878454927E-16,-4.149888754E-01, 1.964947927E-10, 0.000000000E+00
       174, 0.000000000E+00, 6.883885860E-01, 0.000000000E+00, 1.374519433E-15,-4.211733341E-01, 3.227008383E-10, 0.000000000E+00
       175, 0.000000000E+00, 6.923792362E-01, 0.000000000E+00, 6.866681698E-16,-4.274967611E-01, 7.442755301E-10, 0.000000000E+00
       176, 8.673617380E-19, 6.963699460E-01, 0.000000000E+00, 3.421461212E-16,-4.339612722E-01, 9.709759663E-10, 0.000000000E+00
       177, 0.000000000E+00, 7.003605962E-01, 0.000000000E+00, 1.195979605E-15,-4.406018257E-01, 6.421116971E-10, 0.000000000E+00
       178, 0.000000000E+00, 7.043512464E-01, 0.000000000E+00, 2.047043582E-15,-4.474164248E-01, 2.610749394E-10, 0.000000000E+00
       179, 0.000000000E+00, 7.083418965E-01, 0.000000000E+00, 1.873780451E-15,-4.543826878E-01, 2.942240895E-10, 0.000000000E+00
       180, 0.000000000E+00, 7.123325467E-01, 0.000000000E+00, 1.020220692E-15,-4.615356624E-01, 6.716365242E-10, 0.000000000E+00
       181, 0.000000000E+00, 7.163231969E-01, 0.000000000E+00, 1.356649261E-15,-4.689103961E-01, 9.261285627E-10, 0.000000000E+00
       182, 0.000000000E+00, 7.203138471E-01, 0.000000000E+00, 2.032008324E-15,-4.764705896E-01, 5.630696465E-10, 0.000000000E+00
       183, 1.734723476E-18, 7.243045568E-01, 0.000000000E+00, 1.352680065E-15,-4.842069745E-01, 1.428406282E-10, 0.000000000E+00
       184, 0.000000000E+00, 7.282952070E-01, 0.000000000E+00, 3.376718814E-16,-4.921661913E-01, 3.460265408E-10, 0.000000000E+00
       185, 0.000000000E+00, 7.322858572E-01, 0.000000000E+00, 8.407314456E-16,-5.003693700E-01, 7.997437157E-10, 0.000000000E+00
       186, 0.000000000E+00, 7.362765074E-01, 0.000000000E+00, 2.350889970E-15,-5.088175535E-01, 9.917365817E-10, 0.000000000E+00
       187, 0.000000000E+00, 7.402671576E-01, 0.000000000E+00, 2.179899217E-15,-5.174875259E-01, 7.117234024E-10, 0.000000000E+00
       188, 0.000000000E+00, 7.442578077E-01, 0.000000000E+00, 1.003889261E-15,-5.264141560E-01, 2.793198728E-10, 0.000000000E+00
       189, 0.000000000E+00, 7.482484579E-01, 0.000000000E+00, 1.334356307E-15,-5.356428623E-01, 3.085523226E-10, 0.000000000E+00
       190, 0.000000000E+00, 7.522391677E-01, 0.000000000E+00, 2.330797078E-15,-5.451412201E-01, 6.899176785E-10, 0.000000000E+00
       191, 0.000000000E+00, 7.562298179E-01, 0.000000000E+00, 1.994359403E-15,-5.549442768E-01, 8.665048679E-10, 0.000000000E+00
       192, 0.000000000E+00, 7.602204680E-01, 0.000000000E+00, 1.325954905E-15,-5.650727749E-01, 4.767186090E-10, 0.000000000E+00
       193, 0.000000000E+00, 7.642111182E-01, 0.000000000E+00, 1.983396891E-15,-5.755280852E-01, 4.128676567E-11, 0.000000000E+00
       194, 0.000000000E+00, 7.682017684E-01, 0.000000000E+00, 2.639158576E-15,-5.863333941E-01, 2.526734100E-10, 0.000000000E+00
       195, 0.000000000E+00, 7.721924186E-01, 0.000000000E+00, 1.975274268E-15,-5.974887609E-01, 7.915538225E-10, 0.000000000E+00
       196, 0.000000000E+00, 7.761830688E-01, 0.000000000E+00, 1.312956761E-15,-6.090743542E-01, 1.034996977E-09, 0.000000000E+00
       197, 0.000000000E+00, 7.801737785E-01, 0.000000000E+00, 1.963467476E-15,-6.210698485E-01, 7.148011627E-10, 0.000000000E+00
       198, 0.000000000E+00, 7.841644287E-01, 0.000000000E+00, 2.612159400E-15,-6.334751844E-01, 2.973089552E-10, 0.000000000E+00
       199, 0.000000000E+00, 7.881550789E-01, 0.000000000E+00, 1.954702591E-15,-6.463692784E-01, 2.676556199E-10, 0.000000000E+00
       200, 0.000000000E+00, 7.921457291E-01, 0.000000000E+00, 6.503742903E-16,-6.597534418E-01, 7.049313355E-10, 0.000000000E+00
       201, 0.000000000E+00, 7.961363792E-01, 0.000000000E+00, 4.850114891E-16,-6.736626625E-01, 1.126110871E-09, 0.000000000E+00
       202, 0.000000000E+00, 8.001270294E-01, 0.000000000E+00, 9.685918102E-16,-6.881086230E-01, 6.790413232E-10, 0.000000000E+00
       203, 0.000000000E+00, 8.041176796E-01, 0.000000000E+00, 6.442850234E-16,-7.031380534E-01, 1.112300113E-10, 0.000000000E+00
       204, 0.000000000E+00, 8.081083298E-01, 0.000000000E+00, 1.121958454E-15,-7.188423872E-01, 2.778104136E-10, 0.000000000E+00
       205, 0.000000000E+00, 8.120990396E-01, 0.000000000E+00, 2.398550397E-15,-7.351902723E-01, 8.893743519E-10, 0.000000000E+00
       206, 0.000000000E+00, 8.160896897E-01, 0.000000000E+00, 3.029099934E-15,-7.522401810E-01, 1.257721927E-09, 0.000000000E+00
       207, 0.000000000E+00, 8.200803399E-01, 0.000000000E+00, 2.543678269E-15,-7.700817585E-01, 8.169408483E-10, 0.000000000E+00
       208, 0.000000000E+00, 8.240709901E-01, 0.000000000E+00, 1.584281319E-15,-7.887402177E-01, 2.974428481E-10, 0.000000000E+00
       209, 0.000000000E+00, 8.280616403E-01, 0.000000000E+00, 1.892734296E-15,-8.082737923E-01, 3.381700753E-10, 0.000000000E+00
       210, 0.000000000E+00, 8.320522904E-01, 0.000000000E+00, 2.673035658E-15,-8.287642598E-01, 8.390272921E-10, 0.000000000E+00
       211, 0.000000000E+00, 8.360429406E-01, 0.000000000E+00, 2.350973403E-15,-8.502792716E-01, 1.126732374E-09, 0.000000000E+00
       212, 0.000000000E+00, 8.400336504E-01, 0.000000000E+00, 1.249823160E-15,-8.728932142E-01, 6.797104546E-10, 0.000000000E+00
       213, 0.000000000E+00, 8.440243006E-01, 0.000000000E+00, 6.218560674E-16,-8.966997862E-01, 2.743174021E-10, 0.000000000E+00
       214, 0.000000000E+00, 8.480149508E-01, 0.000000000E+00, 4.648232000E-16,-9.217993021E-01, 3.525621461E-10, 0.000000000E+00
       215, 0.000000000E+00, 8.520056009E-01, 0.000000000E+00, 3.083745205E-16,-9.483109117E-01, 8.516900518E-10, 0.000000000E+00
       216, 0.000000000E+00, 8.559962511E-01, 0.000000000E+00, 9.197780426E-16,-9.763277173E-01, 1.163388275E-09, 0.000000000E+00
       217, 0.000000000E+00, 8.599869013E-01, 0.000000000E+00, 2.443278183E-15,-1.006013155E+00, 6.418092169E-10, 0.000000000E+00
       218, 0.000000000E+00, 8.639775515E-01, 0.000000000E+00, 3.346798699E-15,-1.037539482E+00, 1.793512283E-10, 0.000000000E+00
       219, 0.000000000E+00, 8.679682612E-01, 0.000000000E+00, 2.575615858E-15,-1.071040392E+00, 4.931844377E-10, 0.000000000E+00
       220, 0.000000000E+00, 8.719589114E-01, 0.000000000E+00, 1.807727128E-15,-1.106737971E+00, 1.159291774E-09, 0.000000000E+00
       221, 0.000000000E+00, 8.759495616E-01, 0.000000000E+00, 2.097309905E-15,-1.144871593E+00, 1.550611084E-09, 0.000000000E+00
       222, 1.301042607E-18, 8.799402118E-01, 0.000000000E+00, 2.384925872E-15,-1.185689092E+00, 1.108693914E-09, 0.000000000E+00
       223, 0.000000000E+00, 8.839308619E-01, 0.000000000E+00, 2.075956204E-15,-1.229470491E+00, 3.420384531E-10, 0.000000000E+00
       224, 0.000000000E+00, 8.879215121E-01, 0.000000000E+00, 2.062081381E-15,-1.276565790E+00, 5.451772922E-10, 0.000000000E+00
       225, 0.000000000E+00, 8.919121623E-01, 0.000000000E+00, 3.219201232E-15,-1.327379942E+00, 1.523162263E-09, 0.000000000E+00
       226, 0.000000000E+00, 8.959028721E-01, 0.000000000E+00, 4.364485491E-15,-1.382386208E+00, 2.120138287E-09, 0.000000000E+00
       227, 0.000000000E+00, 8.998935223E-01, 0.000000000E+00, 4.049052963E-15,-1.442098856E+00, 1.532857841E-09, 0.000000000E+00
       228, 0.000000000E+00, 9.038841724E-01, 0.000000000E+00, 3.158412219E-15,-1.507129073E+00, 5.967257799E-10, 0.000000000E+00
       229, 8.673617380E-19, 9.078748226E-01, 0.000000000E+00, 3.416584473E-15,-1.578285575E+00, 8.170381038E-10, 0.000000000E+00
       230, 0.000000000E+00, 9.118654728E-01, 0.000000000E+00, 4.097969963E-15,-1.656489968E+00, 1.872574096E-09, 0.000000000E+00
       231, 0.000000000E+00, 9.158561230E-01, 0.000000000E+00, 3.367270638E-15,-1.742769241E+00, 2.710845992E-09, 0.000000000E+00
       232, 0.000000000E+00, 9.198467731E-01, 0.000000000E+00, 1.947323028E-15,-1.838459849E+00, 2.421949308E-09, 0.000000000E+00
       233, 0.000000000E+00, 9.238374829E-01, 0.000000000E+00, 1.649884338E-15,-1.945240259E+00, 1.238718128E-09, 0.000000000E+00
       234, 0.000000000E+00, 9.278281331E-01, 0.000000000E+00, 2.042509415E-15,-2.065089464E+00, 8.968393805E-10, 0.000000000E+00
       235,-2.168404345E-19, 9.318187833E-01, 0.000000000E+00, 1.753887279E-15,-2.200581789E+00, 2.453800052E-09, 0.000000000E+00
       236, 0.000000000E+00, 9.358094335E-01, 0.000000000E+00, 1.463962618E-15,-2.354960203E+00, 3.962893569E-09, 0.000000000E+00
       237, 0.000000000E+00, 9.398000836E-01, 0.000000000E+00, 1.969419577E-15,-2.532436848E+00, 2.993105319E-09, 0.000000000E+00
       238, 2.168404345E-19, 9.437907338E-01, 0.000000000E+00, 2.333615368E-15,-2.738549232E+00, 1.452079346E-09, 0.000000000E+00
       239, 0.000000000E+00, 9.477813840E-01, 0.000000000E+00, 1.791435085E-15,-2.980728149E+00, 9.241912791E-10, 0.000000000E+00
       240, 0.000000000E+00, 9.517720938E-01, 0.000000000E+00, 6.331645396E-16,-3.269161701E+00, 1.097336666E-09, 0.000000000E+00
       241, 0.000000000E+00, 9.557627439E-01, 0.000000000E+00, 0.000000000E+00,-3.618180752E+00, 1.885716916E-09, 0.000000000E+00
       242,-4.336808690E-19, 9.597533941E-01, 0.000000000E+00, 0.000000000E+00,-4.048672199E+00,-8.784528660E-12, 0.000000000E+00
       243, 0.000000000E+00, 9.637440443E-01, 0.000000000E+00, 0.000000000E+00,-4.591937065E+00,-3.488834999E-09, 0.000000000E+00
       244, 4.336808690E-19, 9.677346945E-01, 0.000000000E+00, 0.000000000E+00,-5.295969009E+00,-4.089988348E-09, 0.000000000E+00
       245, 0.000000000E+00, 9.717253447E-01, 0.000000000E+00, 0.000000000E+00,-6.246914387E+00,-1.029666352E-09, 0.000000000E+00
       246, 6.505213035E-19, 9.757159948E-01, 0.000000000E+00, 0.000000000E+00,-7.629394531E+00, 2.775150332E-09, 0.000000000E+00
       247, 9.757819552E-19, 9.797067046E-01, 0.000000000E+00, 2.048961317E-16,-9.763586998E+00, 1.298125607E-09, 0.000000000E+00
       248, 1.084202172E-19, 9.832227230E-01, 0.000000000E+00, 2.747502772E-16,-1.267956352E+01,-4.178749013E-10, 0.000000000E+00
       249, 1.029992064E-18, 9.862802029E-01, 0.000000000E+00, 8.302844589E-17,-1.660286140E+01, 1.790676496E-09, 0.000000000E+00
       250,-4.336808690E-19, 9.889388680E-01, 0.000000000E+00, 7.693420265E-17,-2.195149612E+01, 5.041438378E-09, 0.000000000E+00
       251, 3.794707604E-19, 9.912507534E-01, 0.000000000E+00, 2.634337582E-16,-2.913858986E+01, 3.761841949E-10, 0.000000000E+00
       252, 0.000000000E+00, 9.932610989E-01, 0.000000000E+00, 3.813339682E-16,-3.755202484E+01,-1.511441994E-08, 0.000000000E+00
       253, 0.000000000E+00, 9.950091839E-01, 0.000000000E+00, 2.220633455E-16,-4.484717560E+01,-1.439855701E-08, 0.000000000E+00
       254,-4.743384505E-19, 9.965292811E-01, 0.000000000E+00, 3.397995422E-17,-4.894197083E+01,-5.932190739E-09, 0.000000000E+00
       255, 7.386127300E-19, 9.978510737E-01, 0.000000000E+00, 0.000000000E+00,-5.022729492E+01,-7.912463573E-09, 0.000000000E+00
       256, 1.378969638E-18, 9.990004897E-01, 0.000000000E+00, 0.000000000E+00,-5.040983582E+01,-1.012513273E-08, 0.000000000E+00
       257, 0.000000000E+00, 1.000000000E+00, 0.000000000E+00, 0.000000000E+00,-5.042462921E+01,-1.036743491E-08, 0.000000000E+00
