(title "dX-Velocity/dy vs. Y-Coordinate")
(labels "Y-Coordinate" "dX-Velocity/dy")

((xy/key/label "line")
0	-0.000437579
0.00199533	-0.00106186
0.00598599	-0.00263714
0.00997665	-0.00400239
0.0139673	-0.00539098
0.017958	-0.00677956
0.0219486	-0.00819148
0.0259393	-0.00959174
0.0299299	-0.0109687
0.0339206	-0.0123806
0.0379113	-0.0137925
0.0419019	-0.0151928
0.0458926	-0.0166047
0.0498832	-0.0180049
0.0538739	-0.0193935
0.0578646	-0.0207938
0.0618552	-0.0222174
0.0658459	-0.0236643
0.0698365	-0.0250762
0.0738272	-0.0264765
0.0778178	-0.0278884
0.0818085	-0.029312
0.0857992	-0.0307239
0.0897898	-0.0321708
0.0937805	-0.0336411
0.0977711	-0.0350413
0.101762	-0.0364533
0.105752	-0.0379352
0.109743	-0.0394055
0.113734	-0.0408291
0.117724	-0.042276
0.121715	-0.0437463
0.125706	-0.0452049
0.129696	-0.0466635
0.133687	-0.0481454
0.137678	-0.0496157
0.141668	-0.0510976
0.145659	-0.0525795
0.14965	-0.0540848
0.15364	-0.0555901
0.157631	-0.0570603
0.161622	-0.0585656
0.165612	-0.0601059
0.169603	-0.0616228
0.173594	-0.0631281
0.177584	-0.06468
0.181575	-0.0662437
0.185566	-0.0677606
0.189556	-0.0692542
0.193547	-0.0708412
0.197538	-0.0724398
0.201528	-0.0739918
0.205519	-0.0755787
0.20951	-0.0771423
0.2135	-0.0787293
0.217491	-0.0803629
0.221482	-0.0819849
0.225472	-0.0835835
0.229463	-0.0852055
0.233454	-0.0868391
0.237444	-0.0884494
0.241435	-0.0901063
0.245426	-0.0917867
0.249416	-0.0934553
0.253407	-0.0951239
0.257397	-0.0967926
0.261388	-0.0984961
0.265379	-0.100235
0.269369	-0.10195
0.27336	-0.103642
0.277351	-0.105369
0.281341	-0.107131
0.285332	-0.108905
0.289323	-0.110667
0.293313	-0.11244
0.297304	-0.114202
0.301295	-0.115999
0.305285	-0.117866
0.309276	-0.119675
0.313267	-0.121519
0.317257	-0.123374
0.321248	-0.125206
0.325239	-0.127085
0.329229	-0.128975
0.33322	-0.130877
0.337211	-0.132779
0.341201	-0.134705
0.345192	-0.136665
0.349183	-0.138637
0.353173	-0.140609
0.357164	-0.142593
0.361155	-0.144599
0.365145	-0.146595
0.369136	-0.148625
0.373127	-0.150691
0.377117	-0.152756
0.381108	-0.154845
0.385099	-0.156922
0.389089	-0.159034
0.39308	-0.161192
0.397071	-0.163375
0.401061	-0.165533
0.405052	-0.167715
0.409043	-0.169944
0.413033	-0.17215
0.417024	-0.174413
0.421014	-0.176677
0.425005	-0.178976
0.428996	-0.181309
0.432986	-0.183643
0.436977	-0.186012
0.440968	-0.188381
0.444958	-0.190796
0.448949	-0.193247
0.45294	-0.195697
0.45693	-0.198171
0.460921	-0.20068
0.464912	-0.2032
0.468902	-0.205756
0.472893	-0.208381
0.476884	-0.210983
0.480874	-0.213597
0.484865	-0.216328
0.488856	-0.219035
0.492846	-0.221718
0.496837	-0.224531
0.500828	-0.227354
0.504818	-0.230167
0.508809	-0.233037
0.5128	-0.235931
0.51679	-0.238907
0.520781	-0.241905
0.524772	-0.244904
0.528762	-0.247973
0.532753	-0.251077
0.536744	-0.254205
0.540734	-0.25739
0.544725	-0.260622
0.548716	-0.263901
0.552706	-0.267238
0.556697	-0.270599
0.560688	-0.274018
0.564678	-0.277496
0.568669	-0.280996
0.572659	-0.284567
0.57665	-0.288207
0.580641	-0.291894
0.584632	-0.295616
0.588622	-0.299421
0.592613	-0.303284
0.596603	-0.307216
0.600594	-0.31123
0.604585	-0.315291
0.608575	-0.319409
0.612566	-0.32361
0.616557	-0.327905
0.620547	-0.332257
0.624538	-0.336691
0.628529	-0.341219
0.632519	-0.345816
0.63651	-0.350483
0.640501	-0.35529
0.644491	-0.360204
0.648482	-0.365163
0.652473	-0.370227
0.656463	-0.37542
0.660454	-0.380718
0.664445	-0.386108
0.668435	-0.391627
0.672426	-0.397287
0.676417	-0.40304
0.680407	-0.408933
0.684398	-0.414989
0.688389	-0.421173
0.692379	-0.427497
0.69637	-0.433961
0.700361	-0.440602
0.704351	-0.447416
0.708342	-0.454383
0.712333	-0.461536
0.716323	-0.46891
0.720314	-0.476471
0.724305	-0.484207
0.728295	-0.492166
0.732286	-0.500369
0.736277	-0.508818
0.740267	-0.517488
0.744258	-0.526414
0.748248	-0.535643
0.752239	-0.545141
0.75623	-0.554944
0.76022	-0.565073
0.764211	-0.575528
0.768202	-0.586333
0.772192	-0.597489
0.776183	-0.609074
0.780174	-0.62107
0.784164	-0.633475
0.788155	-0.646369
0.792146	-0.659753
0.796136	-0.673663
0.800127	-0.688109
0.804118	-0.703138
0.808108	-0.718842
0.812099	-0.73519
0.81609	-0.75224
0.82008	-0.770082
0.824071	-0.78874
0.828062	-0.808274
0.832052	-0.828764
0.836043	-0.850279
0.840034	-0.872893
0.844024	-0.8967
0.848015	-0.921799
0.852006	-0.948311
0.855996	-0.976328
0.859987	-1.00601
0.863978	-1.03754
0.867968	-1.07104
0.871959	-1.10674
0.87595	-1.14487
0.87994	-1.18569
0.883931	-1.22947
0.887922	-1.27657
0.891912	-1.32738
0.895903	-1.38239
0.899894	-1.4421
0.903884	-1.50713
0.907875	-1.57829
0.911865	-1.65649
0.915856	-1.74277
0.919847	-1.83846
0.923837	-1.94524
0.927828	-2.06509
0.931819	-2.20058
0.935809	-2.35496
0.9398	-2.53244
0.943791	-2.73855
0.947781	-2.98073
0.951772	-3.26916
0.955763	-3.61818
0.959753	-4.04867
0.963744	-4.59194
0.967735	-5.29597
0.971725	-6.24691
0.975716	-7.62939
0.979707	-9.76359
0.983223	-12.6796
0.98628	-16.6029
0.988939	-21.9515
0.991251	-29.1386
0.993261	-37.552
0.995009	-44.8472
0.996529	-48.942
0.997851	-50.2273
0.999	-50.4098
1	-50.4246
)
