(title "Static Pressure vs. Y-Coordinate")
(labels "Y-Coordinate" "Static Pressure")

((xy/key/label "line")
0	-4.18804e-13
0.00199533	-8.73709e-13
0.00598599	-1.79997e-12
0.00997665	-1.76948e-12
0.0139673	-9.05487e-13
0.017958	-4.29663e-13
0.0219486	-1.84113e-12
0.0259393	-3.09184e-12
0.0299299	-3.11705e-12
0.0339206	-2.17495e-12
0.0379113	-1.50848e-12
0.0419019	-2.59611e-12
0.0458926	-3.49323e-12
0.0498832	-3.06664e-12
0.0538739	-1.64548e-12
0.0578646	-2.13646e-13
0.0618552	-6.72911e-13
0.0658459	-1.63679e-12
0.0698365	-1.43926e-12
0.0738272	1.05293e-14
0.0778178	1.4058e-12
0.0818085	7.43557e-13
0.0857992	-3.84907e-13
0.0897898	-4.2761e-13
0.0937805	8.17389e-13
0.0977711	2.12462e-12
0.101762	1.1624e-12
0.105752	-6.24468e-13
0.109743	-1.26177e-12
0.113734	-4.05605e-13
0.117724	8.42433e-13
0.121715	3.59991e-13
0.125706	-4.92818e-13
0.129696	-3.03939e-13
0.133687	7.89562e-13
0.137678	1.96568e-12
0.141668	1.13221e-12
0.145659	-3.41084e-13
0.14965	-6.89048e-13
0.15364	2.10964e-13
0.157631	1.49361e-12
0.161622	9.71934e-13
0.165612	-4.83737e-14
0.169603	-1.88623e-13
0.173594	5.01428e-13
0.177584	1.36121e-12
0.181575	3.85464e-13
0.185566	-1.09828e-12
0.189556	-1.31686e-12
0.193547	-3.95179e-13
0.197538	2.98966e-13
0.201528	-1.0285e-12
0.205519	-2.65803e-12
0.20951	-2.82787e-12
0.2135	-1.34986e-12
0.217491	3.06877e-13
0.221482	-3.44894e-13
0.225472	-1.85711e-12
0.229463	-2.53091e-12
0.233454	-2.15668e-12
0.237444	-1.60928e-12
0.241435	-2.60208e-12
0.245426	-3.61966e-12
0.249416	-3.38727e-12
0.253407	-1.83863e-12
0.257397	-3.45663e-13
0.261388	-1.31105e-12
0.265379	-2.93789e-12
0.269369	-3.24877e-12
0.27336	-2.05883e-12
0.277351	-7.35477e-13
0.281341	-1.66582e-12
0.285332	-3.17667e-12
0.289323	-3.14631e-12
0.293313	-1.39085e-12
0.297304	5.47513e-13
0.301295	2.10465e-13
0.305285	-1.04991e-12
0.309276	-1.27523e-12
0.313267	-4.84699e-14
0.317257	1.44108e-12
0.321248	7.89255e-13
0.325239	-6.20859e-13
0.329229	-1.03013e-12
0.33322	-3.24407e-13
0.337211	2.99017e-13
0.341201	-1.41888e-12
0.345192	-3.54226e-12
0.349183	-3.81914e-12
0.353173	-2.18985e-12
0.357164	-5.74577e-13
0.361155	-1.73426e-12
0.365145	-3.65085e-12
0.369136	-3.8111e-12
0.373127	-2.0091e-12
0.377117	-3.1608e-13
0.381108	-1.3058e-12
0.385099	-2.95707e-12
0.389089	-3.33858e-12
0.39308	-2.26435e-12
0.397071	-1.09695e-12
0.401061	-2.18398e-12
0.405052	-3.79394e-12
0.409043	-4.0247e-12
0.413033	-2.93877e-12
0.417024	-2.16226e-12
0.421014	-3.80679e-12
0.425005	-5.71407e-12
0.428996	-5.99124e-12
0.432986	-4.81672e-12
0.436977	-3.59993e-12
0.440968	-4.37091e-12
0.444958	-5.19564e-12
0.448949	-4.47613e-12
0.45294	-2.84178e-12
0.45693	-1.82441e-12
0.460921	-2.91121e-12
0.464912	-4.01281e-12
0.468902	-3.61769e-12
0.472893	-2.13481e-12
0.476884	-1.16388e-12
0.480874	-2.24538e-12
0.484865	-3.39548e-12
0.488856	-3.53098e-12
0.492846	-2.67397e-12
0.496837	-1.87745e-12
0.500828	-2.81399e-12
0.504818	-3.74707e-12
0.508809	-3.49168e-12
0.5128	-2.14874e-12
0.51679	-1.13377e-12
0.520781	-2.26725e-12
0.524772	-3.7516e-12
0.528762	-4.14733e-12
0.532753	-3.38169e-12
0.536744	-2.68517e-12
0.540734	-3.88368e-12
0.544725	-5.33866e-12
0.548716	-5.64876e-12
0.552706	-4.87567e-12
0.556697	-4.18428e-12
0.560688	-5.24687e-12
0.564678	-6.5251e-12
0.568669	-6.28056e-12
0.572659	-4.44896e-12
0.57665	-3.1736e-12
0.580641	-4.22279e-12
0.584632	-5.41375e-12
0.588622	-5.14211e-12
0.592613	-3.32924e-12
0.596603	-1.88725e-12
0.600594	-2.5589e-12
0.604585	-3.37816e-12
0.608575	-2.99603e-12
0.612566	-8.28857e-13
0.616557	1.5728e-12
0.620547	1.60883e-12
0.624538	1.00801e-12
0.628529	1.6831e-12
0.632519	3.80467e-12
0.63651	5.17526e-12
0.640501	3.89895e-12
0.644491	2.37117e-12
0.648482	2.0235e-12
0.652473	3.03743e-12
0.656463	3.92838e-12
0.660454	2.27909e-12
0.664445	-1.80111e-13
0.668435	-1.13419e-12
0.672426	-1.6954e-13
0.676417	7.55606e-13
0.680407	-2.92499e-13
0.684398	-1.60852e-12
0.688389	-1.89982e-12
0.692379	-8.54657e-13
0.69637	1.07391e-13
0.700361	-8.37473e-13
0.704351	-2.10238e-12
0.708342	-2.42046e-12
0.712333	-1.35627e-12
0.716323	-2.48145e-13
0.720314	-1.15962e-12
0.724305	-2.46357e-12
0.728295	-2.67972e-12
0.732286	-1.27309e-12
0.736277	-3.06142e-13
0.740267	-2.11984e-12
0.744258	-3.93288e-12
0.748248	-3.82225e-12
0.752239	-1.77502e-12
0.75623	1.72795e-13
0.76022	-2.72779e-13
0.764211	-1.26648e-12
0.768202	-1.2901e-12
0.772192	2.65308e-13
0.776183	1.42921e-12
0.780174	-5.16485e-13
0.784164	-2.74799e-12
0.788155	-2.81912e-12
0.792146	-1.13537e-12
0.796136	1.03166e-13
0.800127	-7.23491e-13
0.804118	-1.82876e-12
0.808108	-2.02403e-12
0.812099	-1.03422e-12
0.81609	-9.86169e-13
0.82008	-3.96986e-12
0.824071	-6.97295e-12
0.828062	-7.44278e-12
0.832052	-5.31395e-12
0.836043	-3.45078e-12
0.840034	-4.73958e-12
0.844024	-6.80833e-12
0.848015	-6.98451e-12
0.852006	-4.74252e-12
0.855996	-2.77922e-12
0.859987	-3.87298e-12
0.863978	-5.82933e-12
0.867968	-6.47231e-12
0.871959	-5.20847e-12
0.87595	-4.03854e-12
0.87994	-5.50172e-12
0.883931	-7.28143e-12
0.887922	-7.63968e-12
0.891912	-6.3348e-12
0.895903	-5.11581e-12
0.899894	-6.75653e-12
0.903884	-8.68906e-12
0.907875	-8.57259e-12
0.911865	-6.57286e-12
0.915856	-4.90011e-12
0.919847	-6.54988e-12
0.923837	-9.02832e-12
0.927828	-9.96081e-12
0.931819	-9.47015e-12
0.935809	-7.97824e-12
0.9398	-8.31079e-12
0.943791	-9.51485e-12
0.947781	-1.00585e-11
0.951772	-1.0333e-11
0.955763	-1.02658e-11
0.959753	-1.28968e-11
0.963744	-1.62884e-11
0.967735	-1.72128e-11
0.971725	-1.58054e-11
0.975716	-1.33826e-11
0.979707	-1.24165e-11
0.983223	-1.1367e-11
0.98628	-1.00011e-11
0.988939	-9.09306e-12
0.991251	-8.54961e-12
0.993261	-9.69458e-12
0.995009	-9.72933e-12
0.996529	-8.80175e-12
0.997851	-9.55953e-12
0.999	-9.77488e-12
1	-9.37669e-12
)
