(title "X Velocity vs. Y-Coordinate")
(labels "Y-Coordinate" "X Velocity")

((xy/key/label "line")
0	1.09908
0.00199533	1.09908
0.00598599	1.09907
0.00997665	1.09906
0.0139673	1.09904
0.017958	1.09901
0.0219486	1.09898
0.0259393	1.09895
0.0299299	1.09891
0.0339206	1.09886
0.0379113	1.09881
0.0419019	1.09875
0.0458926	1.09869
0.0498832	1.09862
0.0538739	1.09854
0.0578646	1.09846
0.0618552	1.09838
0.0658459	1.09829
0.0698365	1.09819
0.0738272	1.09809
0.0778178	1.09798
0.0818085	1.09786
0.0857992	1.09774
0.0897898	1.09762
0.0937805	1.09749
0.0977711	1.09735
0.101762	1.09721
0.105752	1.09706
0.109743	1.0969
0.113734	1.09674
0.117724	1.09658
0.121715	1.09641
0.125706	1.09623
0.129696	1.09605
0.133687	1.09586
0.137678	1.09566
0.141668	1.09546
0.145659	1.09525
0.14965	1.09504
0.15364	1.09482
0.157631	1.0946
0.161622	1.09437
0.165612	1.09413
0.169603	1.09389
0.173594	1.09364
0.177584	1.09338
0.181575	1.09312
0.185566	1.09285
0.189556	1.09258
0.193547	1.0923
0.197538	1.09201
0.201528	1.09172
0.205519	1.09142
0.20951	1.09112
0.2135	1.09081
0.217491	1.09049
0.221482	1.09017
0.225472	1.08984
0.229463	1.0895
0.233454	1.08916
0.237444	1.08881
0.241435	1.08845
0.245426	1.08809
0.249416	1.08772
0.253407	1.08734
0.257397	1.08696
0.261388	1.08657
0.265379	1.08617
0.269369	1.08577
0.27336	1.08536
0.277351	1.08494
0.281341	1.08452
0.285332	1.08409
0.289323	1.08365
0.293313	1.0832
0.297304	1.08275
0.301295	1.08229
0.305285	1.08183
0.309276	1.08135
0.313267	1.08087
0.317257	1.08038
0.321248	1.07989
0.325239	1.07938
0.329229	1.07887
0.33322	1.07835
0.337211	1.07783
0.341201	1.07729
0.345192	1.07675
0.349183	1.0762
0.353173	1.07564
0.357164	1.07508
0.361155	1.07451
0.365145	1.07393
0.369136	1.07334
0.373127	1.07274
0.377117	1.07213
0.381108	1.07152
0.385099	1.0709
0.389089	1.07027
0.39308	1.06963
0.397071	1.06898
0.401061	1.06832
0.405052	1.06766
0.409043	1.06699
0.413033	1.0663
0.417024	1.06561
0.421014	1.06491
0.425005	1.0642
0.428996	1.06348
0.432986	1.06275
0.436977	1.06202
0.440968	1.06127
0.444958	1.06051
0.448949	1.05975
0.45294	1.05897
0.45693	1.05819
0.460921	1.05739
0.464912	1.05658
0.468902	1.05577
0.472893	1.05494
0.476884	1.0541
0.480874	1.05326
0.484865	1.0524
0.488856	1.05153
0.492846	1.05065
0.496837	1.04976
0.500828	1.04886
0.504818	1.04795
0.508809	1.04702
0.5128	1.04609
0.51679	1.04514
0.520781	1.04418
0.524772	1.04321
0.528762	1.04222
0.532753	1.04123
0.536744	1.04022
0.540734	1.0392
0.544725	1.03817
0.548716	1.03712
0.552706	1.03606
0.556697	1.03499
0.560688	1.0339
0.564678	1.0328
0.568669	1.03169
0.572659	1.03056
0.57665	1.02941
0.580641	1.02826
0.584632	1.02708
0.588622	1.0259
0.592613	1.02469
0.596603	1.02348
0.600594	1.02224
0.604585	1.02099
0.608575	1.01973
0.612566	1.01844
0.616557	1.01714
0.620547	1.01583
0.624538	1.01449
0.628529	1.01314
0.632519	1.01177
0.63651	1.01038
0.640501	1.00897
0.644491	1.00754
0.648482	1.00609
0.652473	1.00463
0.656463	1.00314
0.660454	1.00163
0.664445	1.0001
0.668435	0.998549
0.672426	0.996974
0.676417	0.995378
0.680407	0.993757
0.684398	0.992113
0.688389	0.990445
0.692379	0.988752
0.69637	0.987033
0.700361	0.985288
0.704351	0.983516
0.708342	0.981716
0.712333	0.979889
0.716323	0.978032
0.720314	0.976146
0.724305	0.974229
0.728295	0.972281
0.732286	0.9703
0.736277	0.968287
0.740267	0.966239
0.744258	0.964156
0.748248	0.962037
0.752239	0.95988
0.75623	0.957685
0.76022	0.955451
0.764211	0.953175
0.768202	0.950856
0.772192	0.948494
0.776183	0.946087
0.780174	0.943632
0.784164	0.941129
0.788155	0.938575
0.792146	0.935969
0.796136	0.933309
0.800127	0.930591
0.804118	0.927815
0.808108	0.924978
0.812099	0.922077
0.81609	0.919109
0.82008	0.916071
0.824071	0.912961
0.828062	0.909774
0.832052	0.906508
0.836043	0.903158
0.840034	0.899719
0.844024	0.896188
0.848015	0.89256
0.852006	0.888829
0.855996	0.884988
0.859987	0.881033
0.863978	0.876955
0.867968	0.872748
0.871959	0.868403
0.87595	0.86391
0.87994	0.85926
0.883931	0.854441
0.887922	0.84944
0.891912	0.844244
0.895903	0.838838
0.899894	0.833202
0.903884	0.827317
0.907875	0.82116
0.911865	0.814706
0.915856	0.807923
0.919847	0.800778
0.923837	0.793228
0.927828	0.785226
0.931819	0.776714
0.935809	0.767624
0.9398	0.757872
0.943791	0.747354
0.947781	0.735941
0.951772	0.72347
0.955763	0.709725
0.959753	0.694424
0.963744	0.677178
0.967735	0.657437
0.971725	0.634389
0.975716	0.606737
0.979707	0.572365
0.983223	0.53356
0.98628	0.489617
0.988939	0.439404
0.991251	0.381649
0.993261	0.315829
0.995009	0.24449
0.996529	0.17347
0.997851	0.108087
0.999	0.0503528
1	0
)
