(title "dX-Velocity/dy vs. Y-Coordinate")
(labels "Y-Coordinate" "dX-Velocity/dy")

((xy/key/label "line")
0	8.75159e-05
0.00199533	-9.33503e-05
0.00598599	-0.000676789
0.00997665	-0.00206537
0.0139673	-0.00413075
0.017958	-0.00658119
0.0219486	-0.009195
0.0259393	-0.0118905
0.0299299	-0.014586
0.0339206	-0.0172698
0.0379113	-0.0199419
0.0419019	-0.0225674
0.0458926	-0.0251346
0.0498832	-0.0276433
0.0538739	-0.0300938
0.0578646	-0.0325092
0.0618552	-0.0349013
0.0658459	-0.0372467
0.0698365	-0.0395688
0.0738272	-0.0418443
0.0778178	-0.0441197
0.0818085	-0.0463717
0.0857992	-0.0486005
0.0897898	-0.0508175
0.0937805	-0.0530113
0.0977711	-0.055205
0.101762	-0.0573871
0.105752	-0.0595691
0.109743	-0.0617512
0.113734	-0.0639333
0.117724	-0.0660803
0.121715	-0.068239
0.125706	-0.0704211
0.129696	-0.0725798
0.133687	-0.0747269
0.137678	-0.0768856
0.141668	-0.0790326
0.145659	-0.0811914
0.14965	-0.0833618
0.15364	-0.0855088
0.157631	-0.0876442
0.161622	-0.089803
0.165612	-0.0919733
0.169603	-0.0941437
0.173594	-0.0963258
0.177584	-0.0984728
0.181575	-0.100632
0.185566	-0.102814
0.189556	-0.104996
0.193547	-0.107178
0.197538	-0.109348
0.201528	-0.111542
0.205519	-0.113736
0.20951	-0.115941
0.2135	-0.118146
0.217491	-0.12034
0.221482	-0.122557
0.225472	-0.124774
0.229463	-0.127015
0.233454	-0.129255
0.237444	-0.131484
0.241435	-0.133748
0.245426	-0.136011
0.249416	-0.138263
0.253407	-0.14055
0.257397	-0.142849
0.261388	-0.145136
0.265379	-0.147435
0.269369	-0.149757
0.27336	-0.152091
0.277351	-0.154436
0.281341	-0.156782
0.285332	-0.159127
0.289323	-0.161496
0.293313	-0.163888
0.297304	-0.166269
0.301295	-0.168672
0.305285	-0.171099
0.309276	-0.173515
0.313267	-0.175965
0.317257	-0.178427
0.321248	-0.180889
0.325239	-0.183363
0.329229	-0.185872
0.33322	-0.188381
0.337211	-0.19089
0.341201	-0.193434
0.345192	-0.195989
0.349183	-0.198568
0.353173	-0.201135
0.357164	-0.203714
0.361155	-0.206327
0.365145	-0.208953
0.369136	-0.211602
0.373127	-0.21425
0.377117	-0.216911
0.381108	-0.219595
0.385099	-0.222302
0.389089	-0.225032
0.39308	-0.227763
0.397071	-0.230517
0.401061	-0.233306
0.405052	-0.236094
0.409043	-0.238918
0.413033	-0.241766
0.417024	-0.244613
0.421014	-0.247483
0.425005	-0.250389
0.428996	-0.253317
0.432986	-0.256246
0.436977	-0.25921
0.440968	-0.262209
0.444958	-0.265208
0.448949	-0.268218
0.45294	-0.271288
0.45693	-0.274391
0.460921	-0.277495
0.464912	-0.280623
0.468902	-0.283785
0.472893	-0.286994
0.476884	-0.290191
0.480874	-0.293412
0.484865	-0.296702
0.488856	-0.300004
0.492846	-0.30333
0.496837	-0.306702
0.500828	-0.310098
0.504818	-0.31354
0.508809	-0.317018
0.5128	-0.320507
0.51679	-0.324054
0.520781	-0.327635
0.524772	-0.331241
0.528762	-0.334918
0.532753	-0.338628
0.536744	-0.342362
0.540734	-0.346143
0.544725	-0.349982
0.548716	-0.353879
0.552706	-0.357799
0.556697	-0.36179
0.560688	-0.365852
0.564678	-0.369924
0.568669	-0.374043
0.572659	-0.378232
0.57665	-0.382468
0.580641	-0.386761
0.584632	-0.391137
0.588622	-0.395572
0.592613	-0.400064
0.596603	-0.404662
0.600594	-0.409294
0.604585	-0.413997
0.608575	-0.418792
0.612566	-0.423646
0.616557	-0.428583
0.620547	-0.433624
0.624538	-0.438758
0.628529	-0.443962
0.632519	-0.44926
0.63651	-0.454627
0.640501	-0.460099
0.644491	-0.465678
0.648482	-0.471349
0.652473	-0.477125
0.656463	-0.483018
0.660454	-0.489051
0.664445	-0.495187
0.668435	-0.501465
0.672426	-0.507872
0.676417	-0.514395
0.680407	-0.521082
0.684398	-0.527908
0.688389	-0.534897
0.692379	-0.542037
0.69637	-0.549307
0.700361	-0.556765
0.704351	-0.56439
0.708342	-0.572197
0.712333	-0.580207
0.716323	-0.58841
0.720314	-0.596846
0.724305	-0.605498
0.728295	-0.614373
0.732286	-0.623481
0.736277	-0.632863
0.740267	-0.64253
0.744258	-0.652414
0.748248	-0.662581
0.752239	-0.673054
0.75623	-0.683814
0.76022	-0.694929
0.764211	-0.706417
0.768202	-0.718267
0.772192	-0.730478
0.776183	-0.743125
0.780174	-0.756206
0.784164	-0.769714
0.788155	-0.783693
0.792146	-0.798145
0.796136	-0.813157
0.800127	-0.828735
0.804118	-0.844896
0.808108	-0.861703
0.812099	-0.879189
0.81609	-0.8974
0.82008	-0.916368
0.824071	-0.936158
0.828062	-0.956812
0.832052	-0.97837
0.836043	-1.00095
0.840034	-1.02461
0.844024	-1.04943
0.848015	-1.07549
0.852006	-1.10289
0.855996	-1.13178
0.859987	-1.1622
0.863978	-1.19432
0.867968	-1.22832
0.871959	-1.26437
0.87595	-1.30267
0.87994	-1.34342
0.883931	-1.38682
0.887922	-1.4332
0.891912	-1.48291
0.895903	-1.53631
0.899894	-1.59378
0.903884	-1.65583
0.907875	-1.72311
0.911865	-1.79629
0.915856	-1.87613
0.919847	-1.96362
0.923837	-2.06
0.927828	-2.16668
0.931819	-2.28541
0.935809	-2.41843
0.9398	-2.56861
0.943791	-2.73959
0.947781	-2.9362
0.951772	-3.16492
0.955763	-3.43468
0.959753	-3.75796
0.963744	-4.15254
0.967735	-4.64412
0.971725	-5.2703
0.975716	-6.09731
0.979707	-7.24916
0.983223	-8.71467
0.98628	-10.5939
0.988939	-13.0439
0.991251	-16.2823
0.993261	-20.6099
0.995009	-26.2601
0.996529	-32.3044
0.997851	-31.192
0.999	-34.3052
1	-39.9022
)
