(title "Turbulent Kinetic Energy (k) vs. Y-Coordinate")
(labels "Y-Coordinate" "Turbulent Kinetic Energy (k)")

((xy/key/label "line")
0	0.00246901
0.00199533	0.00246901
0.00598599	0.0024693
0.00997665	0.00246988
0.0139673	0.00247076
0.017958	0.00247192
0.0219486	0.00247338
0.0259393	0.00247513
0.0299299	0.00247717
0.0339206	0.00247951
0.0379113	0.00248213
0.0419019	0.00248505
0.0458926	0.00248826
0.0498832	0.00249176
0.0538739	0.00249555
0.0578646	0.00249963
0.0618552	0.002504
0.0658459	0.00250867
0.0698365	0.00251362
0.0738272	0.00251887
0.0778178	0.00252441
0.0818085	0.00253023
0.0857992	0.00253635
0.0897898	0.00254276
0.0937805	0.00254947
0.0977711	0.00255646
0.101762	0.00256374
0.105752	0.00257131
0.109743	0.00257918
0.113734	0.00258733
0.117724	0.00259578
0.121715	0.00260451
0.125706	0.00261354
0.129696	0.00262285
0.133687	0.00263246
0.137678	0.00264235
0.141668	0.00265253
0.145659	0.00266301
0.14965	0.00267377
0.15364	0.00268482
0.157631	0.00269615
0.161622	0.00270778
0.165612	0.00271969
0.169603	0.00273189
0.173594	0.00274437
0.177584	0.00275714
0.181575	0.00277019
0.185566	0.00278353
0.189556	0.00279714
0.193547	0.00281105
0.197538	0.00282523
0.201528	0.00283969
0.205519	0.00285443
0.20951	0.00286945
0.2135	0.00288475
0.217491	0.00290032
0.221482	0.00291617
0.225472	0.0029323
0.229463	0.0029487
0.233454	0.00296537
0.237444	0.00298231
0.241435	0.00299952
0.245426	0.003017
0.249416	0.00303474
0.253407	0.00305276
0.257397	0.00307103
0.261388	0.00308957
0.265379	0.00310837
0.269369	0.00312743
0.27336	0.00314675
0.277351	0.00316632
0.281341	0.00318615
0.285332	0.00320623
0.289323	0.00322656
0.293313	0.00324714
0.297304	0.00326797
0.301295	0.00328905
0.305285	0.00331037
0.309276	0.00333193
0.313267	0.00335373
0.317257	0.00337577
0.321248	0.00339804
0.325239	0.00342055
0.329229	0.00344329
0.33322	0.00346627
0.337211	0.00348947
0.341201	0.00351289
0.345192	0.00353654
0.349183	0.00356042
0.353173	0.00358451
0.357164	0.00360882
0.361155	0.00363334
0.365145	0.00365808
0.369136	0.00368303
0.373127	0.00370819
0.377117	0.00373356
0.381108	0.00375913
0.385099	0.0037849
0.389089	0.00381088
0.39308	0.00383705
0.397071	0.00386342
0.401061	0.00388998
0.405052	0.00391674
0.409043	0.00394369
0.413033	0.00397082
0.417024	0.00399814
0.421014	0.00402564
0.425005	0.00405333
0.428996	0.00408119
0.432986	0.00410924
0.436977	0.00413746
0.440968	0.00416585
0.444958	0.00419442
0.448949	0.00422315
0.45294	0.00425206
0.45693	0.00428113
0.460921	0.00431036
0.464912	0.00433976
0.468902	0.00436932
0.472893	0.00439904
0.476884	0.00442891
0.480874	0.00445894
0.484865	0.00448912
0.488856	0.00451946
0.492846	0.00454994
0.496837	0.00458058
0.500828	0.00461136
0.504818	0.00464228
0.508809	0.00467335
0.5128	0.00470457
0.51679	0.00473592
0.520781	0.00476741
0.524772	0.00479904
0.528762	0.0048308
0.532753	0.0048627
0.536744	0.00489474
0.540734	0.0049269
0.544725	0.0049592
0.548716	0.00499162
0.552706	0.00502418
0.556697	0.00505686
0.560688	0.00508966
0.564678	0.00512259
0.568669	0.00515564
0.572659	0.00518881
0.57665	0.0052221
0.580641	0.00525551
0.584632	0.00528905
0.588622	0.00532269
0.592613	0.00535646
0.596603	0.00539034
0.600594	0.00542434
0.604585	0.00545845
0.608575	0.00549268
0.612566	0.00552702
0.616557	0.00556146
0.620547	0.00559602
0.624538	0.00563069
0.628529	0.00566547
0.632519	0.00570035
0.63651	0.00573535
0.640501	0.00577044
0.644491	0.00580565
0.648482	0.00584096
0.652473	0.00587637
0.656463	0.00591189
0.660454	0.00594751
0.664445	0.00598323
0.668435	0.00601906
0.672426	0.00605499
0.676417	0.00609101
0.680407	0.00612714
0.684398	0.00616337
0.688389	0.0061997
0.692379	0.00623613
0.69637	0.00627266
0.700361	0.00630929
0.704351	0.00634601
0.708342	0.00638283
0.712333	0.00641974
0.716323	0.00645675
0.720314	0.00649385
0.724305	0.00653105
0.728295	0.00656834
0.732286	0.00660572
0.736277	0.00664319
0.740267	0.00668076
0.744258	0.00671841
0.748248	0.00675616
0.752239	0.006794
0.75623	0.00683192
0.76022	0.00686993
0.764211	0.00690802
0.768202	0.0069462
0.772192	0.00698445
0.776183	0.00702279
0.780174	0.0070612
0.784164	0.00709969
0.788155	0.00713826
0.792146	0.00717689
0.796136	0.00721559
0.800127	0.00725436
0.804118	0.0072932
0.808108	0.00733209
0.812099	0.00737103
0.81609	0.00741001
0.82008	0.00744904
0.824071	0.0074881
0.828062	0.00752719
0.832052	0.00756629
0.836043	0.0076054
0.840034	0.00764451
0.844024	0.0076836
0.848015	0.00772267
0.852006	0.00776168
0.855996	0.00780064
0.859987	0.00783951
0.863978	0.00787827
0.867968	0.0079169
0.871959	0.00795537
0.87595	0.00799363
0.87994	0.00803166
0.883931	0.0080694
0.887922	0.0081068
0.891912	0.00814379
0.895903	0.0081803
0.899894	0.00821625
0.903884	0.00825151
0.907875	0.00828598
0.911865	0.00831951
0.915856	0.00835191
0.919847	0.00838298
0.923837	0.00841244
0.927828	0.00843999
0.931819	0.00846521
0.935809	0.00848761
0.9398	0.00850656
0.943791	0.00852123
0.947781	0.00853056
0.951772	0.00853309
0.955763	0.00852686
0.959753	0.00850912
0.963744	0.00847585
0.967735	0.00842106
0.971725	0.0083355
0.975716	0.00820435
0.979707	0.00800302
0.983223	0.00773238
0.98628	0.00737803
0.988939	0.00691735
0.991251	0.00632024
0.993261	0.00555493
0.995009	0.00463512
0.996529	0.00379073
0.997851	0.00370634
0.999	0.00567707
1	0.00719922
)
