nodenumber,    x-coordinate,    y-coordinate,    z-coordinate,  total-pressure,      x-velocity,uu-reynolds-stress,vv-reynolds-stress,ww-reynolds-stress,uv-reynolds-stress,          y-plus,  dx-velocity-dy
         1, 0.000000000E+00,-1.000000000E+00, 0.000000000E+00,-6.322067929E-04, 0.000000000E+00, 7.178156637E-03, 1.614758279E-03, 4.282051232E-03,-1.667058095E-03, 2.524666488E-01, 4.037951279E+01
         2, 0.000000000E+00,-9.994999766E-01, 0.000000000E+00,-3.497802827E-04, 1.953888871E-02, 5.579706747E-03, 1.414972125E-03, 3.436724888E-03,-1.227098401E-03, 0.000000000E+00, 3.493722153E+01
         3, 1.582257545E-18,-9.989929199E-01, 0.000000000E+00, 4.213962820E-04, 3.603050113E-02, 3.335501300E-03, 1.105472911E-03, 2.216931432E-03,-6.465046899E-04, 0.000000000E+00, 3.511972427E+01
         4, 1.572093150E-18,-9.984785914E-01, 0.000000000E+00, 1.553552225E-03, 5.632394925E-02, 2.537465654E-03, 9.628187399E-04, 1.739570173E-03,-4.910106654E-04, 0.000000000E+00, 4.120042038E+01
         5, 0.000000000E+00,-9.979569912E-01, 0.000000000E+00, 3.016952425E-03, 7.762564719E-02, 2.448488493E-03, 9.408352198E-04, 1.659587957E-03,-5.084867589E-04, 0.000000000E+00, 4.070925140E+01
         6, 0.000000000E+00,-9.974280000E-01, 0.000000000E+00, 4.814011045E-03, 9.856504202E-02, 2.740324708E-03, 9.904048638E-04, 1.798505196E-03,-6.110977847E-04, 0.000000000E+00, 3.856100464E+01
         7, 0.000000000E+00,-9.968914986E-01, 0.000000000E+00, 6.888541393E-03, 1.184527725E-01, 3.224835498E-03, 1.072377316E-03, 2.048643306E-03,-7.532570744E-04, 0.000000000E+00, 3.565351105E+01
         8, 0.000000000E+00,-9.963474274E-01, 0.000000000E+00, 9.162545204E-03, 1.369917989E-01, 3.779918188E-03, 1.161914435E-03, 2.340859734E-03,-9.060247685E-04, 0.000000000E+00, 3.256143570E+01
         9, 0.000000000E+00,-9.957956076E-01, 0.000000000E+00, 1.156777982E-02, 1.541302353E-01, 4.332426935E-03, 1.246620668E-03, 2.634396311E-03,-1.052548643E-03, 0.000000000E+00, 2.961624527E+01
        10, 1.409462824E-18,-9.952359796E-01,-6.938893904E-18, 1.405011304E-02, 1.699460447E-01, 4.846805707E-03, 1.322336029E-03, 2.909449395E-03,-1.185322646E-03, 0.000000000E+00, 2.695524979E+01
        11, 0.000000000E+00,-9.946684837E-01, 0.000000000E+00, 1.657109149E-02, 1.845676005E-01, 5.310795270E-03, 1.388836303E-03, 3.158950713E-03,-1.302477904E-03, 0.000000000E+00, 2.460858536E+01
        12, 1.002887010E-18,-9.940929413E-01,-6.938893904E-18, 1.910450682E-02, 1.981319636E-01, 5.723696202E-03, 1.447286457E-03, 3.382136580E-03,-1.404774841E-03, 0.000000000E+00, 2.255686378E+01
        13, 9.757819552E-19,-9.935092330E-01,-1.040834086E-17, 2.163283341E-02, 2.107668370E-01, 6.089474540E-03, 1.499104779E-03, 3.580824239E-03,-1.493895426E-03, 0.000000000E+00, 2.076274490E+01
        14, 0.000000000E+00,-9.929173589E-01,-6.938893904E-18, 2.414462715E-02, 2.225852907E-01, 6.413481198E-03, 1.545571606E-03, 3.757641185E-03,-1.571672270E-03, 0.000000000E+00, 1.919120979E+01
        15, 0.000000000E+00,-9.923170805E-01, 0.000000000E+00, 2.663261816E-02, 2.336849868E-01, 6.701054052E-03, 1.587735722E-03, 3.915260546E-03,-1.639787573E-03, 0.000000000E+00, 1.780982590E+01
        16, 0.000000000E+00,-9.917083383E-01, 0.000000000E+00, 2.909239940E-02, 2.441496551E-01, 6.957020611E-03, 1.626427751E-03, 4.056128208E-03,-1.699685818E-03, 0.000000000E+00, 1.658880806E+01
        17, 0.000000000E+00,-9.910910130E-01, 0.000000000E+00, 3.152160719E-02, 2.540509701E-01, 7.185596507E-03, 1.662258874E-03, 4.182402976E-03,-1.752584125E-03, 0.000000000E+00, 1.550512123E+01
        18, 0.000000000E+00,-9.904649854E-01, 0.000000000E+00, 3.391932696E-02, 2.634505630E-01, 7.390468381E-03, 1.695536776E-03, 4.296025261E-03,-1.799521386E-03, 0.000000000E+00, 1.453824329E+01
        19, 0.000000000E+00,-9.898301959E-01, 0.000000000E+00, 3.628553450E-02, 2.724010646E-01, 7.574806456E-03, 1.726404997E-03, 4.398691468E-03,-1.841372810E-03, 0.000000000E+00, 1.367184639E+01
        20, 0.000000000E+00,-9.891864061E-01, 0.000000000E+00, 3.862069547E-02, 2.809477448E-01, 7.741258480E-03, 1.755032106E-03, 4.491806962E-03,-1.878852956E-03, 0.000000000E+00, 1.289165115E+01
        21, 0.000000000E+00,-9.885336161E-01, 0.000000000E+00, 4.092560709E-02, 2.891298831E-01, 7.892051712E-03, 1.781593310E-03, 4.576549865E-03,-1.912552398E-03, 0.000000000E+00, 1.218563461E+01
        22, 6.505213035E-19,-9.878716469E-01, 0.000000000E+00, 4.320125282E-02, 2.969815433E-01, 8.029066958E-03, 1.806257991E-03, 4.653909244E-03,-1.942961942E-03, 0.000000000E+00, 1.154481983E+01
        23, 0.000000000E+00,-9.872003794E-01, 0.000000000E+00, 4.544875026E-02, 3.045324683E-01, 8.153898641E-03, 1.829184592E-03, 4.724722356E-03,-1.970491838E-03, 0.000000000E+00, 1.096066475E+01
        24, 0.000000000E+00,-9.865196943E-01, 0.000000000E+00, 4.766931012E-02, 3.118090034E-01, 8.267906494E-03, 1.850520726E-03, 4.789703060E-03,-1.995490864E-03, 0.000000000E+00, 1.042636299E+01
        25, 0.000000000E+00,-9.858294725E-01, 0.000000000E+00, 4.986416176E-02, 3.188341260E-01, 8.372260258E-03, 1.870400622E-03, 4.849464167E-03,-2.018254250E-03, 0.000000000E+00, 9.936328888E+00
        26, 0.000000000E+00,-9.851295352E-01, 0.000000000E+00, 5.203456432E-02, 3.256284595E-01, 8.467968553E-03, 1.888946397E-03, 4.904534668E-03,-2.039033454E-03, 0.000000000E+00, 9.485208511E+00
        27, 0.000000000E+00,-9.844198227E-01, 0.000000000E+00, 5.418173969E-02, 3.322102427E-01, 8.555898443E-03, 1.906268066E-03, 4.955369048E-03,-2.058044309E-03, 0.000000000E+00, 9.068475723E+00
        28, 0.000000000E+00,-9.837002158E-01, 0.000000000E+00, 5.630693212E-02, 3.385957181E-01, 8.636811748E-03, 1.922466094E-03, 5.002369173E-03,-2.075475641E-03, 0.000000000E+00, 8.683002472E+00
        29, 7.589415207E-19,-9.829705358E-01, 0.000000000E+00, 5.841131136E-02, 3.447995484E-01, 8.711373433E-03, 1.937630936E-03, 5.045881495E-03,-2.091489267E-03, 0.000000000E+00, 8.325691223E+00
        30, 1.246832498E-18,-9.822306037E-01, 0.000000000E+00, 6.049600616E-02, 3.508348167E-01, 8.780162781E-03, 1.951844431E-03, 5.086212885E-03,-2.106225817E-03, 0.000000000E+00, 7.992971897E+00
        31, 1.680513367E-18,-9.814804196E-01, 0.000000000E+00, 6.256210804E-02, 3.567133546E-01, 8.843690157E-03, 1.965180039E-03, 5.123632029E-03,-2.119808691E-03, 0.000000000E+00, 7.682832718E+00
        32, 0.000000000E+00,-9.807196856E-01, 0.000000000E+00, 6.461064517E-02, 3.624458313E-01, 8.902405389E-03, 1.977704465E-03, 5.158375949E-03,-2.132345922E-03, 0.000000000E+00, 7.393228531E+00
        33, 0.000000000E+00,-9.799484015E-01, 0.000000000E+00, 6.664265692E-02, 3.680420518E-01, 8.956708945E-03, 1.989478711E-03, 5.190658383E-03,-2.143932274E-03, 0.000000000E+00, 7.121739864E+00
        34, 0.000000000E+00,-9.791663885E-01, 0.000000000E+00, 6.865902990E-02, 3.735106587E-01, 9.006956592E-03, 2.000557724E-03, 5.220664665E-03,-2.154652029E-03, 0.000000000E+00, 6.867231369E+00
        35, 0.000000000E+00,-9.783734679E-01, 0.000000000E+00, 7.066068053E-02, 3.788597882E-01, 9.053461254E-03, 2.010991797E-03, 5.248564761E-03,-2.164579462E-03, 0.000000000E+00, 6.628206253E+00
        36, 0.000000000E+00,-9.775695205E-01, 0.000000000E+00, 7.264848053E-02, 3.840967417E-01, 9.096506983E-03, 2.020826330E-03, 5.274509080E-03,-2.173779765E-03, 0.000000000E+00, 6.402972698E+00
        37,-3.252606517E-19,-9.767544270E-01, 0.000000000E+00, 7.462319732E-02, 3.892281651E-01, 9.136348963E-03, 2.030103933E-03, 5.298633128E-03,-2.182312775E-03, 0.000000000E+00, 6.190616608E+00
        38, 0.000000000E+00,-9.759279490E-01, 0.000000000E+00, 7.658558339E-02, 3.942602277E-01, 9.173214436E-03, 2.038863022E-03, 5.321059376E-03,-2.190230880E-03, 0.000000000E+00, 5.989970684E+00
        39, 5.421010862E-19,-9.750900865E-01, 0.000000000E+00, 7.853636891E-02, 3.991985917E-01, 9.207308292E-03, 2.047139220E-03, 5.341898650E-03,-2.197580878E-03, 0.000000000E+00, 5.800086975E+00
        40, 0.000000000E+00,-9.742405415E-01, 0.000000000E+00, 8.047620952E-02, 4.040483236E-01, 9.238814935E-03, 2.054965822E-03, 5.361248739E-03,-2.204405144E-03, 0.000000000E+00, 5.620169640E+00
        41, 0.000000000E+00,-9.733793139E-01, 0.000000000E+00, 8.240576088E-02, 4.088143706E-01, 9.267903864E-03, 2.062372630E-03, 5.379201844E-03,-2.210741630E-03, 0.000000000E+00, 5.449387074E+00
        42, 0.000000000E+00,-9.725061059E-01, 0.000000000E+00, 8.432559669E-02, 4.135009646E-01, 9.294724092E-03, 2.069387585E-03, 5.395839922E-03,-2.216623630E-03, 0.000000000E+00, 5.287184715E+00
        43, 8.673617380E-19,-9.716208577E-01, 0.000000000E+00, 8.623625338E-02, 4.181122780E-01, 9.319415316E-03, 2.076037228E-03, 5.411235616E-03,-2.222082578E-03, 0.000000000E+00, 5.132811069E+00
        44, 0.000000000E+00,-9.707233310E-01, 0.000000000E+00, 8.813829720E-02, 4.226520360E-01, 9.342104197E-03, 2.082345076E-03, 5.425460637E-03,-2.227146178E-03, 0.000000000E+00, 4.985766411E+00
        45, 0.000000000E+00,-9.698134661E-01, 0.000000000E+00, 9.003220499E-02, 4.271237254E-01, 9.362902492E-03, 2.088334411E-03, 5.438575055E-03,-2.231839579E-03, 0.000000000E+00, 4.845460415E+00
        46, 6.505213035E-19,-9.688910246E-01, 0.000000000E+00, 9.191843867E-02, 4.315306246E-01, 9.381914511E-03, 2.094025258E-03, 5.450635683E-03,-2.236185130E-03, 0.000000000E+00, 4.711509228E+00
        47, 0.000000000E+00,-9.679558873E-01, 0.000000000E+00, 9.379744530E-02, 4.358757734E-01, 9.399233386E-03, 2.099437639E-03, 5.461694673E-03,-2.240203787E-03, 0.000000000E+00, 4.583356857E+00
        48, 1.084202172E-19,-9.670079350E-01, 0.000000000E+00, 9.566962719E-02, 4.401618838E-01, 9.414948523E-03, 2.104590647E-03, 5.471800454E-03,-2.243914409E-03, 0.000000000E+00, 4.460826397E+00
        49, 0.000000000E+00,-9.660468698E-01, 0.000000000E+00, 9.753540158E-02, 4.443916678E-01, 9.429141879E-03, 2.109502209E-03, 5.480999127E-03,-2.247335389E-03, 0.000000000E+00, 4.343414307E+00
        50, 1.517883041E-18,-9.650726914E-01, 0.000000000E+00, 9.939509630E-02, 4.485675693E-01, 9.441886097E-03, 2.114189323E-03, 5.489328876E-03,-2.250481397E-03, 0.000000000E+00, 4.230795860E+00
        51, 0.000000000E+00,-9.640851021E-01, 0.000000000E+00, 1.012491062E-01, 4.526919127E-01, 9.453252889E-03, 2.118667588E-03, 5.496830214E-03,-2.253367798E-03, 0.000000000E+00, 4.122900009E+00
        52, 0.000000000E+00,-9.630839229E-01, 0.000000000E+00, 1.030977070E-01, 4.567666948E-01, 9.463302791E-03, 2.122952603E-03, 5.503535271E-03,-2.256007399E-03, 0.000000000E+00, 4.019124508E+00
        53, 1.734723476E-18,-9.620690942E-01,-6.938893904E-18, 1.049412340E-01, 4.607940912E-01, 9.472096339E-03, 2.127059037E-03, 5.509478040E-03,-2.258412307E-03, 0.000000000E+00, 3.919305325E+00
        54, 0.000000000E+00,-9.610403776E-01, 0.000000000E+00, 1.067799702E-01, 4.647758901E-01, 9.479682893E-03, 2.131000161E-03, 5.514685996E-03,-2.260592999E-03, 0.000000000E+00, 3.823296547E+00
        55, 0.000000000E+00,-9.599976540E-01, 0.000000000E+00, 1.086142063E-01, 4.687139392E-01, 9.486109950E-03, 2.134788316E-03, 5.519186147E-03,-2.262559254E-03, 0.000000000E+00, 3.730930328E+00
        56, 0.000000000E+00,-9.589406252E-01, 0.000000000E+00, 1.104442030E-01, 4.726099372E-01, 9.491426870E-03, 2.138437703E-03, 5.523004569E-03,-2.264320850E-03, 0.000000000E+00, 3.641968250E+00
        57, 2.168404345E-19,-9.578692317E-01, 0.000000000E+00, 1.122701988E-01, 4.764654040E-01, 9.495678358E-03, 2.141960897E-03, 5.526165944E-03,-2.265886404E-03, 0.000000000E+00, 3.556169510E+00
        58, 0.000000000E+00,-9.567832351E-01, 0.000000000E+00, 1.140924692E-01, 4.802818894E-01, 9.498899803E-03, 2.145369537E-03, 5.528692156E-03,-2.267262898E-03, 0.000000000E+00, 3.473425865E+00
        59, 0.000000000E+00,-9.556824565E-01, 0.000000000E+00, 1.159112230E-01, 4.840608239E-01, 9.501127526E-03, 2.148674568E-03, 5.530599505E-03,-2.268456155E-03, 0.000000000E+00, 3.393602371E+00
        60, 0.000000000E+00,-9.545667171E-01, 0.000000000E+00, 1.177267134E-01, 4.878036082E-01, 9.502395988E-03, 2.151884139E-03, 5.531909876E-03,-2.269473160E-03, 0.000000000E+00, 3.316516399E+00
        61, 0.000000000E+00,-9.534358382E-01, 0.000000000E+00, 1.195391566E-01, 4.915114641E-01, 9.502742440E-03, 2.154998481E-03, 5.532645155E-03,-2.270320430E-03, 0.000000000E+00, 3.242039204E+00
        62, 0.000000000E+00,-9.522895813E-01, 0.000000000E+00, 1.213487759E-01, 4.951857030E-01, 9.502202272E-03, 2.158017131E-03, 5.532829091E-03,-2.271004952E-03, 0.000000000E+00, 3.170038700E+00
        63, 0.000000000E+00,-9.511278868E-01, 0.000000000E+00, 1.231557652E-01, 4.988273978E-01, 9.500807151E-03, 2.160938922E-03, 5.532479379E-03,-2.271532547E-03, 0.000000000E+00, 3.100336313E+00
        64, 0.000000000E+00,-9.499504566E-01, 0.000000000E+00, 1.249603331E-01, 5.024376512E-01, 9.498590603E-03, 2.163762227E-03, 5.531616509E-03,-2.271908801E-03, 0.000000000E+00, 3.032922983E+00
        65, 1.084202172E-18,-9.487571120E-01, 0.000000000E+00, 1.267626584E-01, 5.060175657E-01, 9.495576844E-03, 2.166486811E-03, 5.530258641E-03,-2.272138372E-03, 0.000000000E+00, 2.967652559E+00
        66, 1.301042607E-18,-9.475476742E-01, 0.000000000E+00, 1.285628974E-01, 5.095679760E-01, 9.491793811E-03, 2.169111045E-03, 5.528421607E-03,-2.272225451E-03, 0.000000000E+00, 2.904442787E+00
        67, 0.000000000E+00,-9.463219047E-01, 0.000000000E+00, 1.303612292E-01, 5.130899549E-01, 9.487267584E-03, 2.171635162E-03, 5.526122171E-03,-2.272174694E-03, 0.000000000E+00, 2.843077183E+00
        68, 0.000000000E+00,-9.450796843E-01, 0.000000000E+00, 1.321577728E-01, 5.165842772E-01, 9.482024238E-03, 2.174058929E-03, 5.523376167E-03,-2.271990292E-03, 0.000000000E+00, 2.783504725E+00
        69, 0.000000000E+00,-9.438207746E-01, 0.000000000E+00, 1.339526474E-01, 5.200516582E-01, 9.476079606E-03, 2.176382113E-03, 5.520194769E-03,-2.271675039E-03, 0.000000000E+00, 2.725821972E+00
        70, 0.000000000E+00,-9.425449371E-01, 0.000000000E+00, 1.357460767E-01, 5.234931707E-01, 9.469460696E-03, 2.178603783E-03, 5.516594276E-03,-2.271232661E-03, 0.000000000E+00, 2.669858932E+00
        71, 0.000000000E+00,-9.412519932E-01, 0.000000000E+00, 1.375381649E-01, 5.269093513E-01, 9.462187067E-03, 2.180724405E-03, 5.512585863E-03,-2.270665951E-03, 0.000000000E+00, 2.615429878E+00
        72, 2.168404345E-19,-9.399417639E-01, 0.000000000E+00, 1.393289864E-01, 5.303010941E-01, 9.454272687E-03, 2.182743046E-03, 5.508180708E-03,-2.269977937E-03, 0.000000000E+00, 2.562511921E+00
        73, 1.951563910E-18,-9.386140108E-01, 0.000000000E+00, 1.411186606E-01, 5.336688757E-01, 9.445737116E-03, 2.184660174E-03, 5.503390450E-03,-2.269170946E-03, 0.000000000E+00, 2.511102915E+00
        74, 0.000000000E+00,-9.372685552E-01, 0.000000000E+00, 1.429073215E-01, 5.370134711E-01, 9.436596185E-03, 2.186475322E-03, 5.498226266E-03,-2.268247074E-03, 0.000000000E+00, 2.461200237E+00
        75, 0.000000000E+00,-9.359051585E-01, 0.000000000E+00, 1.446951032E-01, 5.403355360E-01, 9.426865727E-03, 2.188188955E-03, 5.492698401E-03,-2.267208882E-03, 0.000000000E+00, 2.412716627E+00
        76, 0.000000000E+00,-9.345235825E-01, 0.000000000E+00, 1.464821398E-01, 5.436357260E-01, 9.416560642E-03, 2.189801307E-03, 5.486814771E-03,-2.266058233E-03, 0.000000000E+00, 2.365449905E+00
        77, 0.000000000E+00,-9.331237078E-01, 0.000000000E+00, 1.482684612E-01, 5.469145179E-01, 9.405694902E-03, 2.191311680E-03, 5.480583757E-03,-2.264797222E-03, 0.000000000E+00, 2.319402218E+00
        78, 0.000000000E+00,-9.317052364E-01, 0.000000000E+00, 1.500541270E-01, 5.501724482E-01, 9.394280612E-03, 2.192720771E-03, 5.474016070E-03,-2.263427712E-03, 0.000000000E+00, 2.274660826E+00
        79, 0.000000000E+00,-9.302679300E-01, 0.000000000E+00, 1.518393159E-01, 5.534100533E-01, 9.382331744E-03, 2.194028581E-03, 5.467118695E-03,-2.261951100E-03, 0.000000000E+00, 2.231162548E+00
        80, 0.000000000E+00,-9.288116097E-01, 0.000000000E+00, 1.536241472E-01, 5.566281080E-01, 9.369859472E-03, 2.195235342E-03, 5.459898151E-03,-2.260369249E-03, 0.000000000E+00, 2.188780546E+00
        81, 0.000000000E+00,-9.273360968E-01, 0.000000000E+00, 1.554086208E-01, 5.598267317E-01, 9.356875904E-03, 2.196341287E-03, 5.452362821E-03,-2.258683089E-03, 0.000000000E+00, 2.147442818E+00
        82, 4.336808690E-19,-9.258410931E-01, 0.000000000E+00, 1.571928412E-01, 5.630066395E-01, 9.343391284E-03, 2.197346650E-03, 5.444520153E-03,-2.256894484E-03, 0.000000000E+00, 2.107141018E+00
        83, 0.000000000E+00,-9.243264198E-01, 0.000000000E+00, 1.589768827E-01, 5.661681890E-01, 9.329413995E-03, 2.198251896E-03, 5.436376203E-03,-2.255004831E-03, 0.000000000E+00, 2.067852974E+00
        84, 0.000000000E+00,-9.227917790E-01, 0.000000000E+00, 1.607608348E-01, 5.693118572E-01, 9.314953350E-03, 2.199056558E-03, 5.427936092E-03,-2.253014594E-03, 0.000000000E+00, 2.029596806E+00
        85, 0.000000000E+00,-9.212370515E-01, 0.000000000E+00, 1.625447571E-01, 5.724380016E-01, 9.300018661E-03, 2.199760871E-03, 5.419205409E-03,-2.250924241E-03, 0.000000000E+00, 1.992334604E+00
        86, 0.000000000E+00,-9.196619391E-01, 0.000000000E+00, 1.643287539E-01, 5.755471587E-01, 9.284621105E-03, 2.200365299E-03, 5.410191137E-03,-2.248736098E-03, 0.000000000E+00, 1.955959320E+00
        87, 0.000000000E+00,-9.180662036E-01, 0.000000000E+00, 1.661128998E-01, 5.786396265E-01, 9.268769994E-03, 2.200870775E-03, 5.400898866E-03,-2.246451564E-03, 0.000000000E+00, 1.920446873E+00
        88, 0.000000000E+00,-9.164496660E-01, 0.000000000E+00, 1.678972095E-01, 5.817157626E-01, 9.252472781E-03, 2.201277530E-03, 5.391334649E-03,-2.244071104E-03, 0.000000000E+00, 1.885780454E+00
        89, 0.000000000E+00,-9.148120284E-01, 0.000000000E+00, 1.696816981E-01, 5.847759247E-01, 9.235735983E-03, 2.201585099E-03, 5.381502211E-03,-2.241595415E-03, 0.000000000E+00, 1.851943612E+00
        90, 0.000000000E+00,-9.131530523E-01, 0.000000000E+00, 1.714664996E-01, 5.878204703E-01, 9.218565188E-03, 2.201793715E-03, 5.371407606E-03,-2.239025431E-03, 0.000000000E+00, 1.818981886E+00
        91, 0.000000000E+00,-9.114725590E-01, 0.000000000E+00, 1.732517332E-01, 5.908499360E-01, 9.200965986E-03, 2.201903146E-03, 5.361052230E-03,-2.236360684E-03, 0.000000000E+00, 1.786811113E+00
        92, 0.000000000E+00,-9.097702503E-01, 0.000000000E+00, 1.750373989E-01, 5.938644409E-01, 9.182945825E-03, 2.201913623E-03, 5.350441672E-03,-2.233602107E-03, 0.000000000E+00, 1.755330086E+00
        93, 0.000000000E+00,-9.080459476E-01, 0.000000000E+00, 1.768235266E-01, 5.968644023E-01, 9.164512157E-03, 2.201825846E-03, 5.339579657E-03,-2.230750863E-03, 0.000000000E+00, 1.724565268E+00
        94, 0.000000000E+00,-9.062993526E-01, 0.000000000E+00, 1.786101162E-01, 5.998499393E-01, 9.145667776E-03, 2.201639814E-03, 5.328468978E-03,-2.227807185E-03, 0.000000000E+00, 1.694530725E+00
        95, 0.000000000E+00,-9.045302272E-01, 3.469446952E-18, 1.803972721E-01, 6.028214693E-01, 9.126419201E-03, 2.201355528E-03, 5.317114294E-03,-2.224771772E-03, 0.000000000E+00, 1.665195465E+00
        96, 0.000000000E+00,-9.027383327E-01,-3.469446952E-18, 1.821850687E-01, 6.057792902E-01, 9.106772020E-03, 2.200972755E-03, 5.305518396E-03,-2.221644856E-03, 0.000000000E+00, 1.636529922E+00
        97, 0.000000000E+00,-9.009234309E-01,-3.469446952E-18, 1.839735657E-01, 6.087237597E-01, 9.086728096E-03, 2.200491726E-03, 5.293684546E-03,-2.218426671E-03, 0.000000000E+00, 1.608549476E+00
        98, 0.000000000E+00,-8.990852237E-01, 0.000000000E+00, 1.857627332E-01, 6.116549969E-01, 9.066294879E-03, 2.199912909E-03, 5.281616002E-03,-2.215117216E-03, 0.000000000E+00, 1.581135511E+00
        99, 0.000000000E+00,-8.972235322E-01, 0.000000000E+00, 1.875526756E-01, 6.145732999E-01, 9.045476094E-03, 2.199236304E-03, 5.269318819E-03,-2.211717889E-03, 0.000000000E+00, 1.554307222E+00
       100, 1.734723476E-18,-8.953381181E-01, 0.000000000E+00, 1.893433630E-01, 6.174788475E-01, 9.024274535E-03, 2.198461909E-03, 5.256792530E-03,-2.208228689E-03, 0.000000000E+00, 1.528140545E+00
       101, 0.000000000E+00,-8.934286237E-01, 0.000000000E+00, 1.911348999E-01, 6.203721166E-01, 9.002692997E-03, 2.197589027E-03, 5.244038533E-03,-2.204648219E-03, 0.000000000E+00, 1.502555728E+00
       102, 0.000000000E+00,-8.914948702E-01,-6.938893904E-18, 1.929273009E-01, 6.232531071E-01, 8.980734274E-03, 2.196617890E-03, 5.231061019E-03,-2.200977877E-03, 0.000000000E+00, 1.477484465E+00
       103, 0.000000000E+00,-8.895366192E-01,-3.469446952E-18, 1.947205961E-01, 6.261221170E-01, 8.958401158E-03, 2.195548266E-03, 5.217861384E-03,-2.197217196E-03, 0.000000000E+00, 1.452917337E+00
       104, 0.000000000E+00,-8.875535131E-01, 0.000000000E+00, 1.965147555E-01, 6.289792061E-01, 8.935701102E-03, 2.194380853E-03, 5.204442423E-03,-2.193367109E-03, 0.000000000E+00, 1.428909540E+00
       105, 0.000000000E+00,-8.855453730E-01, 0.000000000E+00, 1.983098537E-01, 6.318247914E-01, 8.912635967E-03, 2.193115652E-03, 5.190808792E-03,-2.189427614E-03, 0.000000000E+00, 1.405452490E+00
       106, 0.000000000E+00,-8.835119605E-01, 0.000000000E+00, 2.001059651E-01, 6.346590519E-01, 8.889207616E-03, 2.191751963E-03, 5.176960491E-03,-2.185398480E-03, 0.000000000E+00, 1.382486582E+00
       107, 8.673617380E-19,-8.814529777E-01, 0.000000000E+00, 2.019031197E-01, 6.374821663E-01, 8.865419775E-03, 2.190289786E-03, 5.162900779E-03,-2.181279939E-03, 0.000000000E+00, 1.359972477E+00
       108, 0.000000000E+00,-8.793681264E-01, 0.000000000E+00, 2.037012279E-01, 6.402941346E-01, 8.841270581E-03, 2.188728657E-03, 5.148628727E-03,-2.177071059E-03, 0.000000000E+00, 1.337903261E+00
       109, 0.000000000E+00,-8.772572279E-01, 0.000000000E+00, 2.055003345E-01, 6.430952549E-01, 8.816765621E-03, 2.187069040E-03, 5.134146661E-03,-2.172772307E-03, 0.000000000E+00, 1.316318274E+00
       110, 0.000000000E+00,-8.751199245E-01, 0.000000000E+00, 2.073005289E-01, 6.458857059E-01, 8.791906759E-03, 2.185310936E-03, 5.119458772E-03,-2.168383449E-03, 0.000000000E+00, 1.295197487E+00
       111, 0.000000000E+00,-8.729560375E-01, 0.000000000E+00, 2.091018558E-01, 6.486657858E-01, 8.766697720E-03, 2.183454111E-03, 5.104565993E-03,-2.163905418E-03, 0.000000000E+00, 1.274509668E+00
       112, 0.000000000E+00,-8.707652092E-01, 0.000000000E+00, 2.109042108E-01, 6.514354348E-01, 8.741138503E-03, 2.181497868E-03, 5.089469254E-03,-2.159337047E-03, 0.000000000E+00, 1.254194140E+00
       113, 0.000000000E+00,-8.685472608E-01, 0.000000000E+00, 2.127075940E-01, 6.541947722E-01, 8.715232834E-03, 2.179442439E-03, 5.074169487E-03,-2.154678572E-03, 0.000000000E+00, 1.234268904E+00
       114, 0.000000000E+00,-8.663018942E-01, 0.000000000E+00, 2.145121098E-01, 6.569440961E-01, 8.688980713E-03, 2.177287592E-03, 5.058669019E-03,-2.149929758E-03, 0.000000000E+00, 1.214820027E+00
       115, 1.734723476E-18,-8.640288115E-01, 0.000000000E+00, 2.163177729E-01, 6.596835852E-01, 8.662385866E-03, 2.175033092E-03, 5.042969249E-03,-2.145090606E-03, 0.000000000E+00, 1.195746183E+00
       116,-4.336808690E-19,-8.617278337E-01, 0.000000000E+00, 2.181245685E-01, 6.624131799E-01, 8.635447361E-03, 2.172677778E-03, 5.027071107E-03,-2.140159719E-03, 0.000000000E+00, 1.177018642E+00
       117, 0.000000000E+00,-8.593985438E-01, 0.000000000E+00, 2.199324071E-01, 6.651331186E-01, 8.608167991E-03, 2.170222811E-03, 5.010976456E-03,-2.135138493E-03, 0.000000000E+00, 1.158637285E+00
       118, 0.000000000E+00,-8.570408225E-01, 0.000000000E+00, 2.217413038E-01, 6.678433418E-01, 8.580549620E-03, 2.167667495E-03, 4.994687624E-03,-2.130026696E-03, 0.000000000E+00, 1.140614271E+00
       119, 0.000000000E+00,-8.546542525E-01, 0.000000000E+00, 2.235513628E-01, 6.705442071E-01, 8.552592248E-03, 2.165011596E-03, 4.978204612E-03,-2.124823630E-03, 0.000000000E+00, 1.123001575E+00
       120, 0.000000000E+00,-8.522387147E-01, 0.000000000E+00, 2.253625691E-01, 6.732358336E-01, 8.524296805E-03, 2.162254415E-03, 4.961527884E-03,-2.119529061E-03, 0.000000000E+00, 1.105743289E+00
       121, 0.000000000E+00,-8.497937918E-01, 0.000000000E+00, 2.271748930E-01, 6.759182215E-01, 8.495664224E-03, 2.159395954E-03, 4.944658838E-03,-2.114142058E-03, 0.000000000E+00, 1.088746428E+00
       122, 0.000000000E+00,-8.473193645E-01, 0.000000000E+00, 2.289882898E-01, 6.785913706E-01, 8.466694504E-03, 2.156435978E-03, 4.927598871E-03,-2.108663321E-03, 0.000000000E+00, 1.072062135E+00
       123, 0.000000000E+00,-8.448150158E-01, 0.000000000E+00, 2.308027446E-01, 6.812555194E-01, 8.437389508E-03, 2.153373556E-03, 4.910348915E-03,-2.103091916E-03, 0.000000000E+00, 1.055737495E+00
       124, 0.000000000E+00,-8.422805667E-01, 0.000000000E+00, 2.326182872E-01, 6.839107275E-01, 8.407751098E-03, 2.150208922E-03, 4.892909899E-03,-2.097427845E-03, 0.000000000E+00, 1.039741397E+00
       125, 0.000000000E+00,-8.397156596E-01, 0.000000000E+00, 2.344349325E-01, 6.865570545E-01, 8.377779275E-03, 2.146941610E-03, 4.875282757E-03,-2.091670176E-03, 0.000000000E+00, 1.024035454E+00
       126, 0.000000000E+00,-8.371201754E-01, 0.000000000E+00, 2.362526953E-01, 6.891947985E-01, 8.347476833E-03, 2.143570920E-03, 4.857469350E-03,-2.085819375E-03, 0.000000000E+00, 1.008596897E+00
       127, 0.000000000E+00,-8.344936371E-01, 0.000000000E+00, 2.380714715E-01, 6.918237209E-01, 8.316843770E-03, 2.140097786E-03, 4.839471541E-03,-2.079875208E-03, 0.000000000E+00, 9.934257865E-01
       128, 0.000000000E+00,-8.318359852E-01, 0.000000000E+00, 2.398911715E-01, 6.944439411E-01, 8.285880089E-03, 2.136520343E-03, 4.821288399E-03,-2.073836513E-03, 0.000000000E+00, 9.785510302E-01
       129, 0.000000000E+00,-8.291467428E-01, 0.000000000E+00, 2.417119294E-01, 6.970555782E-01, 8.254585788E-03, 2.132838592E-03, 4.802920856E-03,-2.067703288E-03, 0.000000000E+00, 9.639905691E-01
       130, 0.000000000E+00,-8.264257908E-01, 0.000000000E+00, 2.435337007E-01, 6.996588111E-01, 8.222961798E-03, 2.129052300E-03, 4.784370773E-03,-2.061475534E-03, 0.000000000E+00, 9.496464729E-01
       131, 8.673617380E-19,-8.236728311E-01, 0.000000000E+00, 2.453564405E-01, 7.022536397E-01, 8.191009983E-03, 2.125161234E-03, 4.765638616E-03,-2.055152319E-03, 0.000000000E+00, 9.355587363E-01
       132, 0.000000000E+00,-8.208875060E-01, 0.000000000E+00, 2.471800745E-01, 7.048400640E-01, 8.158730343E-03, 2.121164929E-03, 4.746725783E-03,-2.048733644E-03, 0.000000000E+00, 9.217481613E-01
       133, 0.000000000E+00,-8.180696368E-01, 0.000000000E+00, 2.490045428E-01, 7.074179649E-01, 8.126124740E-03, 2.117063385E-03, 4.727631807E-03,-2.042219043E-03, 0.000000000E+00, 9.081461430E-01
       134, 8.673617380E-19,-8.152189255E-01,-3.469446952E-18, 2.508298159E-01, 7.099875808E-01, 8.093191311E-03, 2.112854971E-03, 4.708358087E-03,-2.035608049E-03, 0.000000000E+00, 8.947992921E-01
       135, 0.000000000E+00,-8.123350739E-01, 0.000000000E+00, 2.526559830E-01, 7.125489712E-01, 8.059931919E-03, 2.108540386E-03, 4.688906018E-03,-2.028900431E-03, 0.000000000E+00, 8.817306757E-01
       136, 0.000000000E+00,-8.094178438E-01, 0.000000000E+00, 2.544829845E-01, 7.151022553E-01, 8.026348427E-03, 2.104119398E-03, 4.669276997E-03,-2.022095956E-03, 0.000000000E+00, 8.688825369E-01
       137, 0.000000000E+00,-8.064669967E-01, 0.000000000E+00, 2.563107312E-01, 7.176473141E-01, 7.992438972E-03, 2.099590842E-03, 4.649471492E-03,-2.015193459E-03, 0.000000000E+00, 8.562132120E-01
       138, 0.000000000E+00,-8.034821749E-01, 0.000000000E+00, 2.581390738E-01, 7.201840878E-01, 7.958208211E-03, 2.094955416E-03, 4.629491828E-03,-2.008194104E-03, 0.000000000E+00, 8.437486887E-01
       139, 0.000000000E+00,-8.004632592E-01, 0.000000000E+00, 2.599680424E-01, 7.227126360E-01, 7.923655212E-03, 2.090211725E-03, 4.609337542E-03,-2.001096494E-03, 0.000000000E+00, 8.315294981E-01
       140, 0.000000000E+00,-7.974098325E-01, 0.000000000E+00, 2.617976665E-01, 7.252330780E-01, 7.888778113E-03, 2.085359767E-03, 4.589009099E-03,-1.993900631E-03, 0.000000000E+00, 8.195330501E-01
       141, 0.000000000E+00,-7.943217158E-01, 0.000000000E+00, 2.636278570E-01, 7.277455330E-01, 7.853577845E-03, 2.080398845E-03, 4.568507429E-03,-1.986604882E-03, 0.000000000E+00, 8.077302575E-01
       142, 0.000000000E+00,-7.911986113E-01, 0.000000000E+00, 2.654585540E-01, 7.302498221E-01, 7.818052545E-03, 2.075327095E-03, 4.547830671E-03,-1.979208784E-03, 0.000000000E+00, 7.961324453E-01
       143, 0.000000000E+00,-7.880403399E-01, 0.000000000E+00, 2.672897875E-01, 7.327461243E-01, 7.782207802E-03, 2.070146613E-03, 4.526983481E-03,-1.971713034E-03, 0.000000000E+00, 7.847557068E-01
       144, 0.000000000E+00,-7.848465443E-01, 0.000000000E+00, 2.691213787E-01, 7.352343202E-01, 7.746041752E-03, 2.064855536E-03, 4.505965393E-03,-1.964116236E-03, 0.000000000E+00, 7.735430598E-01
       145, 0.000000000E+00,-7.816169858E-01, 0.000000000E+00, 2.709532976E-01, 7.377144098E-01, 7.709553465E-03, 2.059452934E-03, 4.484775942E-03,-1.956417924E-03, 0.000000000E+00, 7.624696493E-01
       146, 0.000000000E+00,-7.783514857E-01, 0.000000000E+00, 2.727854252E-01, 7.401863337E-01, 7.672744803E-03, 2.053939272E-03, 4.463417456E-03,-1.948617981E-03, 0.000000000E+00, 7.515931129E-01
       147, 0.000000000E+00,-7.750496864E-01, 0.000000000E+00, 2.746177316E-01, 7.426501513E-01, 7.635617629E-03, 2.048314316E-03, 4.441892728E-03,-1.940716524E-03, 0.000000000E+00, 7.409331203E-01
       148, 0.000000000E+00,-7.717114687E-01, 0.000000000E+00, 2.764502168E-01, 7.451058626E-01, 7.598171011E-03, 2.042577136E-03, 4.420200363E-03,-1.932713203E-03, 0.000000000E+00, 7.304424047E-01
       149, 0.000000000E+00,-7.683364153E-01, 0.000000000E+00, 2.782828212E-01, 7.475535274E-01, 7.560405880E-03, 2.036727266E-03, 4.398341756E-03,-1.924606739E-03, 0.000000000E+00, 7.201325297E-01
       150, 0.000000000E+00,-7.649244666E-01, 0.000000000E+00, 2.801154852E-01, 7.499930859E-01, 7.522323169E-03, 2.030764008E-03, 4.376317374E-03,-1.916397130E-03, 0.000000000E+00, 7.099949718E-01
       151, 0.000000000E+00,-7.614752054E-01, 0.000000000E+00, 2.819480896E-01, 7.524245381E-01, 7.483923342E-03, 2.024688292E-03, 4.354129545E-03,-1.908083796E-03, 0.000000000E+00, 6.999833584E-01
       152, 0.000000000E+00,-7.579885125E-01, 0.000000000E+00, 2.837805152E-01, 7.548477650E-01, 7.445208728E-03, 2.018498955E-03, 4.331780132E-03,-1.899666619E-03, 0.000000000E+00, 6.901155114E-01
       153, 0.000000000E+00,-7.544641495E-01, 0.000000000E+00, 2.856126428E-01, 7.572627068E-01, 7.406180725E-03, 2.012195997E-03, 4.309268668E-03,-1.891145250E-03, 0.000000000E+00, 6.804095507E-01
       154, 0.000000000E+00,-7.509018183E-01, 0.000000000E+00, 2.874444127E-01, 7.596694231E-01, 7.366840728E-03, 2.005779184E-03, 4.286598414E-03,-1.882519340E-03, 0.000000000E+00, 6.708649397E-01
       155, 0.000000000E+00,-7.473013401E-01, 0.000000000E+00, 2.892757952E-01, 7.620677948E-01, 7.327189203E-03, 1.999247819E-03, 4.263767973E-03,-1.873788075E-03, 0.000000000E+00, 6.614656448E-01
       156, 0.000000000E+00,-7.436624169E-01, 0.000000000E+00, 2.911066711E-01, 7.644578218E-01, 7.287227083E-03, 1.992601901E-03, 4.240780137E-03,-1.864951453E-03, 0.000000000E+00, 6.522427797E-01
       157, 8.673617380E-19,-7.399849296E-01, 0.000000000E+00, 2.929369807E-01, 7.668396235E-01, 7.246956229E-03, 1.985841431E-03, 4.217636772E-03,-1.856009010E-03, 0.000000000E+00, 6.431729198E-01
       158, 0.000000000E+00,-7.362685204E-01, 0.000000000E+00, 2.947667539E-01, 7.692130804E-01, 7.206377573E-03, 1.978965942E-03, 4.194336943E-03,-1.846959698E-03, 0.000000000E+00, 6.342170238E-01
       159, 0.000000000E+00,-7.325131297E-01,-3.469446952E-18, 2.965957224E-01, 7.715780735E-01, 7.165490650E-03, 1.971974736E-03, 4.170882981E-03,-1.837803633E-03, 0.000000000E+00, 6.253815293E-01
       160, 0.000000000E+00,-7.287184596E-01,-3.469446952E-18, 2.984237969E-01, 7.739344835E-01, 7.124296855E-03, 1.964867348E-03, 4.147276282E-03,-1.828539884E-03, 0.000000000E+00, 6.166719198E-01
       161, 0.000000000E+00,-7.248842716E-01,-1.387778781E-17, 3.002507985E-01, 7.762823105E-01, 7.082796656E-03, 1.957643079E-03, 4.123518243E-03,-1.819167985E-03, 0.000000000E+00, 6.080850363E-01
       162, 0.000000000E+00,-7.210104465E-01,-6.938893904E-18, 3.020766675E-01, 7.786213160E-01, 7.040992379E-03, 1.950302161E-03, 4.099609330E-03,-1.809687587E-03, 0.000000000E+00, 5.996290445E-01
       163, 0.000000000E+00,-7.170966864E-01, 0.000000000E+00, 3.039013147E-01, 7.809516788E-01, 6.998886820E-03, 1.942844479E-03, 4.075552803E-03,-1.800098689E-03, 0.000000000E+00, 5.913138390E-01
       164, 0.000000000E+00,-7.131428719E-01, 0.000000000E+00, 3.057246506E-01, 7.832733393E-01, 6.956481375E-03, 1.935269916E-03, 4.051349591E-03,-1.790400827E-03, 0.000000000E+00, 5.831395984E-01
       165, 0.000000000E+00,-7.091488242E-01, 0.000000000E+00, 3.075466156E-01, 7.855862379E-01, 6.913776509E-03, 1.927578589E-03, 4.027001560E-03,-1.780593535E-03, 0.000000000E+00, 5.750882030E-01
       166, 0.000000000E+00,-7.051142454E-01, 0.000000000E+00, 3.093670607E-01, 7.878901958E-01, 6.870773621E-03, 1.919769915E-03, 4.002508707E-03,-1.770675997E-03, 0.000000000E+00, 5.671314001E-01
       167, 0.000000000E+00,-7.010390759E-01, 0.000000000E+00, 3.111858368E-01, 7.901852131E-01, 6.827476900E-03, 1.911844010E-03, 3.977874294E-03,-1.760648331E-03, 0.000000000E+00, 5.592749119E-01
       168, 1.734723476E-18,-6.969230771E-01, 0.000000000E+00, 3.130027056E-01, 7.924709916E-01, 6.783885881E-03, 1.903800992E-03, 3.953100182E-03,-1.750509487E-03, 0.000000000E+00, 5.515034795E-01
       169, 0.000000000E+00,-6.927660704E-01, 0.000000000E+00, 3.148174882E-01, 7.947474718E-01, 6.740004756E-03, 1.895640511E-03, 3.928188700E-03,-1.740259817E-03, 0.000000000E+00, 5.438624024E-01
       170, 0.000000000E+00,-6.885679364E-01, 0.000000000E+00, 3.166302145E-01, 7.970147729E-01, 6.695838645E-03, 1.887363731E-03, 3.903142177E-03,-1.729899086E-03, 0.000000000E+00, 5.363397598E-01
       171, 0.000000000E+00,-6.843284965E-01, 0.000000000E+00, 3.184407651E-01, 7.992727160E-01, 6.651390344E-03, 1.878970652E-03, 3.877962474E-03,-1.719427528E-03, 0.000000000E+00, 5.289185643E-01
       172,-1.734723476E-18,-6.800475121E-01, 0.000000000E+00, 3.202489614E-01, 8.015211821E-01, 6.606659386E-03, 1.870460808E-03, 3.852651455E-03,-1.708844444E-03, 0.000000000E+00, 5.216234922E-01
       173, 0.000000000E+00,-6.757249832E-01, 0.000000000E+00, 3.220546842E-01, 8.037601709E-01, 6.561647169E-03, 1.861834200E-03, 3.827210981E-03,-1.698148786E-03, 0.000000000E+00, 5.143982172E-01
       174, 0.000000000E+00,-6.713606715E-01, 0.000000000E+00, 3.238576651E-01, 8.059893847E-01, 6.516358815E-03, 1.853091409E-03, 3.801643383E-03,-1.687340904E-03, 0.000000000E+00, 5.072604418E-01
       175, 0.000000000E+00,-6.669544578E-01, 0.000000000E+00, 3.256578445E-01, 8.082088828E-01, 6.470798515E-03, 1.844233135E-03, 3.775952617E-03,-1.676420681E-03, 0.000000000E+00, 5.002117157E-01
       176, 0.000000000E+00,-6.625062227E-01, 0.000000000E+00, 3.274549842E-01, 8.104183674E-01, 6.424969062E-03, 1.835259725E-03, 3.750140313E-03,-1.665387768E-03, 0.000000000E+00, 4.932594001E-01
       177, 0.000000000E+00,-6.580157876E-01, 0.000000000E+00, 3.292489052E-01, 8.126177788E-01, 6.378873251E-03, 1.826171181E-03, 3.724209033E-03,-1.654241700E-03, 0.000000000E+00, 4.864034951E-01
       178, 0.000000000E+00,-6.534830928E-01, 0.000000000E+00, 3.310395479E-01, 8.148069978E-01, 6.332515273E-03, 1.816968434E-03, 3.698161803E-03,-1.642982708E-03, 0.000000000E+00, 4.796336889E-01
       179, 0.000000000E+00,-6.489080787E-01, 0.000000000E+00, 3.328266442E-01, 8.169859648E-01, 6.285898387E-03, 1.807651483E-03, 3.672000486E-03,-1.631610096E-03, 0.000000000E+00, 4.729760885E-01
       180, 0.000000000E+00,-6.442905068E-01, 0.000000000E+00, 3.346101046E-01, 8.191545010E-01, 6.239026785E-03, 1.798221376E-03, 3.645729274E-03,-1.620123861E-03, 0.000000000E+00, 4.663798511E-01
       181, 0.000000000E+00,-6.396303773E-01, 0.000000000E+00, 3.363897502E-01, 8.213125467E-01, 6.191906985E-03, 1.788679045E-03, 3.619351424E-03,-1.608524006E-03, 0.000000000E+00, 4.598453641E-01
       182, 0.000000000E+00,-6.349275708E-01, 0.000000000E+00, 3.381652832E-01, 8.234598637E-01, 6.144542713E-03, 1.779024955E-03, 3.592869733E-03,-1.596810180E-03, 0.000000000E+00, 4.533911645E-01
       183, 0.000000000E+00,-6.301820278E-01, 0.000000000E+00, 3.399365544E-01, 8.255962133E-01, 6.096939556E-03, 1.769260503E-03, 3.566288389E-03,-1.584982732E-03, 0.000000000E+00, 4.470250905E-01
       184, 0.000000000E+00,-6.253936291E-01, 0.000000000E+00, 3.417032957E-01, 8.277215362E-01, 6.049103104E-03, 1.759386621E-03, 3.539610421E-03,-1.573041547E-03, 0.000000000E+00, 4.407279491E-01
       185, 0.000000000E+00,-6.205623746E-01, 0.000000000E+00, 3.434654176E-01, 8.298355937E-01, 6.001038477E-03, 1.749404473E-03, 3.512839787E-03,-1.560986624E-03, 0.000000000E+00, 4.344977140E-01
       186, 0.000000000E+00,-6.156881452E-01, 0.000000000E+00, 3.452227116E-01, 8.319384456E-01, 5.952751730E-03, 1.739314990E-03, 3.485979978E-03,-1.548818080E-03, 0.000000000E+00, 4.283720255E-01
       187, 0.000000000E+00,-6.107709408E-01, 0.000000000E+00, 3.469749391E-01, 8.340297937E-01, 5.904245190E-03, 1.729118638E-03, 3.459033556E-03,-1.536534866E-03, 0.000000000E+00, 4.223111272E-01
       188, 0.000000000E+00,-6.058106422E-01, 0.000000000E+00, 3.487219810E-01, 8.361095190E-01, 5.855527706E-03, 1.718817395E-03, 3.432006110E-03,-1.524137333E-03, 0.000000000E+00, 4.162958860E-01
       189, 0.000000000E+00,-6.008073092E-01, 0.000000000E+00, 3.504634500E-01, 8.381773233E-01, 5.806605797E-03, 1.708412543E-03, 3.404901363E-03,-1.511625713E-03, 0.000000000E+00, 4.103449881E-01
       190, 0.000000000E+00,-5.957608819E-01, 0.000000000E+00, 3.521991670E-01, 8.402331471E-01, 5.757485051E-03, 1.697905594E-03, 3.377724439E-03,-1.498999656E-03, 0.000000000E+00, 4.044568539E-01
       191, 0.000000000E+00,-5.906713605E-01, 0.000000000E+00, 3.539289236E-01, 8.422766924E-01, 5.708173849E-03, 1.687298529E-03, 3.350479295E-03,-1.486259745E-03, 0.000000000E+00, 3.986300528E-01
       192, 0.000000000E+00,-5.855386853E-01, 0.000000000E+00, 3.556524515E-01, 8.443078399E-01, 5.658678710E-03, 1.676592743E-03, 3.323169891E-03,-1.473405864E-03, 0.000000000E+00, 3.928826153E-01
       193, 0.000000000E+00,-5.803629160E-01,-6.938893904E-18, 3.573696017E-01, 8.463264704E-01, 5.609006621E-03, 1.665789983E-03, 3.295802278E-03,-1.460437779E-03, 0.000000000E+00, 3.871774673E-01
       194, 0.000000000E+00,-5.751439929E-01,-6.938893904E-18, 3.590800762E-01, 8.483322263E-01, 5.559165962E-03, 1.654892229E-03, 3.268380649E-03,-1.447355724E-03, 0.000000000E+00, 3.815405369E-01
       195, 0.000000000E+00,-5.698820353E-01,-6.938893904E-18, 3.607836366E-01, 8.503251076E-01, 5.509165116E-03, 1.643901574E-03, 3.240909427E-03,-1.434159814E-03, 0.000000000E+00, 3.759636283E-01
       196, 0.000000000E+00,-5.645770431E-01,-6.938893904E-18, 3.624800444E-01, 8.523047566E-01, 5.459011532E-03, 1.632820116E-03, 3.213393968E-03,-1.420849934E-03, 0.000000000E+00, 3.704169393E-01
       197, 0.000000000E+00,-5.592290163E-01, 0.000000000E+00, 3.641689420E-01, 8.542709351E-01, 5.408715922E-03, 1.621650532E-03, 3.185840556E-03,-1.407426666E-03, 0.000000000E+00, 3.649359941E-01
       198, 0.000000000E+00,-5.538380146E-01, 0.000000000E+00, 3.658501208E-01, 8.562235832E-01, 5.358288996E-03, 1.610395499E-03, 3.158255015E-03,-1.393890358E-03, 0.000000000E+00, 3.594950736E-01
       199, 0.000000000E+00,-5.484041572E-01, 0.000000000E+00, 3.675232828E-01, 8.581622243E-01, 5.307738669E-03, 1.599057112E-03, 3.130643163E-03,-1.380241010E-03, 0.000000000E+00, 3.541010618E-01
       200, 0.000000000E+00,-5.429274440E-01, 0.000000000E+00, 3.691881299E-01, 8.600867987E-01, 5.257075652E-03, 1.587638049E-03, 3.103009891E-03,-1.366478740E-03, 0.000000000E+00, 3.487618566E-01
       201, 0.000000000E+00,-5.374079943E-01, 0.000000000E+00, 3.708444834E-01, 8.619971275E-01, 5.206309725E-03, 1.576141338E-03, 3.075362183E-03,-1.352603547E-03, 0.000000000E+00, 3.434768319E-01
       202, 0.000000000E+00,-5.318458676E-01, 0.000000000E+00, 3.724920154E-01, 8.638928533E-01, 5.155452527E-03, 1.564569888E-03, 3.047706326E-03,-1.338616246E-03, 0.000000000E+00, 3.382456899E-01
       203, 0.000000000E+00,-5.262412429E-01, 0.000000000E+00, 3.741304874E-01, 8.657739758E-01, 5.104516167E-03, 1.552927191E-03, 3.020048840E-03,-1.324517303E-03, 0.000000000E+00, 3.330502212E-01
       204, 0.000000000E+00,-5.205941200E-01, 0.000000000E+00, 3.757594824E-01, 8.676400185E-01, 5.053511821E-03, 1.541216159E-03, 2.992396476E-03,-1.310306485E-03, 0.000000000E+00, 3.278819919E-01
       205, 0.000000000E+00,-5.149047375E-01, 0.000000000E+00, 3.773787916E-01, 8.694908023E-01, 5.002452526E-03, 1.529440866E-03, 2.964757150E-03,-1.295984723E-03, 0.000000000E+00, 3.227491379E-01
       206, 0.000000000E+00,-5.091731548E-01, 0.000000000E+00, 3.789880276E-01, 8.713260293E-01, 4.951350857E-03, 1.517604804E-03, 2.937138081E-03,-1.281552250E-03, 0.000000000E+00, 3.176827133E-01
       207, 0.000000000E+00,-5.033995509E-01, 0.000000000E+00, 3.805869222E-01, 8.731455207E-01, 4.900221713E-03, 1.505712047E-03, 2.909547184E-03,-1.267009531E-03, 0.000000000E+00, 3.126422167E-01
       208, 0.000000000E+00,-4.975840449E-01, 0.000000000E+00, 3.821751773E-01, 8.749489784E-01, 4.849078134E-03, 1.493766671E-03, 2.881991211E-03,-1.252357149E-03, 0.000000000E+00, 3.076265454E-01
       209, 0.000000000E+00,-4.917268455E-01, 0.000000000E+00, 3.837524652E-01, 8.767361641E-01, 4.797934555E-03, 1.481772400E-03, 2.854478778E-03,-1.237595337E-03, 0.000000000E+00, 3.026679158E-01
       210, 0.000000000E+00,-4.858281314E-01, 0.000000000E+00, 3.853184879E-01, 8.785068393E-01, 4.746804014E-03, 1.469733776E-03, 2.827017568E-03,-1.222724444E-03, 0.000000000E+00, 2.977331281E-01
       211, 0.000000000E+00,-4.798880816E-01, 0.000000000E+00, 3.868729174E-01, 8.802607656E-01, 4.695703276E-03, 1.457655570E-03, 2.799616428E-03,-1.207745168E-03, 0.000000000E+00, 2.928296626E-01
       212, 0.000000000E+00,-4.739069045E-01, 0.000000000E+00, 3.884153962E-01, 8.819975853E-01, 4.644648638E-03, 1.445541857E-03, 2.772282809E-03,-1.192657859E-03, 0.000000000E+00, 2.879648209E-01
       213, 0.000000000E+00,-4.678848088E-01, 0.000000000E+00, 3.899455965E-01, 8.837171197E-01, 4.593655933E-03, 1.433397993E-03, 2.745026723E-03,-1.177463448E-03, 0.000000000E+00, 2.831223309E-01
       214, 0.000000000E+00,-4.618220031E-01, 0.000000000E+00, 3.914631605E-01, 8.854189515E-01, 4.542742390E-03, 1.421229448E-03, 2.717857482E-03,-1.162162749E-03, 0.000000000E+00, 2.783170044E-01
       215, 0.000000000E+00,-4.557187557E-01, 0.000000000E+00, 3.929677010E-01, 8.871028423E-01, 4.491926171E-03, 1.409040997E-03, 2.690783702E-03,-1.146756113E-03, 0.000000000E+00, 2.735336423E-01
       216, 0.000000000E+00,-4.495753348E-01, 0.000000000E+00, 3.944589794E-01, 8.887685537E-01, 4.441223573E-03, 1.396838576E-03, 2.663814928E-03,-1.131244469E-03, 0.000000000E+00, 2.687706947E-01
       217, 0.000000000E+00,-4.433919489E-01, 0.000000000E+00, 3.959365487E-01, 8.904158473E-01, 4.390655085E-03, 1.384628122E-03, 2.636961639E-03,-1.115628402E-03, 0.000000000E+00, 2.640577555E-01
       218, 0.000000000E+00,-4.371688664E-01, 0.000000000E+00, 3.974002004E-01, 8.920444250E-01, 4.340238869E-03, 1.372415107E-03, 2.610233612E-03,-1.099908957E-03, 0.000000000E+00, 2.593649626E-01
       219, 0.000000000E+00,-4.309064448E-01, 0.000000000E+00, 3.988495171E-01, 8.936539292E-01, 4.289994016E-03, 1.360205351E-03, 2.583640860E-03,-1.084086718E-03, 0.000000000E+00, 2.547058165E-01
       220, 0.000000000E+00,-4.246049225E-01, 0.000000000E+00, 4.002841711E-01, 8.952443004E-01, 4.239941016E-03, 1.348005724E-03, 2.557193860E-03,-1.068162499E-03, 0.000000000E+00, 2.500723600E-01
       221, 0.000000000E+00,-4.182646275E-01, 0.000000000E+00, 4.017037749E-01, 8.968150616E-01, 4.190101288E-03, 1.335822046E-03, 2.530903090E-03,-1.052136999E-03, 0.000000000E+00, 2.454491854E-01
       222, 0.000000000E+00,-4.118858874E-01, 0.000000000E+00, 4.031080008E-01, 8.983659744E-01, 4.140493460E-03, 1.323660370E-03, 2.504778095E-03,-1.036010566E-03, 0.000000000E+00, 2.408505231E-01
       223, 0.000000000E+00,-4.054690301E-01, 0.000000000E+00, 4.044964910E-01, 8.998967409E-01, 4.091140814E-03, 1.311527914E-03, 2.478830982E-03,-1.019784599E-03, 0.000000000E+00, 2.362682670E-01
       224, 0.000000000E+00,-3.990143836E-01, 0.000000000E+00, 4.058688283E-01, 9.014070034E-01, 4.042066168E-03, 1.299431897E-03, 2.453073394E-03,-1.003460260E-03, 0.000000000E+00, 2.317235768E-01
       225, 0.000000000E+00,-3.925223351E-01, 0.000000000E+00, 4.072246552E-01, 9.028965831E-01, 3.993291408E-03, 1.287379186E-03, 2.427516971E-03,-9.870387148E-04, 0.000000000E+00, 2.271943092E-01
       226, 0.000000000E+00,-3.859932423E-01, 0.000000000E+00, 4.085636735E-01, 9.043651223E-01, 3.944837954E-03, 1.275376650E-03, 2.402171493E-03,-9.705201956E-04, 0.000000000E+00, 2.226793170E-01
       227, 0.000000000E+00,-3.794274926E-01, 0.000000000E+00, 4.098855257E-01, 9.058123827E-01, 3.896730021E-03, 1.263431739E-03, 2.377049532E-03,-9.539059829E-04, 0.000000000E+00, 2.181996852E-01
       228, 0.000000000E+00,-3.728255033E-01, 0.000000000E+00, 4.111899137E-01, 9.072381854E-01, 3.848991822E-03, 1.251552021E-03, 2.352162264E-03,-9.371970082E-04, 0.000000000E+00, 2.137469947E-01
       229, 0.000000000E+00,-3.661876321E-01, 0.000000000E+00, 4.124764800E-01, 9.086421728E-01, 3.801646875E-03, 1.239744714E-03, 2.327521564E-03,-9.203943191E-04, 0.000000000E+00, 2.093204856E-01
       230, 0.000000000E+00,-3.595143259E-01, 0.000000000E+00, 4.137449563E-01, 9.100242853E-01, 3.754720557E-03, 1.228017849E-03, 2.303139772E-03,-9.034990799E-04, 0.000000000E+00, 2.049126327E-01
       231, 0.000000000E+00,-3.528060317E-01, 0.000000000E+00, 4.149949551E-01, 9.113841057E-01, 3.708236851E-03, 1.216379111E-03, 2.279028995E-03,-8.865123382E-04, 0.000000000E+00, 2.005153894E-01
       232, 0.000000000E+00,-3.460631371E-01, 0.000000000E+00, 4.162260890E-01, 9.127212763E-01, 3.662220668E-03, 1.204836415E-03, 2.255201107E-03,-8.694352000E-04, 0.000000000E+00, 1.961351037E-01
       233, 0.000000000E+00,-3.392861784E-01, 0.000000000E+00, 4.174380600E-01, 9.140356779E-01, 3.616698552E-03, 1.193397678E-03, 2.231668681E-03,-8.522691205E-04, 0.000000000E+00, 1.917779297E-01
       234, 0.000000000E+00,-3.324755430E-01, 0.000000000E+00, 4.186304808E-01, 9.153269529E-01, 3.571694717E-03, 1.182071283E-03, 2.208443359E-03,-8.350150310E-04, 0.000000000E+00, 1.874359250E-01
       235, 0.000000000E+00,-3.256317675E-01, 0.000000000E+00, 4.198030233E-01, 9.165948629E-01, 3.527236171E-03, 1.170865027E-03, 2.185537945E-03,-8.176743868E-04, 0.000000000E+00, 1.831221581E-01
       236, 0.000000000E+00,-3.187553287E-01, 0.000000000E+00, 4.209554195E-01, 9.178392291E-01, 3.483348526E-03, 1.159787178E-03, 2.162964549E-03,-8.002482937E-04, 0.000000000E+00, 1.788152754E-01
       237, 0.000000000E+00,-3.118467331E-01, 0.000000000E+00, 4.220873713E-01, 9.190597534E-01, 3.440057626E-03, 1.148845884E-03, 2.140734810E-03,-7.827380905E-04, 0.000000000E+00, 1.745342314E-01
       238, 0.000000000E+00,-3.049064577E-01, 0.000000000E+00, 4.231985807E-01, 9.202562571E-01, 3.397389315E-03, 1.138049178E-03, 2.118860837E-03,-7.651451742E-04, 0.000000000E+00, 1.702920198E-01
       239, 0.000000000E+00,-2.979350686E-01, 0.000000000E+00, 4.242886305E-01, 9.214285612E-01, 3.355369437E-03, 1.127405092E-03, 2.097354736E-03,-7.474708837E-04, 0.000000000E+00, 1.660473794E-01
       240, 0.000000000E+00,-2.909331024E-01, 0.000000000E+00, 4.253574312E-01, 9.225763679E-01, 3.314025234E-03, 1.116921892E-03, 2.076228149E-03,-7.297167322E-04, 0.000000000E+00, 1.618257761E-01
       241, 0.000000000E+00,-2.839010656E-01, 0.000000000E+00, 4.264045358E-01, 9.236994982E-01, 3.273380455E-03, 1.106607262E-03, 2.055493183E-03,-7.118840003E-04, 0.000000000E+00, 1.576332301E-01
       242, 0.000000000E+00,-2.768395841E-01, 0.000000000E+00, 4.274297655E-01, 9.247977734E-01, 3.233462106E-03, 1.096469816E-03, 2.035161480E-03,-6.939740269E-04, 0.000000000E+00, 1.534552872E-01
       243, 0.000000000E+00,-2.697491646E-01, 0.000000000E+00, 4.284328222E-01, 9.258710146E-01, 3.194296034E-03, 1.086517004E-03, 2.015244449E-03,-6.759885000E-04, 0.000000000E+00, 1.492909640E-01
       244, 0.000000000E+00,-2.626304328E-01, 0.000000000E+00, 4.294134080E-01, 9.269190431E-01, 3.155907383E-03, 1.076756744E-03, 1.995753497E-03,-6.579289329E-04, 0.000000000E+00, 1.451393068E-01
       245, 0.000000000E+00,-2.554839253E-01, 0.000000000E+00, 4.303711951E-01, 9.279414415E-01, 3.118319903E-03, 1.067196485E-03, 1.976699103E-03,-6.397966063E-04, 0.000000000E+00, 1.410124451E-01
       246, 0.000000000E+00,-2.483103275E-01, 0.000000000E+00, 4.313059747E-01, 9.289381504E-01, 3.081558272E-03, 1.057844027E-03, 1.958091976E-03,-6.215932663E-04, 0.000000000E+00, 1.368964463E-01
       247, 0.000000000E+00,-2.411101907E-01, 0.000000000E+00, 4.322173595E-01, 9.299089909E-01, 3.045646474E-03, 1.048706239E-03, 1.939942944E-03,-6.033205427E-04, 0.000000000E+00, 1.327835023E-01
       248, 0.000000000E+00,-2.338841558E-01, 0.000000000E+00, 4.331051707E-01, 9.308536649E-01, 3.010608722E-03, 1.039790222E-03, 1.922261901E-03,-5.849801237E-04, 0.000000000E+00, 1.286922246E-01
       249, 0.000000000E+00,-2.266328484E-01, 0.000000000E+00, 4.339691401E-01, 9.317719936E-01, 2.976466902E-03, 1.031103078E-03, 1.905058278E-03,-5.665734643E-04, 0.000000000E+00, 1.246087849E-01
       250, 0.000000000E+00,-2.193569392E-01, 0.000000000E+00, 4.348089695E-01, 9.326637983E-01, 2.943244297E-03, 1.022651209E-03, 1.888342202E-03,-5.481024273E-04, 0.000000000E+00, 1.205383241E-01
       251, 0.000000000E+00,-2.120570391E-01, 0.000000000E+00, 4.356243610E-01, 9.335289001E-01, 2.910961863E-03, 1.014441485E-03, 1.872122055E-03,-5.295687588E-04, 0.000000000E+00, 1.164926887E-01
       252, 0.000000000E+00,-2.047338486E-01, 0.000000000E+00, 4.364151955E-01, 9.343671799E-01, 2.879640087E-03, 1.006480074E-03, 1.856407151E-03,-5.109739723E-04, 0.000000000E+00, 1.124516577E-01
       253, 0.000000000E+00,-1.973880082E-01, 0.000000000E+00, 4.371811748E-01, 9.351783991E-01, 2.849300858E-03, 9.987724479E-04, 1.841205638E-03,-4.923199303E-04, 0.000000000E+00, 1.084141135E-01
       254, 0.000000000E+00,-1.900202185E-01, 0.000000000E+00, 4.379219711E-01, 9.359622002E-01, 2.819961868E-03, 9.913244285E-04, 1.826524851E-03,-4.736082046E-04, 0.000000000E+00, 1.043917388E-01
       255, 0.000000000E+00,-1.826311648E-01, 0.000000000E+00, 4.386374354E-01, 9.367186427E-01, 2.791642677E-03, 9.841418359E-04, 1.812372589E-03,-4.548405996E-04, 0.000000000E+00, 1.003645509E-01
       256, 0.000000000E+00,-1.752215326E-01, 0.000000000E+00, 4.393272400E-01, 9.374474287E-01, 2.764361212E-03, 9.772297926E-04, 1.798756188E-03,-4.360188032E-04, 0.000000000E+00, 9.633773565E-02
       257, 0.000000000E+00,-1.677920520E-01, 0.000000000E+00, 4.399910867E-01, 9.381482005E-01, 2.738134935E-03, 9.705929551E-04, 1.785682281E-03,-4.171445908E-04, 0.000000000E+00, 9.232288599E-02
       258, 0.000000000E+00,-1.603434086E-01, 0.000000000E+00, 4.406287670E-01, 9.388208985E-01, 2.712980378E-03, 9.642360965E-04, 1.773157390E-03,-3.982196504E-04, 0.000000000E+00, 8.830627799E-02
       259, 0.000000000E+00,-1.528763473E-01, 0.000000000E+00, 4.412399530E-01, 9.394652843E-01, 2.688911743E-03, 9.581630584E-04, 1.761186984E-03,-3.792456118E-04, 0.000000000E+00, 8.428694308E-02
       260, 0.000000000E+00,-1.453915834E-01, 0.000000000E+00, 4.418243170E-01, 9.400808811E-01, 2.665944397E-03, 9.523777990E-04, 1.749776769E-03,-3.602241050E-04, 0.000000000E+00, 8.024512231E-02
       261, 0.000000000E+00,-1.378898621E-01, 0.000000000E+00, 4.423815310E-01, 9.406676292E-01, 2.644092077E-03, 9.468839271E-04, 1.738931867E-03,-3.411569051E-04, 0.000000000E+00, 7.618601620E-02
       262, 0.000000000E+00,-1.303719133E-01, 0.000000000E+00, 4.429111481E-01, 9.412249327E-01, 2.623367589E-03, 9.416848770E-04, 1.728656702E-03,-3.220458166E-04, 0.000000000E+00, 7.210251689E-02
       263, 0.000000000E+00,-1.228385046E-01, 0.000000000E+00, 4.434127212E-01, 9.417524338E-01, 2.603784204E-03, 9.367838502E-04, 1.718956279E-03,-3.028927022E-04, 0.000000000E+00, 6.796269864E-02
       264, 0.000000000E+00,-1.152903810E-01, 0.000000000E+00, 4.438857436E-01, 9.422497153E-01, 2.585353330E-03, 9.321838152E-04, 1.709834789E-03,-2.836996573E-04, 0.000000000E+00, 6.379029900E-02
       265, 0.000000000E+00,-1.077283099E-01, 0.000000000E+00, 4.443296194E-01, 9.427161217E-01, 2.568085678E-03, 9.278872749E-04, 1.701295841E-03,-2.644688066E-04, 0.000000000E+00, 5.956597626E-02
       266, 0.000000000E+00,-1.001530513E-01, 0.000000000E+00, 4.447436333E-01, 9.431509972E-01, 2.551991958E-03, 9.238967323E-04, 1.693343162E-03,-2.452024783E-04, 0.000000000E+00, 5.525182188E-02
       267, 0.000000000E+00,-9.256539494E-02, 0.000000000E+00, 4.451269507E-01, 9.435534477E-01, 2.537081018E-03, 9.202139918E-04, 1.685979892E-03,-2.259033354E-04, 0.000000000E+00, 5.083480105E-02
       268, 0.000000000E+00,-8.496610820E-02, 0.000000000E+00, 4.454786479E-01, 9.439225197E-01, 2.523363568E-03, 9.168412071E-04, 1.679209410E-03,-2.065745939E-04, 0.000000000E+00, 4.630786180E-02
       269, 0.000000000E+00,-7.735597342E-02, 0.000000000E+00, 4.457976818E-01, 9.442572594E-01, 2.510847757E-03, 9.137801826E-04, 1.673034858E-03,-1.872197900E-04, 0.000000000E+00, 4.165799171E-02
       270, 0.000000000E+00,-6.973578781E-02, 0.000000000E+00, 4.460829198E-01, 9.445563555E-01, 2.499542199E-03, 9.110321989E-04, 1.667458797E-03,-1.678430417E-04, 0.000000000E+00, 3.685978055E-02
       271, 0.000000000E+00,-6.210633740E-02, 0.000000000E+00, 4.463331699E-01, 9.448186755E-01, 2.489453647E-03, 9.085987695E-04, 1.662484137E-03,-1.484490786E-04, 0.000000000E+00, 3.190624714E-02
       272, 0.000000000E+00,-5.446842313E-02, 0.000000000E+00, 4.465471506E-01, 9.450429082E-01, 2.480589086E-03, 9.064807673E-04, 1.658112975E-03,-1.290433283E-04, 0.000000000E+00, 2.682071924E-02
       273, 0.000000000E+00,-4.682284221E-02, 0.000000000E+00, 4.467239380E-01, 9.452280998E-01, 2.472955268E-03, 9.046790656E-04, 1.654347987E-03,-1.096317574E-04, 0.000000000E+00, 2.161427401E-02
       274, 0.000000000E+00,-3.917039558E-02, 0.000000000E+00, 4.468627572E-01, 9.453732967E-01, 2.466557082E-03, 9.031940717E-04, 1.651191153E-03,-9.022083395E-05, 0.000000000E+00, 1.635243557E-02
       275, 0.000000000E+00,-3.151189536E-02, 0.000000000E+00, 4.469637871E-01, 9.454789162E-01, 2.461399417E-03, 9.020260768E-04, 1.648643985E-03,-7.081723015E-05, 0.000000000E+00, 1.122821681E-02
       276, 0.000000000E+00,-2.384814806E-02, 0.000000000E+00, 4.470289052E-01, 9.455469251E-01, 2.457485069E-03, 9.011748480E-04, 1.646707766E-03,-5.142683949E-05, 0.000000000E+00, 6.513035856E-03
       277, 0.000000000E+00,-1.617996395E-02, 0.000000000E+00, 4.470630288E-01, 9.455823898E-01, 2.454816364E-03, 9.006396867E-04, 1.645383309E-03,-3.205337271E-05, 0.000000000E+00, 2.750987653E-03
       278, 0.000000000E+00,-8.508155122E-03, 0.000000000E+00, 4.470754862E-01, 9.455953836E-01, 2.453394700E-03, 9.004197782E-04, 1.644671662E-03,-1.269570566E-05, 0.000000000E+00, 6.070838426E-04
       279, 0.000000000E+00,-8.335386519E-04, 0.000000000E+00, 4.470766783E-01, 9.455966949E-01, 2.453220077E-03, 9.005138418E-04, 1.644573174E-03, 6.655531251E-06, 0.000000000E+00,-2.547347685E-04
       280, 0.000000000E+00,-6.887726500E-12, 7.046082606E-10, 4.470759034E-01, 9.455958605E-01, 2.453341614E-03, 9.005478933E-04, 1.644634292E-03, 8.757642718E-06, 0.000000000E+00,-4.075134930E-04
