(title "X Velocity vs. Y-Coordinate")
(labels "Y-Coordinate" "X Velocity")

((xy/key/label "line")
0	0.93711
0.00199533	0.93711
0.00598599	0.937108
0.00997665	0.937103
0.0139673	0.93709
0.017958	0.937069
0.0219486	0.937038
0.0259393	0.936996
0.0299299	0.936943
0.0339206	0.936879
0.0379113	0.936805
0.0419019	0.93672
0.0458926	0.936625
0.0498832	0.93652
0.0538739	0.936404
0.0578646	0.936279
0.0618552	0.936145
0.0658459	0.936001
0.0698365	0.935848
0.0738272	0.935685
0.0778178	0.935514
0.0818085	0.935333
0.0857992	0.935144
0.0897898	0.934945
0.0937805	0.934738
0.0977711	0.934522
0.101762	0.934297
0.105752	0.934064
0.109743	0.933822
0.113734	0.933571
0.117724	0.933312
0.121715	0.933044
0.125706	0.932767
0.129696	0.932482
0.133687	0.932188
0.137678	0.931885
0.141668	0.931574
0.145659	0.931255
0.14965	0.930926
0.15364	0.930589
0.157631	0.930244
0.161622	0.92989
0.165612	0.929527
0.169603	0.929156
0.173594	0.928776
0.177584	0.928387
0.181575	0.92799
0.185566	0.927584
0.189556	0.927169
0.193547	0.926746
0.197538	0.926314
0.201528	0.925873
0.205519	0.925423
0.20951	0.924965
0.2135	0.924498
0.217491	0.924022
0.221482	0.923537
0.225472	0.923044
0.229463	0.922542
0.233454	0.92203
0.237444	0.92151
0.241435	0.920981
0.245426	0.920443
0.249416	0.919895
0.253407	0.919339
0.257397	0.918773
0.261388	0.918199
0.265379	0.917615
0.269369	0.917022
0.27336	0.91642
0.277351	0.915808
0.281341	0.915187
0.285332	0.914557
0.289323	0.913917
0.293313	0.913268
0.297304	0.912609
0.301295	0.911941
0.305285	0.911263
0.309276	0.910575
0.313267	0.909878
0.317257	0.909171
0.321248	0.908454
0.325239	0.907727
0.329229	0.90699
0.33322	0.906243
0.337211	0.905487
0.341201	0.90472
0.345192	0.903943
0.349183	0.903156
0.353173	0.902358
0.357164	0.90155
0.361155	0.900732
0.365145	0.899903
0.369136	0.899064
0.373127	0.898215
0.377117	0.897354
0.381108	0.896483
0.385099	0.895602
0.389089	0.894709
0.39308	0.893806
0.397071	0.892891
0.401061	0.891966
0.405052	0.891029
0.409043	0.890081
0.413033	0.889122
0.417024	0.888152
0.421014	0.88717
0.425005	0.886176
0.428996	0.885171
0.432986	0.884154
0.436977	0.883126
0.440968	0.882086
0.444958	0.881033
0.448949	0.879969
0.45294	0.878892
0.45693	0.877803
0.460921	0.876702
0.464912	0.875589
0.468902	0.874462
0.472893	0.873324
0.476884	0.872172
0.480874	0.871007
0.484865	0.86983
0.488856	0.868639
0.492846	0.867435
0.496837	0.866218
0.500828	0.864987
0.504818	0.863743
0.508809	0.862485
0.5128	0.861213
0.51679	0.859927
0.520781	0.858626
0.524772	0.857312
0.528762	0.855983
0.532753	0.854639
0.536744	0.85328
0.540734	0.851906
0.544725	0.850517
0.548716	0.849113
0.552706	0.847693
0.556697	0.846257
0.560688	0.844805
0.564678	0.843337
0.568669	0.841852
0.572659	0.840351
0.57665	0.838833
0.580641	0.837299
0.584632	0.835746
0.588622	0.834177
0.592613	0.832589
0.596603	0.830983
0.600594	0.829359
0.604585	0.827717
0.608575	0.826055
0.612566	0.824374
0.616557	0.822673
0.620547	0.820953
0.624538	0.819212
0.628529	0.817451
0.632519	0.815669
0.63651	0.813865
0.640501	0.81204
0.644491	0.810193
0.648482	0.808323
0.652473	0.806431
0.656463	0.804515
0.660454	0.802575
0.664445	0.800611
0.668435	0.798623
0.672426	0.796609
0.676417	0.794569
0.680407	0.792503
0.684398	0.79041
0.688389	0.788289
0.692379	0.78614
0.69637	0.783963
0.700361	0.781756
0.704351	0.779519
0.708342	0.777251
0.712333	0.774951
0.716323	0.77262
0.720314	0.770255
0.724305	0.767856
0.728295	0.765422
0.732286	0.762952
0.736277	0.760445
0.740267	0.7579
0.744258	0.755316
0.748248	0.752692
0.752239	0.750027
0.75623	0.74732
0.76022	0.744569
0.764211	0.741773
0.768202	0.73893
0.772192	0.736039
0.776183	0.733099
0.780174	0.730107
0.784164	0.727063
0.788155	0.723963
0.792146	0.720807
0.796136	0.717592
0.800127	0.714315
0.804118	0.710976
0.808108	0.707571
0.812099	0.704097
0.81609	0.700552
0.82008	0.696933
0.824071	0.693237
0.828062	0.68946
0.832052	0.685598
0.836043	0.681649
0.840034	0.677607
0.844024	0.673469
0.848015	0.669229
0.852006	0.664882
0.855996	0.660423
0.859987	0.655846
0.863978	0.651144
0.867968	0.64631
0.871959	0.641337
0.87595	0.636214
0.87994	0.630935
0.883931	0.625487
0.887922	0.61986
0.891912	0.614041
0.895903	0.608017
0.899894	0.601771
0.903884	0.595287
0.907875	0.588545
0.911865	0.581523
0.915856	0.574195
0.919847	0.566533
0.923837	0.558505
0.927828	0.550071
0.931819	0.541188
0.935809	0.531802
0.9398	0.521851
0.943791	0.511259
0.947781	0.499933
0.951772	0.487759
0.955763	0.47459
0.959753	0.460237
0.963744	0.444451
0.967735	0.426895
0.971725	0.407108
0.975716	0.384443
0.979707	0.35798
0.983223	0.330241
0.98628	0.301117
0.988939	0.270144
0.991251	0.23677
0.993261	0.200339
0.995009	0.160221
0.996529	0.116591
0.997851	0.0728366
0.999	0.0382063
1	0
)
