(title "UU Reynolds Stress vs. Y-Coordinate")
(labels "Y-Coordinate" "UU Reynolds Stress")

((xy/key/label "line")
0	0.00242503
0.00199533	0.00242503
0.00598599	0.00242537
0.00997665	0.00242604
0.0139673	0.00242705
0.017958	0.00242839
0.0219486	0.00243006
0.0259393	0.00243207
0.0299299	0.00243441
0.0339206	0.00243709
0.0379113	0.00244011
0.0419019	0.00244345
0.0458926	0.00244713
0.0498832	0.00245115
0.0538739	0.0024555
0.0578646	0.00246018
0.0618552	0.00246519
0.0658459	0.00247054
0.0698365	0.00247621
0.0738272	0.00248223
0.0778178	0.00248857
0.0818085	0.00249525
0.0857992	0.00250225
0.0897898	0.00250959
0.0937805	0.00251726
0.0977711	0.00252526
0.101762	0.00253359
0.105752	0.00254226
0.109743	0.00255125
0.113734	0.00256057
0.117724	0.00257023
0.121715	0.00258021
0.125706	0.00259052
0.129696	0.00260117
0.133687	0.00261214
0.137678	0.00262343
0.141668	0.00263506
0.145659	0.00264701
0.14965	0.00265929
0.15364	0.0026719
0.157631	0.00268483
0.161622	0.00269808
0.165612	0.00271166
0.169603	0.00272556
0.173594	0.00273979
0.177584	0.00275434
0.181575	0.00276921
0.185566	0.00278439
0.189556	0.0027999
0.193547	0.00281572
0.197538	0.00283186
0.201528	0.00284832
0.205519	0.00286509
0.20951	0.00288217
0.2135	0.00289957
0.217491	0.00291727
0.221482	0.00293529
0.225472	0.00295361
0.229463	0.00297224
0.233454	0.00299117
0.237444	0.00301041
0.241435	0.00302995
0.245426	0.0030498
0.249416	0.00306994
0.253407	0.00309037
0.257397	0.00311111
0.261388	0.00313213
0.265379	0.00315345
0.269369	0.00317506
0.27336	0.00319696
0.277351	0.00321914
0.281341	0.00324161
0.285332	0.00326436
0.289323	0.00328739
0.293313	0.0033107
0.297304	0.00333428
0.301295	0.00335814
0.305285	0.00338227
0.309276	0.00340668
0.313267	0.00343134
0.317257	0.00345628
0.321248	0.00348148
0.325239	0.00350694
0.329229	0.00353265
0.33322	0.00355863
0.337211	0.00358486
0.341201	0.00361134
0.345192	0.00363807
0.349183	0.00366504
0.353173	0.00369226
0.357164	0.00371973
0.361155	0.00374743
0.365145	0.00377537
0.369136	0.00380355
0.373127	0.00383196
0.377117	0.0038606
0.381108	0.00388947
0.385099	0.00391856
0.389089	0.00394788
0.39308	0.00397742
0.397071	0.00400718
0.401061	0.00403716
0.405052	0.00406735
0.409043	0.00409775
0.413033	0.00412837
0.417024	0.00415919
0.421014	0.00419021
0.425005	0.00422144
0.428996	0.00425287
0.432986	0.0042845
0.436977	0.00431633
0.440968	0.00434835
0.444958	0.00438056
0.448949	0.00441297
0.45294	0.00444556
0.45693	0.00447835
0.460921	0.00451131
0.464912	0.00454446
0.468902	0.00457779
0.472893	0.0046113
0.476884	0.00464499
0.480874	0.00467885
0.484865	0.00471289
0.488856	0.0047471
0.492846	0.00478148
0.496837	0.00481603
0.500828	0.00485074
0.504818	0.00488562
0.508809	0.00492066
0.5128	0.00495587
0.51679	0.00499124
0.520781	0.00502676
0.524772	0.00506245
0.528762	0.00509829
0.532753	0.00513428
0.536744	0.00517043
0.540734	0.00520673
0.544725	0.00524319
0.548716	0.00527979
0.552706	0.00531654
0.556697	0.00535344
0.560688	0.00539048
0.564678	0.00542767
0.568669	0.005465
0.572659	0.00550247
0.57665	0.00554009
0.580641	0.00557785
0.584632	0.00561575
0.588622	0.00565379
0.592613	0.00569196
0.596603	0.00573028
0.600594	0.00576874
0.604585	0.00580733
0.608575	0.00584605
0.612566	0.00588492
0.616557	0.00592392
0.620547	0.00596305
0.624538	0.00600231
0.628529	0.00604171
0.632519	0.00608124
0.63651	0.00612091
0.640501	0.00616071
0.644491	0.00620063
0.648482	0.00624069
0.652473	0.00628088
0.656463	0.0063212
0.660454	0.00636165
0.664445	0.00640223
0.668435	0.00644294
0.672426	0.00648378
0.676417	0.00652475
0.680407	0.00656585
0.684398	0.00660708
0.688389	0.00664844
0.692379	0.00668993
0.69637	0.00673155
0.700361	0.00677331
0.704351	0.00681519
0.708342	0.00685719
0.712333	0.00689933
0.716323	0.0069416
0.720314	0.00698399
0.724305	0.00702651
0.728295	0.00706917
0.732286	0.00711195
0.736277	0.00715486
0.740267	0.0071979
0.744258	0.00724108
0.748248	0.00728438
0.752239	0.00732781
0.75623	0.00737137
0.76022	0.00741506
0.764211	0.00745888
0.768202	0.00750283
0.772192	0.0075469
0.776183	0.0075911
0.780174	0.00763542
0.784164	0.00767987
0.788155	0.00772445
0.792146	0.00776915
0.796136	0.00781397
0.800127	0.00785891
0.804118	0.00790396
0.808108	0.00794913
0.812099	0.00799441
0.81609	0.0080398
0.82008	0.00808529
0.824071	0.00813088
0.828062	0.00817656
0.832052	0.00822232
0.836043	0.00826816
0.840034	0.00831406
0.844024	0.00836003
0.848015	0.00840604
0.852006	0.00845207
0.855996	0.00849813
0.859987	0.00854418
0.863978	0.00859021
0.867968	0.00863619
0.871959	0.00868209
0.87595	0.00872788
0.87994	0.00877353
0.883931	0.00881897
0.887922	0.00886418
0.891912	0.00890906
0.895903	0.00895356
0.899894	0.00899759
0.903884	0.00904102
0.907875	0.00908375
0.911865	0.00912562
0.915856	0.00916643
0.919847	0.00920597
0.923837	0.00924395
0.927828	0.00928003
0.931819	0.00931376
0.935809	0.00934462
0.9398	0.00937188
0.943791	0.00939464
0.947781	0.00941168
0.951772	0.00942136
0.955763	0.0094214
0.959753	0.00940857
0.963744	0.00937811
0.967735	0.00932304
0.971725	0.00923268
0.975716	0.0090898
0.979707	0.00886547
0.983223	0.00855851
0.98628	0.00815019
0.988939	0.00761079
0.991251	0.00690193
0.993261	0.00598531
0.995009	0.00487826
0.996529	0.00385568
0.997851	0.00371845
0.999	0.00606841
1	0.00790474
)
