(title "UV Reynolds Stress vs. Y-Coordinate")
(labels "Y-Coordinate" "UV Reynolds Stress")

((xy/key/label "line")
0	1.37492e-07
0.00199533	5.13023e-06
0.00598599	1.51089e-05
0.00997665	2.50914e-05
0.0139673	3.50789e-05
0.017958	4.50717e-05
0.0219486	5.50696e-05
0.0259393	6.50722e-05
0.0299299	7.50789e-05
0.0339206	8.50892e-05
0.0379113	9.51024e-05
0.0419019	0.000105118
0.0458926	0.000115136
0.0498832	0.000125155
0.0538739	0.000135175
0.0578646	0.000145196
0.0618552	0.000155217
0.0658459	0.000165239
0.0698365	0.000175262
0.0738272	0.000185284
0.0778178	0.000195307
0.0818085	0.000205329
0.0857992	0.000215352
0.0897898	0.000225374
0.0937805	0.000235396
0.0977711	0.000245418
0.101762	0.00025544
0.105752	0.000265462
0.109743	0.000275484
0.113734	0.000285506
0.117724	0.000295527
0.121715	0.000305549
0.125706	0.00031557
0.129696	0.000325591
0.133687	0.000335612
0.137678	0.000345633
0.141668	0.000355654
0.145659	0.000365675
0.14965	0.000375696
0.15364	0.000385717
0.157631	0.000395737
0.161622	0.000405758
0.165612	0.000415778
0.169603	0.000425799
0.173594	0.000435819
0.177584	0.000445839
0.181575	0.000455859
0.185566	0.000465878
0.189556	0.000475898
0.193547	0.000485917
0.197538	0.000495935
0.201528	0.000505954
0.205519	0.000515971
0.20951	0.000525989
0.2135	0.000536006
0.217491	0.000546023
0.221482	0.00055604
0.225472	0.000566056
0.229463	0.000576071
0.233454	0.000586087
0.237444	0.000596101
0.241435	0.000606116
0.245426	0.000616129
0.249416	0.000626143
0.253407	0.000636155
0.257397	0.000646168
0.261388	0.000656179
0.265379	0.00066619
0.269369	0.000676201
0.27336	0.00068621
0.277351	0.000696219
0.281341	0.000706228
0.285332	0.000716236
0.289323	0.000726243
0.293313	0.000736249
0.297304	0.000746256
0.301295	0.000756261
0.305285	0.000766266
0.309276	0.00077627
0.313267	0.000786273
0.317257	0.000796275
0.321248	0.000806277
0.325239	0.000816278
0.329229	0.000826278
0.33322	0.000836277
0.337211	0.000846276
0.341201	0.000856274
0.345192	0.000866271
0.349183	0.000876267
0.353173	0.000886262
0.357164	0.000896256
0.361155	0.00090625
0.365145	0.000916242
0.369136	0.000926233
0.373127	0.000936224
0.377117	0.000946213
0.381108	0.000956202
0.385099	0.000966189
0.389089	0.000976176
0.39308	0.000986162
0.397071	0.000996146
0.401061	0.00100613
0.405052	0.00101611
0.409043	0.00102609
0.413033	0.00103607
0.417024	0.00104605
0.421014	0.00105603
0.425005	0.00106601
0.428996	0.00107598
0.432986	0.00108596
0.436977	0.00109593
0.440968	0.0011059
0.444958	0.00111587
0.448949	0.00112584
0.45294	0.00113581
0.45693	0.00114578
0.460921	0.00115574
0.464912	0.0011657
0.468902	0.00117567
0.472893	0.00118563
0.476884	0.00119559
0.480874	0.00120554
0.484865	0.0012155
0.488856	0.00122545
0.492846	0.0012354
0.496837	0.00124536
0.500828	0.0012553
0.504818	0.00126525
0.508809	0.0012752
0.5128	0.00128514
0.51679	0.00129508
0.520781	0.00130502
0.524772	0.00131496
0.528762	0.00132489
0.532753	0.00133483
0.536744	0.00134476
0.540734	0.00135469
0.544725	0.00136461
0.548716	0.00137453
0.552706	0.00138446
0.556697	0.00139437
0.560688	0.00140429
0.564678	0.0014142
0.568669	0.00142411
0.572659	0.00143402
0.57665	0.00144392
0.580641	0.00145382
0.584632	0.00146372
0.588622	0.00147361
0.592613	0.0014835
0.596603	0.00149338
0.600594	0.00150327
0.604585	0.00151315
0.608575	0.00152302
0.612566	0.00153289
0.616557	0.00154276
0.620547	0.00155262
0.624538	0.00156248
0.628529	0.00157233
0.632519	0.00158218
0.63651	0.00159203
0.640501	0.00160186
0.644491	0.0016117
0.648482	0.00162152
0.652473	0.00163135
0.656463	0.00164116
0.660454	0.00165097
0.664445	0.00166077
0.668435	0.00167057
0.672426	0.00168036
0.676417	0.00169015
0.680407	0.00169992
0.684398	0.00170969
0.688389	0.00171945
0.692379	0.00172921
0.69637	0.00173895
0.700361	0.00174869
0.704351	0.00175842
0.708342	0.00176813
0.712333	0.00177784
0.716323	0.00178754
0.720314	0.00179722
0.724305	0.0018069
0.728295	0.00181656
0.732286	0.00182621
0.736277	0.00183585
0.740267	0.00184548
0.744258	0.00185509
0.748248	0.00186468
0.752239	0.00187427
0.75623	0.00188383
0.76022	0.00189338
0.764211	0.00190291
0.768202	0.00191243
0.772192	0.00192192
0.776183	0.00193139
0.780174	0.00194085
0.784164	0.00195028
0.788155	0.00195968
0.792146	0.00196907
0.796136	0.00197842
0.800127	0.00198775
0.804118	0.00199705
0.808108	0.00200632
0.812099	0.00201555
0.81609	0.00202475
0.82008	0.00203391
0.824071	0.00204303
0.828062	0.00205211
0.832052	0.00206114
0.836043	0.00207012
0.840034	0.00207905
0.844024	0.00208792
0.848015	0.00209673
0.852006	0.00210548
0.855996	0.00211415
0.859987	0.00212274
0.863978	0.00213126
0.867968	0.00213967
0.871959	0.002148
0.87595	0.00215621
0.87994	0.0021643
0.883931	0.00217226
0.887922	0.00218008
0.891912	0.00218773
0.895903	0.00219521
0.899894	0.00220249
0.903884	0.00220954
0.907875	0.00221635
0.911865	0.00222287
0.915856	0.00222907
0.919847	0.00223491
0.923837	0.00224032
0.927828	0.00224525
0.931819	0.00224961
0.935809	0.0022533
0.9398	0.00225619
0.943791	0.00225813
0.947781	0.00225889
0.951772	0.00225818
0.955763	0.00225559
0.959753	0.00225051
0.963744	0.002242
0.967735	0.00222865
0.971725	0.00220822
0.975716	0.002177
0.979707	0.00212872
0.983223	0.00206259
0.98628	0.00197344
0.988939	0.00185282
0.991251	0.00168863
0.993261	0.00146603
0.995009	0.00118012
0.996529	0.000885607
0.997851	0.00077459
0.999	0.00134947
1	0.0018358
)
