(title "UW Reynolds Stress vs. Y-Coordinate")
(labels "Y-Coordinate" "UW Reynolds Stress")

((xy/key/label "line")
0	-1.68761e-19
0.00199533	-1.69678e-19
0.00598599	-1.71546e-19
0.00997665	-1.73455e-19
0.0139673	-1.75415e-19
0.017958	-1.77433e-19
0.0219486	-1.79494e-19
0.0259393	-1.81598e-19
0.0299299	-1.83749e-19
0.0339206	-1.85935e-19
0.0379113	-1.88162e-19
0.0419019	-1.90451e-19
0.0458926	-1.92782e-19
0.0498832	-1.95141e-19
0.0538739	-1.97573e-19
0.0578646	-2.0008e-19
0.0618552	-2.0262e-19
0.0658459	-2.05214e-19
0.0698365	-2.07861e-19
0.0738272	-2.10417e-19
0.0778178	-2.12914e-19
0.0818085	-2.15538e-19
0.0857992	-2.18138e-19
0.0897898	-2.20559e-19
0.0937805	-2.2268e-19
0.0977711	-2.24559e-19
0.101762	-2.26547e-19
0.105752	-2.28526e-19
0.109743	-2.30321e-19
0.113734	-2.31768e-19
0.117724	-2.32794e-19
0.121715	-2.33824e-19
0.125706	-2.34938e-19
0.129696	-2.35975e-19
0.133687	-2.36856e-19
0.137678	-2.37601e-19
0.141668	-2.38478e-19
0.145659	-2.39492e-19
0.14965	-2.40387e-19
0.15364	-2.41081e-19
0.157631	-2.41911e-19
0.161622	-2.43159e-19
0.165612	-2.44544e-19
0.169603	-2.45911e-19
0.173594	-2.47107e-19
0.177584	-2.48195e-19
0.181575	-2.4958e-19
0.185566	-2.50996e-19
0.189556	-2.52114e-19
0.193547	-2.52854e-19
0.197538	-2.53283e-19
0.201528	-2.53764e-19
0.205519	-2.54303e-19
0.20951	-2.54672e-19
0.2135	-2.54333e-19
0.217491	-2.53299e-19
0.221482	-2.52336e-19
0.225472	-2.51161e-19
0.229463	-2.49516e-19
0.233454	-2.46828e-19
0.237444	-2.42795e-19
0.241435	-2.38735e-19
0.245426	-2.34713e-19
0.249416	-2.30211e-19
0.253407	-2.24705e-19
0.257397	-2.18224e-19
0.261388	-2.11944e-19
0.265379	-2.05328e-19
0.269369	-1.97695e-19
0.27336	-1.88971e-19
0.277351	-1.79601e-19
0.281341	-1.70841e-19
0.285332	-1.6208e-19
0.289323	-1.52529e-19
0.293313	-1.42124e-19
0.297304	-1.31285e-19
0.301295	-1.20979e-19
0.305285	-1.10606e-19
0.309276	-9.93134e-20
0.313267	-8.66259e-20
0.317257	-7.31579e-20
0.321248	-6.02476e-20
0.325239	-4.72096e-20
0.329229	-3.31872e-20
0.33322	-1.77842e-20
0.337211	-1.20662e-21
0.341201	1.57267e-20
0.345192	3.34746e-20
0.349183	5.1999e-20
0.353173	7.13056e-20
0.357164	9.21729e-20
0.361155	1.14041e-19
0.365145	1.36075e-19
0.369136	1.57994e-19
0.373127	1.79736e-19
0.377117	2.01831e-19
0.381108	2.24453e-19
0.385099	2.46926e-19
0.389089	2.69066e-19
0.39308	2.90676e-19
0.397071	3.11495e-19
0.401061	3.31878e-19
0.405052	3.51991e-19
0.409043	3.71945e-19
0.413033	3.91112e-19
0.417024	4.09148e-19
0.421014	4.26858e-19
0.425005	4.44065e-19
0.428996	4.60708e-19
0.432986	4.76331e-19
0.436977	4.90339e-19
0.440968	5.03978e-19
0.444958	5.17348e-19
0.448949	5.30227e-19
0.45294	5.42421e-19
0.45693	5.53761e-19
0.460921	5.65748e-19
0.464912	5.78233e-19
0.468902	5.90276e-19
0.472893	6.02216e-19
0.476884	6.14857e-19
0.480874	6.2887e-19
0.484865	6.43505e-19
0.488856	6.57631e-19
0.492846	6.71503e-19
0.496837	6.86475e-19
0.500828	7.02832e-19
0.504818	7.19426e-19
0.508809	7.35069e-19
0.5128	7.4831e-19
0.51679	7.6008e-19
0.520781	7.72522e-19
0.524772	7.84686e-19
0.528762	7.95763e-19
0.532753	8.04295e-19
0.536744	8.10001e-19
0.540734	8.15747e-19
0.544725	8.21348e-19
0.548716	8.26164e-19
0.552706	8.29136e-19
0.556697	8.29648e-19
0.560688	8.30244e-19
0.564678	8.30533e-19
0.568669	8.29549e-19
0.572659	8.26537e-19
0.57665	8.21088e-19
0.580641	8.1595e-19
0.584632	8.11101e-19
0.588622	8.05035e-19
0.592613	7.97455e-19
0.596603	7.89807e-19
0.600594	7.84589e-19
0.604585	7.80156e-19
0.608575	7.7453e-19
0.612566	7.67462e-19
0.616557	7.60395e-19
0.620547	7.55842e-19
0.624538	7.52554e-19
0.628529	7.48508e-19
0.632519	7.42824e-19
0.63651	7.36225e-19
0.640501	7.30244e-19
0.644491	7.24222e-19
0.648482	7.17261e-19
0.652473	7.08471e-19
0.656463	6.97948e-19
0.660454	6.87457e-19
0.664445	6.77626e-19
0.668435	6.68195e-19
0.672426	6.57011e-19
0.676417	6.42705e-19
0.680407	6.27995e-19
0.684398	6.13791e-19
0.688389	5.99322e-19
0.692379	5.8276e-19
0.69637	5.62738e-19
0.700361	5.4224e-19
0.704351	5.22575e-19
0.708342	5.02407e-19
0.712333	4.80607e-19
0.716323	4.57166e-19
0.720314	4.3383e-19
0.724305	4.11268e-19
0.728295	3.88413e-19
0.732286	3.62197e-19
0.736277	3.35666e-19
0.740267	3.16529e-19
0.744258	3.02512e-19
0.748248	2.88804e-19
0.752239	2.73466e-19
0.75623	2.55569e-19
0.76022	2.37541e-19
0.764211	2.2136e-19
0.768202	2.07528e-19
0.772192	1.931e-19
0.776183	1.7266e-19
0.780174	1.50295e-19
0.784164	1.33764e-19
0.788155	1.19558e-19
0.792146	1.01324e-19
0.796136	7.0546e-20
0.800127	3.03142e-20
0.804118	-2.21013e-21
0.808108	-2.85512e-20
0.812099	-5.73266e-20
0.81609	-1.13865e-19
0.82008	-2.14115e-19
0.824071	-3.21401e-19
0.828062	-4.17096e-19
0.832052	-5.14371e-19
0.836043	-6.13419e-19
0.840034	-7.08237e-19
0.844024	-8.00116e-19
0.848015	-8.92401e-19
0.852006	-9.86154e-19
0.855996	-1.07394e-18
0.859987	-1.14973e-18
0.863978	-1.2221e-18
0.867968	-1.29655e-18
0.871959	-1.36948e-18
0.87595	-1.43572e-18
0.87994	-1.49567e-18
0.883931	-1.53839e-18
0.887922	-1.5827e-18
0.891912	-1.65715e-18
0.895903	-1.72319e-18
0.899894	-1.76951e-18
0.903884	-1.81872e-18
0.907875	-1.87103e-18
0.911865	-1.92847e-18
0.915856	-1.97692e-18
0.919847	-2.00007e-18
0.923837	-2.01153e-18
0.927828	-2.02443e-18
0.931819	-2.08476e-18
0.935809	-1.95386e-18
0.9398	-1.31631e-18
0.943791	-4.42312e-19
0.947781	4.07682e-19
0.951772	1.3598e-18
0.955763	2.30604e-18
0.959753	2.96476e-18
0.963744	3.50921e-18
0.967735	4.20731e-18
0.971725	5.22076e-18
0.975716	5.76769e-18
0.979707	4.68516e-18
0.983223	3.07579e-18
0.98628	1.75152e-18
0.988939	1.02238e-18
0.991251	1.44294e-18
0.993261	1.51717e-18
0.995009	-3.58892e-19
0.996529	-3.88927e-18
0.997851	-1.059e-17
0.999	-3.05331e-17
1	-4.42487e-17
)
