(title "VV Reynolds Stress vs. Y-Coordinate")
(labels "Y-Coordinate" "VV Reynolds Stress")

((xy/key/label "line")
0	0.000887178
0.00199533	0.000887178
0.00598599	0.000887261
0.00997665	0.000887427
0.0139673	0.000887677
0.017958	0.000888011
0.0219486	0.000888428
0.0259393	0.00088893
0.0299299	0.000889516
0.0339206	0.000890186
0.0379113	0.000890941
0.0419019	0.000891781
0.0458926	0.000892706
0.0498832	0.000893715
0.0538739	0.000894809
0.0578646	0.000895989
0.0618552	0.000897253
0.0658459	0.000898602
0.0698365	0.000900037
0.0738272	0.000901557
0.0778178	0.000903162
0.0818085	0.000904853
0.0857992	0.000906629
0.0897898	0.00090849
0.0937805	0.000910437
0.0977711	0.00091247
0.101762	0.000914587
0.105752	0.000916791
0.109743	0.00091908
0.113734	0.000921454
0.117724	0.000923914
0.121715	0.000926459
0.125706	0.00092909
0.129696	0.000931806
0.133687	0.000934607
0.137678	0.000937494
0.141668	0.000940465
0.145659	0.000943521
0.14965	0.000946663
0.15364	0.000949888
0.157631	0.000953199
0.161622	0.000956593
0.165612	0.000960072
0.169603	0.000963635
0.173594	0.000967281
0.177584	0.00097101
0.181575	0.000974822
0.185566	0.000978717
0.189556	0.000982694
0.193547	0.000986753
0.197538	0.000990894
0.201528	0.000995116
0.205519	0.000999419
0.20951	0.0010038
0.2135	0.00100827
0.217491	0.00101281
0.221482	0.00101743
0.225472	0.00102213
0.229463	0.00102691
0.233454	0.00103177
0.237444	0.0010367
0.241435	0.00104171
0.245426	0.0010468
0.249416	0.00105196
0.253407	0.0010572
0.257397	0.00106251
0.261388	0.00106789
0.265379	0.00107335
0.269369	0.00107888
0.27336	0.00108447
0.277351	0.00109014
0.281341	0.00109588
0.285332	0.00110169
0.289323	0.00110757
0.293313	0.00111352
0.297304	0.00111953
0.301295	0.0011256
0.305285	0.00113175
0.309276	0.00113795
0.313267	0.00114422
0.317257	0.00115056
0.321248	0.00115695
0.325239	0.0011634
0.329229	0.00116992
0.33322	0.00117649
0.337211	0.00118312
0.341201	0.00118981
0.345192	0.00119655
0.349183	0.00120335
0.353173	0.0012102
0.357164	0.0012171
0.361155	0.00122406
0.365145	0.00123107
0.369136	0.00123813
0.373127	0.00124523
0.377117	0.00125239
0.381108	0.00125959
0.385099	0.00126684
0.389089	0.00127413
0.39308	0.00128147
0.397071	0.00128885
0.401061	0.00129627
0.405052	0.00130373
0.409043	0.00131123
0.413033	0.00131877
0.417024	0.00132635
0.421014	0.00133397
0.425005	0.00134162
0.428996	0.00134931
0.432986	0.00135703
0.436977	0.00136478
0.440968	0.00137256
0.444958	0.00138038
0.448949	0.00138822
0.45294	0.0013961
0.45693	0.001404
0.460921	0.00141193
0.464912	0.00141988
0.468902	0.00142786
0.472893	0.00143586
0.476884	0.00144388
0.480874	0.00145193
0.484865	0.00146
0.488856	0.00146808
0.492846	0.00147619
0.496837	0.00148431
0.500828	0.00149245
0.504818	0.00150061
0.508809	0.00150878
0.5128	0.00151696
0.51679	0.00152516
0.520781	0.00153337
0.524772	0.00154159
0.528762	0.00154981
0.532753	0.00155805
0.536744	0.0015663
0.540734	0.00157456
0.544725	0.00158282
0.548716	0.00159108
0.552706	0.00159935
0.556697	0.00160763
0.560688	0.0016159
0.564678	0.00162418
0.568669	0.00163246
0.572659	0.00164074
0.57665	0.00164902
0.580641	0.00165729
0.584632	0.00166556
0.588622	0.00167383
0.592613	0.00168209
0.596603	0.00169035
0.600594	0.0016986
0.604585	0.00170685
0.608575	0.00171508
0.612566	0.00172331
0.616557	0.00173152
0.620547	0.00173972
0.624538	0.00174792
0.628529	0.0017561
0.632519	0.00176426
0.63651	0.00177241
0.640501	0.00178054
0.644491	0.00178866
0.648482	0.00179675
0.652473	0.00180483
0.656463	0.00181289
0.660454	0.00182093
0.664445	0.00182894
0.668435	0.00183693
0.672426	0.0018449
0.676417	0.00185284
0.680407	0.00186076
0.684398	0.00186865
0.688389	0.0018765
0.692379	0.00188433
0.69637	0.00189213
0.700361	0.0018999
0.704351	0.00190763
0.708342	0.00191533
0.712333	0.00192299
0.716323	0.00193061
0.720314	0.00193819
0.724305	0.00194573
0.728295	0.00195323
0.732286	0.00196068
0.736277	0.00196809
0.740267	0.00197546
0.744258	0.00198277
0.748248	0.00199003
0.752239	0.00199724
0.75623	0.0020044
0.76022	0.0020115
0.764211	0.00201854
0.768202	0.00202552
0.772192	0.00203243
0.776183	0.00203928
0.780174	0.00204606
0.784164	0.00205277
0.788155	0.0020594
0.792146	0.00206596
0.796136	0.00207243
0.800127	0.00207883
0.804118	0.00208513
0.808108	0.00209135
0.812099	0.00209746
0.81609	0.00210348
0.82008	0.00210939
0.824071	0.00211519
0.828062	0.00212087
0.832052	0.00212643
0.836043	0.00213186
0.840034	0.00213716
0.844024	0.00214231
0.848015	0.00214731
0.852006	0.00215215
0.855996	0.00215681
0.859987	0.0021613
0.863978	0.00216559
0.867968	0.00216968
0.871959	0.00217355
0.87595	0.00217718
0.87994	0.00218056
0.883931	0.00218366
0.887922	0.00218647
0.891912	0.00218897
0.895903	0.00219112
0.899894	0.00219289
0.903884	0.00219426
0.907875	0.00219517
0.911865	0.00219559
0.915856	0.00219547
0.919847	0.00219475
0.923837	0.00219335
0.927828	0.0021912
0.931819	0.00218821
0.935809	0.00218427
0.9398	0.00217924
0.943791	0.00217297
0.947781	0.00216527
0.951772	0.00215592
0.955763	0.00214462
0.959753	0.00213103
0.963744	0.00211469
0.967735	0.00209463
0.971725	0.00206895
0.975716	0.00203474
0.979707	0.00198747
0.983223	0.00192918
0.98628	0.00185894
0.988939	0.00177646
0.991251	0.00167893
0.993261	0.00155834
0.995009	0.00140985
0.996529	0.00126322
0.997851	0.00124683
0.999	0.00154957
1	0.00177821
)
