(title "Wall Yplus vs. Y-Coordinate")
(labels "Y-Coordinate" "Wall Yplus")

((xy/key/label "line")
0	0
0.00199533	0
0.00598599	0
0.00997665	0
0.0139673	0
0.017958	0
0.0219486	0
0.0259393	0
0.0299299	0
0.0339206	0
0.0379113	0
0.0419019	0
0.0458926	0
0.0498832	0
0.0538739	0
0.0578646	0
0.0618552	0
0.0658459	0
0.0698365	0
0.0738272	0
0.0778178	0
0.0818085	0
0.0857992	0
0.0897898	0
0.0937805	0
0.0977711	0
0.101762	0
0.105752	0
0.109743	0
0.113734	0
0.117724	0
0.121715	0
0.125706	0
0.129696	0
0.133687	0
0.137678	0
0.141668	0
0.145659	0
0.14965	0
0.15364	0
0.157631	0
0.161622	0
0.165612	0
0.169603	0
0.173594	0
0.177584	0
0.181575	0
0.185566	0
0.189556	0
0.193547	0
0.197538	0
0.201528	0
0.205519	0
0.20951	0
0.2135	0
0.217491	0
0.221482	0
0.225472	0
0.229463	0
0.233454	0
0.237444	0
0.241435	0
0.245426	0
0.249416	0
0.253407	0
0.257397	0
0.261388	0
0.265379	0
0.269369	0
0.27336	0
0.277351	0
0.281341	0
0.285332	0
0.289323	0
0.293313	0
0.297304	0
0.301295	0
0.305285	0
0.309276	0
0.313267	0
0.317257	0
0.321248	0
0.325239	0
0.329229	0
0.33322	0
0.337211	0
0.341201	0
0.345192	0
0.349183	0
0.353173	0
0.357164	0
0.361155	0
0.365145	0
0.369136	0
0.373127	0
0.377117	0
0.381108	0
0.385099	0
0.389089	0
0.39308	0
0.397071	0
0.401061	0
0.405052	0
0.409043	0
0.413033	0
0.417024	0
0.421014	0
0.425005	0
0.428996	0
0.432986	0
0.436977	0
0.440968	0
0.444958	0
0.448949	0
0.45294	0
0.45693	0
0.460921	0
0.464912	0
0.468902	0
0.472893	0
0.476884	0
0.480874	0
0.484865	0
0.488856	0
0.492846	0
0.496837	0
0.500828	0
0.504818	0
0.508809	0
0.5128	0
0.51679	0
0.520781	0
0.524772	0
0.528762	0
0.532753	0
0.536744	0
0.540734	0
0.544725	0
0.548716	0
0.552706	0
0.556697	0
0.560688	0
0.564678	0
0.568669	0
0.572659	0
0.57665	0
0.580641	0
0.584632	0
0.588622	0
0.592613	0
0.596603	0
0.600594	0
0.604585	0
0.608575	0
0.612566	0
0.616557	0
0.620547	0
0.624538	0
0.628529	0
0.632519	0
0.63651	0
0.640501	0
0.644491	0
0.648482	0
0.652473	0
0.656463	0
0.660454	0
0.664445	0
0.668435	0
0.672426	0
0.676417	0
0.680407	0
0.684398	0
0.688389	0
0.692379	0
0.69637	0
0.700361	0
0.704351	0
0.708342	0
0.712333	0
0.716323	0
0.720314	0
0.724305	0
0.728295	0
0.732286	0
0.736277	0
0.740267	0
0.744258	0
0.748248	0
0.752239	0
0.75623	0
0.76022	0
0.764211	0
0.768202	0
0.772192	0
0.776183	0
0.780174	0
0.784164	0
0.788155	0
0.792146	0
0.796136	0
0.800127	0
0.804118	0
0.808108	0
0.812099	0
0.81609	0
0.82008	0
0.824071	0
0.828062	0
0.832052	0
0.836043	0
0.840034	0
0.844024	0
0.848015	0
0.852006	0
0.855996	0
0.859987	0
0.863978	0
0.867968	0
0.871959	0
0.87595	0
0.87994	0
0.883931	0
0.887922	0
0.891912	0
0.895903	0
0.899894	0
0.903884	0
0.907875	0
0.911865	0
0.915856	0
0.919847	0
0.923837	0
0.927828	0
0.931819	0
0.935809	0
0.9398	0
0.943791	0
0.947781	0
0.951772	0
0.955763	0
0.959753	0
0.963744	0
0.967735	0
0.971725	0
0.975716	0
0.979707	0
0.983223	0
0.98628	0
0.988939	0
0.991251	0
0.993261	0
0.995009	0
0.996529	0
0.997851	0
0.999	0
1	0.503059
)
