nodenumber,    x-coordinate,    y-coordinate,    z-coordinate,  dx-velocity-dx,  dx-velocity-dy,  dy-velocity-dy,  dz-velocity-dz
         1, 0.000000000E+00,-1.000000000E+00, 0.000000000E+00, 0.000000000E+00, 9.241789246E+01,-4.574288948E-09, 0.000000000E+00
         2, 0.000000000E+00,-9.994986653E-01, 0.000000000E+00, 0.000000000E+00, 9.241751099E+01, 3.528037418E-09, 0.000000000E+00
         3, 4.167402100E-19,-9.989221692E-01, 0.000000000E+00, 0.000000000E+00, 9.213285828E+01, 3.476575472E-09, 0.000000000E+00
         4, 1.104530963E-18,-9.982591867E-01, 0.000000000E+00, 0.000000000E+00, 8.978207397E+01,-6.766814664E-09, 0.000000000E+00
         5, 0.000000000E+00,-9.974967241E-01, 0.000000000E+00, 0.000000000E+00, 8.219628906E+01,-7.169317584E-09, 0.000000000E+00
         6, 1.626303259E-18,-9.966199398E-01, 0.000000000E+00, 5.236404333E-17, 6.868928528E+01,-2.200106408E-08, 0.000000000E+00
         7, 0.000000000E+00,-9.956116080E-01, 0.000000000E+00, 1.216695463E-16, 5.315229416E+01,-2.978756086E-08, 0.000000000E+00
         8, 0.000000000E+00,-9.944520593E-01, 3.469446952E-18, 7.066775365E-17, 3.991714478E+01,-2.019249123E-08, 0.000000000E+00
         9, 0.000000000E+00,-9.931185246E-01, 0.000000000E+00, 0.000000000E+00, 3.009310150E+01,-3.473670418E-08, 0.000000000E+00
        10, 0.000000000E+00,-9.915850163E-01, 0.000000000E+00, 0.000000000E+00, 2.292031479E+01,-5.520740132E-08, 0.000000000E+00
        11, 0.000000000E+00,-9.898214340E-01,-3.469446952E-18,-8.743541273E-17, 1.767452812E+01,-4.915160901E-08, 0.000000000E+00
        12, 0.000000000E+00,-9.877933860E-01,-3.469446952E-18, 8.392561922E-17, 1.386842632E+01,-3.193513365E-08, 0.000000000E+00
        13, 0.000000000E+00,-9.854610562E-01, 0.000000000E+00, 6.970746578E-16, 1.106639671E+01,-3.244790037E-08, 0.000000000E+00
        14, 0.000000000E+00,-9.828084111E-01,-6.938893904E-18, 9.513607248E-16, 8.949539185E+00,-8.794550865E-08, 0.000000000E+00
        15, 0.000000000E+00,-9.801557660E-01, 0.000000000E+00, 7.662775143E-16, 7.494561195E+00,-1.752260914E-07, 0.000000000E+00
        16, 0.000000000E+00,-9.775031209E-01, 0.000000000E+00, 5.631316967E-16, 6.446777344E+00,-1.938732055E-07, 0.000000000E+00
        17, 0.000000000E+00,-9.748504162E-01, 0.000000000E+00, 6.968480235E-16, 5.654001236E+00,-1.172086286E-07, 0.000000000E+00
        18, 0.000000000E+00,-9.721977711E-01, 0.000000000E+00, 1.303316573E-15, 5.032272339E+00,-5.684944426E-08, 0.000000000E+00
        19, 0.000000000E+00,-9.695451260E-01, 0.000000000E+00, 1.563752840E-15, 4.532325745E+00,-8.831659670E-08, 0.000000000E+00
        20, 1.301042607E-18,-9.668924809E-01, 0.000000000E+00, 9.750871765E-16, 4.121924400E+00,-1.200257316E-07, 0.000000000E+00
        21, 0.000000000E+00,-9.642398357E-01, 0.000000000E+00, 4.967130375E-16, 3.779179335E+00,-6.144155407E-08, 0.000000000E+00
        22, 0.000000000E+00,-9.615871906E-01, 0.000000000E+00, 5.034004685E-16, 3.488787413E+00, 3.583982000E-09, 0.000000000E+00
        23, 1.084202172E-18,-9.589344859E-01, 0.000000000E+00, 1.251605264E-16, 3.239672661E+00, 1.951548700E-09, 0.000000000E+00
        24, 0.000000000E+00,-9.562818408E-01, 0.000000000E+00,-2.576797045E-16, 3.023651838E+00,-4.271401366E-08, 0.000000000E+00
        25, 0.000000000E+00,-9.536291957E-01, 0.000000000E+00,-1.295366560E-16, 2.834614754E+00,-5.655622815E-08, 0.000000000E+00
        26, 6.505213035E-19,-9.509765506E-01, 0.000000000E+00, 0.000000000E+00, 2.667784214E+00,-3.172908691E-08, 0.000000000E+00
        27, 0.000000000E+00,-9.483239055E-01, 0.000000000E+00, 0.000000000E+00, 2.519509077E+00,-2.160402168E-08, 0.000000000E+00
        28, 0.000000000E+00,-9.456712604E-01, 0.000000000E+00, 2.686539693E-16, 2.386875153E+00, 2.335633909E-10, 0.000000000E+00
        29, 0.000000000E+00,-9.430186152E-01, 0.000000000E+00, 5.393863456E-16, 2.267514706E+00, 5.879970288E-08, 0.000000000E+00
        30,-6.505213035E-19,-9.403659105E-01, 0.000000000E+00, 2.707407408E-16, 2.159528494E+00, 9.759792619E-08, 0.000000000E+00
        31, 0.000000000E+00,-9.377132654E-01, 0.000000000E+00, 4.119284276E-16, 2.061379910E+00, 1.083850165E-07, 0.000000000E+00
        32, 0.000000000E+00,-9.350606203E-01, 0.000000000E+00, 1.103024197E-15, 1.971798658E+00, 1.118385455E-07, 0.000000000E+00
        33, 8.673617380E-19,-9.324079752E-01, 0.000000000E+00, 1.108355846E-15, 1.889678240E+00, 5.631645550E-08, 0.000000000E+00
        34, 0.000000000E+00,-9.297553301E-01, 0.000000000E+00, 5.571845196E-16, 1.814140558E+00, 6.748242853E-09, 0.000000000E+00
        35, 0.000000000E+00,-9.271026850E-01, 0.000000000E+00,-2.822625065E-16, 1.744431257E+00, 2.528758358E-08, 0.000000000E+00
        36, 0.000000000E+00,-9.244500399E-01,-1.040834086E-17,-8.466692525E-16, 1.679912567E+00, 4.782195617E-08, 0.000000000E+00
        37, 0.000000000E+00,-9.217973351E-01, 0.000000000E+00,-4.244992171E-16, 1.619999409E+00, 2.761001916E-08, 0.000000000E+00
        38, 0.000000000E+00,-9.191446900E-01, 0.000000000E+00, 5.718504186E-16, 1.564199328E+00,-1.377817860E-08, 0.000000000E+00
        39, 1.301042607E-18,-9.164920449E-01, 0.000000000E+00, 1.433812798E-15, 1.512114763E+00,-5.049633955E-08, 0.000000000E+00
        40, 8.673617380E-19,-9.138393998E-01, 0.000000000E+00, 1.439288866E-15, 1.463418245E+00,-8.146085406E-08, 0.000000000E+00
        41, 0.000000000E+00,-9.111867547E-01, 0.000000000E+00, 8.672997458E-16, 1.417758703E+00,-7.602791641E-08, 0.000000000E+00
        42, 0.000000000E+00,-9.085341096E-01, 0.000000000E+00, 4.355852108E-16, 1.374867678E+00,-2.930916487E-08, 0.000000000E+00
        43, 0.000000000E+00,-9.058814049E-01, 0.000000000E+00, 5.843146143E-16, 1.334492564E+00, 2.381084485E-08, 0.000000000E+00
        44, 0.000000000E+00,-9.032287598E-01, 0.000000000E+00, 2.918750334E-16, 1.296404481E+00, 7.380717193E-08, 0.000000000E+00
        45, 0.000000000E+00,-9.005761147E-01,-3.469446952E-18,-5.890534989E-16, 1.260452747E+00, 1.086602168E-07, 0.000000000E+00
        46,-4.336808690E-19,-8.979234695E-01, 0.000000000E+00,-4.422256315E-16, 1.226431727E+00, 1.243919030E-07, 0.000000000E+00
        47, 0.000000000E+00,-8.952708244E-01, 0.000000000E+00, 0.000000000E+00, 1.194166422E+00, 1.417947146E-07, 0.000000000E+00
        48, 0.000000000E+00,-8.926181793E-01, 0.000000000E+00, 0.000000000E+00, 1.163568735E+00, 1.620880425E-07, 0.000000000E+00
        49, 0.000000000E+00,-8.899655342E-01, 0.000000000E+00, 0.000000000E+00, 1.134511948E+00, 1.669265828E-07, 0.000000000E+00
        50, 0.000000000E+00,-8.873128295E-01, 0.000000000E+00,-1.500871311E-16, 1.106863737E+00, 1.560907208E-07, 0.000000000E+00
        51, 0.000000000E+00,-8.846601844E-01, 0.000000000E+00,-3.006762087E-16, 1.080518365E+00, 1.350558705E-07, 0.000000000E+00
        52, 0.000000000E+00,-8.820075393E-01, 0.000000000E+00,-1.505870129E-16, 1.055362701E+00, 1.034653963E-07, 0.000000000E+00
        53, 0.000000000E+00,-8.793548942E-01, 0.000000000E+00, 0.000000000E+00, 1.031365514E+00, 7.647680889E-08, 0.000000000E+00
        54, 0.000000000E+00,-8.767022491E-01, 0.000000000E+00, 0.000000000E+00, 1.008439183E+00, 6.878886438E-08, 0.000000000E+00
        55, 4.336808690E-19,-8.740496039E-01, 0.000000000E+00, 0.000000000E+00, 9.864922166E-01, 8.292617792E-08, 0.000000000E+00
        56, 0.000000000E+00,-8.713968992E-01, 0.000000000E+00, 0.000000000E+00, 9.654445052E-01, 1.133759611E-07, 0.000000000E+00
        57, 0.000000000E+00,-8.687442541E-01, 0.000000000E+00, 6.133691149E-16, 9.452781081E-01, 1.432643444E-07, 0.000000000E+00
        58, 0.000000000E+00,-8.660916090E-01, 0.000000000E+00, 1.228457813E-15, 9.259328842E-01, 1.740814355E-07, 0.000000000E+00
        59, 0.000000000E+00,-8.634389639E-01, 0.000000000E+00, 7.692682288E-16, 9.073425531E-01, 2.057864492E-07, 0.000000000E+00
        60, 0.000000000E+00,-8.607863188E-01, 0.000000000E+00, 3.087848551E-16, 8.894720078E-01, 2.183017500E-07, 0.000000000E+00
        61, 0.000000000E+00,-8.581336737E-01, 0.000000000E+00,-1.554069348E-16, 8.723034859E-01, 2.164977104E-07, 0.000000000E+00
        62, 0.000000000E+00,-8.554810286E-01, 0.000000000E+00,-6.207792239E-16, 8.557816744E-01, 2.160978312E-07, 0.000000000E+00
        63, 0.000000000E+00,-8.528283238E-01, 0.000000000E+00,-3.107872145E-16, 8.398246765E-01, 2.258037313E-07, 0.000000000E+00
        64, 0.000000000E+00,-8.501756787E-01, 0.000000000E+00, 0.000000000E+00, 8.244324923E-01, 2.393464911E-07, 0.000000000E+00
        65, 0.000000000E+00,-8.475230336E-01, 0.000000000E+00, 0.000000000E+00, 8.096163273E-01, 2.383894611E-07, 0.000000000E+00
        66, 0.000000000E+00,-8.448703885E-01, 0.000000000E+00, 0.000000000E+00, 7.952742577E-01, 2.219879320E-07, 0.000000000E+00
        67, 0.000000000E+00,-8.422177434E-01, 0.000000000E+00, 3.145160388E-16, 7.814236283E-01, 1.938105640E-07, 0.000000000E+00
        68, 1.734723476E-18,-8.395650983E-01, 0.000000000E+00, 7.873407355E-16, 7.680968046E-01, 1.455243535E-07, 0.000000000E+00
        69, 0.000000000E+00,-8.369123936E-01,-3.469446952E-18, 6.307816242E-16, 7.551416159E-01, 9.438989679E-08, 0.000000000E+00
        70, 0.000000000E+00,-8.342597485E-01, 0.000000000E+00, 3.162560033E-16, 7.425931096E-01, 7.582056583E-08, 0.000000000E+00
        71, 0.000000000E+00,-8.316071033E-01, 0.000000000E+00, 9.514702038E-16, 7.304628491E-01, 6.562844845E-08, 0.000000000E+00
        72, 0.000000000E+00,-8.289544582E-01, 0.000000000E+00, 2.223867215E-15, 7.187012434E-01, 2.989764170E-08, 0.000000000E+00
        73, 0.000000000E+00,-8.263018131E-01, 0.000000000E+00, 2.864312427E-15, 7.073258758E-01, 4.061588399E-09, 0.000000000E+00
        74, 0.000000000E+00,-8.236491680E-01, 0.000000000E+00, 2.550897319E-15, 6.962840557E-01, 9.345304974E-09, 0.000000000E+00
        75, 0.000000000E+00,-8.209965229E-01, 0.000000000E+00, 1.597059023E-15, 6.855556965E-01, 3.278012528E-08, 0.000000000E+00
        76, 8.673617380E-19,-8.183438182E-01, 0.000000000E+00, 8.002555527E-16, 6.751108170E-01, 5.662424485E-08, 0.000000000E+00
        77, 0.000000000E+00,-8.156911731E-01, 0.000000000E+00, 4.810206934E-16, 6.649843454E-01, 6.103827843E-08, 0.000000000E+00
        78, 0.000000000E+00,-8.130385280E-01, 0.000000000E+00, 3.213889171E-16, 6.551712751E-01, 4.544385490E-08, 0.000000000E+00
        79, 0.000000000E+00,-8.103858829E-01, 0.000000000E+00, 8.054166304E-16, 6.456040740E-01, 1.697603125E-08, 0.000000000E+00
        80, 0.000000000E+00,-8.077332377E-01, 0.000000000E+00, 1.290309641E-15, 6.362825632E-01,-9.081370322E-09, 0.000000000E+00
        81, 0.000000000E+00,-8.050805926E-01, 0.000000000E+00, 9.691795452E-16, 6.272395849E-01,-1.334192579E-08, 0.000000000E+00
        82, 0.000000000E+00,-8.024278879E-01, 0.000000000E+00, 3.234441367E-16, 6.184623837E-01,-2.499516594E-09, 0.000000000E+00
        83, 0.000000000E+00,-7.997752428E-01, 0.000000000E+00, 0.000000000E+00, 6.098630428E-01, 1.180414211E-09, 0.000000000E+00
        84, 0.000000000E+00,-7.971225977E-01, 0.000000000E+00, 0.000000000E+00, 6.014719605E-01,-1.237046643E-08, 0.000000000E+00
        85, 0.000000000E+00,-7.944699526E-01, 0.000000000E+00, 0.000000000E+00, 5.933265686E-01,-5.760944788E-08, 0.000000000E+00
        86, 0.000000000E+00,-7.918173075E-01, 0.000000000E+00,-3.262188048E-16, 5.853743553E-01,-1.029802235E-07, 0.000000000E+00
        87, 0.000000000E+00,-7.891646624E-01, 0.000000000E+00,-6.529641465E-16, 5.776327848E-01,-1.235872560E-07, 0.000000000E+00
        88, 0.000000000E+00,-7.865120173E-01, 0.000000000E+00,-3.267481210E-16, 5.700998306E-01,-1.245515620E-07, 0.000000000E+00
        89, 0.000000000E+00,-7.838593125E-01, 0.000000000E+00,-3.277850217E-16, 5.626918077E-01,-9.796610811E-08, 0.000000000E+00
        90, 0.000000000E+00,-7.812066674E-01, 0.000000000E+00,-6.560919745E-16, 5.554614067E-01,-6.429549160E-08, 0.000000000E+00
        91, 0.000000000E+00,-7.785540223E-01, 0.000000000E+00,-4.927051423E-16, 5.484220386E-01,-4.506362572E-08, 0.000000000E+00
        92, 0.000000000E+00,-7.759013772E-01, 0.000000000E+00,-3.290555182E-16, 5.415406227E-01,-4.802804199E-08, 0.000000000E+00
        93, 0.000000000E+00,-7.732487321E-01, 0.000000000E+00,-1.646505127E-16, 5.348347425E-01,-8.014299624E-08, 0.000000000E+00
        94, 0.000000000E+00,-7.705960870E-01,-6.938893904E-18, 0.000000000E+00, 5.282673836E-01,-1.350682339E-07, 0.000000000E+00
        95, 0.000000000E+00,-7.679433823E-01, 0.000000000E+00, 3.307641954E-16, 5.218248367E-01,-1.906199145E-07, 0.000000000E+00
        96, 0.000000000E+00,-7.652907372E-01, 0.000000000E+00, 3.307676629E-16, 5.155423880E-01,-2.244677546E-07, 0.000000000E+00
        97, 0.000000000E+00,-7.626380920E-01, 0.000000000E+00,-3.317046137E-16, 5.093806982E-01,-2.298086486E-07, 0.000000000E+00
        98, 0.000000000E+00,-7.599854469E-01, 0.000000000E+00, 4.637505386E-19, 5.033594370E-01,-2.151749214E-07, 0.000000000E+00
        99, 0.000000000E+00,-7.573328018E-01, 0.000000000E+00, 1.163743013E-15, 4.974786639E-01,-1.814414219E-07, 0.000000000E+00
       100, 0.000000000E+00,-7.546801567E-01, 0.000000000E+00, 1.664269922E-15, 4.916856587E-01,-1.414425697E-07, 0.000000000E+00
       101, 0.000000000E+00,-7.520275116E-01, 0.000000000E+00, 1.499750819E-15, 4.860313535E-01,-1.161548226E-07, 0.000000000E+00
       102, 0.000000000E+00,-7.493748069E-01, 0.000000000E+00, 1.501971739E-15, 4.805016816E-01,-1.032322388E-07, 0.000000000E+00
       103, 0.000000000E+00,-7.467221618E-01, 0.000000000E+00, 1.670941789E-15, 4.750615358E-01,-9.797734890E-08, 0.000000000E+00
       104, 0.000000000E+00,-7.440695167E-01, 0.000000000E+00, 1.170858090E-15, 4.697249532E-01,-1.023390723E-07, 0.000000000E+00
       105, 0.000000000E+00,-7.414168715E-01, 0.000000000E+00, 3.348378945E-16, 4.645112157E-01,-1.057398009E-07, 0.000000000E+00
       106, 0.000000000E+00,-7.387642264E-01, 0.000000000E+00, 0.000000000E+00, 4.594027996E-01,-6.989377255E-08, 0.000000000E+00
       107, 0.000000000E+00,-7.361115813E-01, 0.000000000E+00, 5.041668216E-16, 4.543629587E-01,-1.382851167E-08, 0.000000000E+00
       108, 0.000000000E+00,-7.334588766E-01, 0.000000000E+00, 1.008939907E-15, 4.494301677E-01, 3.662805170E-08, 0.000000000E+00
       109, 0.000000000E+00,-7.308062315E-01, 0.000000000E+00, 5.047887026E-16, 4.446043968E-01, 8.133036999E-08, 0.000000000E+00
       110, 0.000000000E+00,-7.281535864E-01, 0.000000000E+00, 0.000000000E+00, 4.398470819E-01, 9.849412663E-08, 0.000000000E+00
       111, 8.673617380E-19,-7.255009413E-01, 0.000000000E+00, 0.000000000E+00, 4.351775646E-01, 9.572887905E-08, 0.000000000E+00
       112, 0.000000000E+00,-7.228482962E-01, 0.000000000E+00, 0.000000000E+00, 4.306133687E-01, 9.861455652E-08, 0.000000000E+00
       113, 0.000000000E+00,-7.201956511E-01, 0.000000000E+00, 0.000000000E+00, 4.261193871E-01, 1.209856464E-07, 0.000000000E+00
       114, 0.000000000E+00,-7.175430059E-01, 0.000000000E+00, 0.000000000E+00, 4.216940701E-01, 1.472548377E-07, 0.000000000E+00
       115, 0.000000000E+00,-7.148903012E-01, 0.000000000E+00, 0.000000000E+00, 4.173581600E-01, 1.695641458E-07, 0.000000000E+00
       116, 0.000000000E+00,-7.122376561E-01, 0.000000000E+00, 0.000000000E+00, 4.130763710E-01, 1.935568150E-07, 0.000000000E+00
       117, 0.000000000E+00,-7.095850110E-01, 0.000000000E+00, 0.000000000E+00, 4.088632762E-01, 2.232551850E-07, 0.000000000E+00
       118, 0.000000000E+00,-7.069323659E-01, 0.000000000E+00, 0.000000000E+00, 4.047554731E-01, 2.537445880E-07, 0.000000000E+00
       119, 0.000000000E+00,-7.042797208E-01, 0.000000000E+00, 0.000000000E+00, 4.007179439E-01, 2.757268476E-07, 0.000000000E+00
       120, 0.000000000E+00,-7.016270757E-01, 0.000000000E+00, 0.000000000E+00, 3.967140317E-01, 2.878324494E-07, 0.000000000E+00
       121, 0.000000000E+00,-6.989743710E-01, 0.000000000E+00, 0.000000000E+00, 3.927817941E-01, 2.869909963E-07, 0.000000000E+00
       122, 0.000000000E+00,-6.963217258E-01, 0.000000000E+00, 0.000000000E+00, 3.889037967E-01, 2.692757732E-07, 0.000000000E+00
       123, 0.000000000E+00,-6.936690807E-01, 0.000000000E+00, 0.000000000E+00, 3.850944042E-01, 2.331361628E-07, 0.000000000E+00
       124, 0.000000000E+00,-6.910164356E-01, 0.000000000E+00, 0.000000000E+00, 3.813728094E-01, 1.947087753E-07, 0.000000000E+00
       125, 0.000000000E+00,-6.883637905E-01, 0.000000000E+00, 0.000000000E+00, 3.776863515E-01, 1.795628464E-07, 0.000000000E+00
       126, 0.000000000E+00,-6.857111454E-01, 0.000000000E+00, 0.000000000E+00, 3.740525246E-01, 1.838301102E-07, 0.000000000E+00
       127, 0.000000000E+00,-6.830585003E-01, 0.000000000E+00, 0.000000000E+00, 3.704876304E-01, 1.900968698E-07, 0.000000000E+00
       128, 0.000000000E+00,-6.804057956E-01, 0.000000000E+00, 0.000000000E+00, 3.669767380E-01, 1.878844671E-07, 0.000000000E+00
       129, 0.000000000E+00,-6.777531505E-01, 0.000000000E+00, 0.000000000E+00, 3.635023236E-01, 1.653600918E-07, 0.000000000E+00
       130, 0.000000000E+00,-6.751005054E-01, 0.000000000E+00, 0.000000000E+00, 3.600615859E-01, 1.087246204E-07, 0.000000000E+00
       131, 0.000000000E+00,-6.724478602E-01, 0.000000000E+00, 0.000000000E+00, 3.566911221E-01, 4.745060878E-08, 0.000000000E+00
       132, 0.000000000E+00,-6.697952151E-01, 0.000000000E+00, 0.000000000E+00, 3.533908427E-01, 1.749383216E-08, 0.000000000E+00
       133, 0.000000000E+00,-6.671425700E-01, 0.000000000E+00, 0.000000000E+00, 3.501243591E-01, 7.207859642E-09, 0.000000000E+00
       134, 0.000000000E+00,-6.644898653E-01, 0.000000000E+00, 0.000000000E+00, 3.468943834E-01, 4.364502537E-09, 0.000000000E+00
       135, 0.000000000E+00,-6.618372202E-01, 0.000000000E+00, 0.000000000E+00, 3.437182903E-01, 1.025477392E-08, 0.000000000E+00
       136, 0.000000000E+00,-6.591845751E-01, 0.000000000E+00, 1.732715346E-16, 3.405584693E-01, 2.409543143E-08, 0.000000000E+00
       137, 0.000000000E+00,-6.565319300E-01, 0.000000000E+00, 3.467006968E-16, 3.374864161E-01, 3.579820174E-08, 0.000000000E+00
       138, 0.000000000E+00,-6.538792849E-01, 0.000000000E+00, 1.734267666E-16, 3.344494998E-01, 4.519405650E-08, 0.000000000E+00
       139, 0.000000000E+00,-6.512266397E-01, 0.000000000E+00, 0.000000000E+00, 3.313949704E-01, 5.178540263E-08, 0.000000000E+00
       140, 0.000000000E+00,-6.485739946E-01, 0.000000000E+00, 0.000000000E+00, 3.284446001E-01, 4.748193305E-08, 0.000000000E+00
       141, 0.000000000E+00,-6.459212899E-01, 0.000000000E+00, 0.000000000E+00, 3.255305886E-01, 4.021491762E-08, 0.000000000E+00
       142, 0.000000000E+00,-6.432686448E-01, 0.000000000E+00, 1.741820024E-16, 3.226177096E-01, 3.811896931E-08, 0.000000000E+00
       143, 0.000000000E+00,-6.406159997E-01, 0.000000000E+00, 3.485147237E-16, 3.197563291E-01, 3.259303938E-08, 0.000000000E+00
       144, 0.000000000E+00,-6.379633546E-01, 0.000000000E+00, 1.743303126E-16, 3.169300258E-01, 2.117881337E-08, 0.000000000E+00
       145, 0.000000000E+00,-6.353107095E-01, 0.000000000E+00, 1.746231477E-16, 3.141564131E-01, 6.911990091E-09, 0.000000000E+00
       146, 0.000000000E+00,-6.326580644E-01, 0.000000000E+00, 3.493846265E-16, 3.114167154E-01,-1.081864998E-08, 0.000000000E+00
       147, 0.000000000E+00,-6.300053596E-01, 0.000000000E+00, 1.747630141E-16, 3.086606860E-01,-2.330177473E-08, 0.000000000E+00
       148, 0.000000000E+00,-6.273527145E-01, 0.000000000E+00, 0.000000000E+00, 3.060111403E-01,-2.908960184E-08, 0.000000000E+00
       149, 0.000000000E+00,-6.247000694E-01, 0.000000000E+00, 0.000000000E+00, 3.033779263E-01,-3.126941550E-08, 0.000000000E+00
       150, 0.000000000E+00,-6.220474243E-01, 0.000000000E+00, 0.000000000E+00, 3.007622957E-01,-2.666920551E-08, 0.000000000E+00
       151, 0.000000000E+00,-6.193947792E-01, 0.000000000E+00, 0.000000000E+00, 2.981641889E-01,-2.580862102E-08, 0.000000000E+00
       152, 0.000000000E+00,-6.167421341E-01, 0.000000000E+00, 0.000000000E+00, 2.955661416E-01,-4.349993787E-08, 0.000000000E+00
       153, 0.000000000E+00,-6.140894890E-01, 0.000000000E+00, 0.000000000E+00, 2.930723131E-01,-7.480147701E-08, 0.000000000E+00
       154, 0.000000000E+00,-6.114367843E-01, 0.000000000E+00, 0.000000000E+00, 2.905620337E-01,-1.088292763E-07, 0.000000000E+00
       155, 1.734723476E-18,-6.087841392E-01, 0.000000000E+00, 0.000000000E+00, 2.880527973E-01,-1.418949296E-07, 0.000000000E+00
       156, 0.000000000E+00,-6.061314940E-01, 0.000000000E+00, 0.000000000E+00, 2.856127024E-01,-1.659131215E-07, 0.000000000E+00
       157, 0.000000000E+00,-6.034788489E-01, 0.000000000E+00, 0.000000000E+00, 2.832252979E-01,-1.724867360E-07, 0.000000000E+00
       158, 1.734723476E-18,-6.008262038E-01, 0.000000000E+00, 0.000000000E+00, 2.808729410E-01,-1.679779302E-07, 0.000000000E+00
       159, 0.000000000E+00,-5.981735587E-01, 0.000000000E+00, 0.000000000E+00, 2.785196304E-01,-1.723697949E-07, 0.000000000E+00
       160, 0.000000000E+00,-5.955208540E-01, 0.000000000E+00, 0.000000000E+00, 2.761321962E-01,-1.893226340E-07, 0.000000000E+00
       161, 0.000000000E+00,-5.928682089E-01, 0.000000000E+00, 0.000000000E+00, 2.738160491E-01,-1.904908515E-07, 0.000000000E+00
       162, 0.000000000E+00,-5.902155638E-01, 0.000000000E+00, 1.768957504E-16, 2.715690732E-01,-1.686277074E-07, 0.000000000E+00
       163, 0.000000000E+00,-5.875629187E-01, 0.000000000E+00, 3.539179204E-16, 2.692869306E-01,-1.494570654E-07, 0.000000000E+00
       164, 0.000000000E+00,-5.849102736E-01, 0.000000000E+00, 1.770197348E-16, 2.670399845E-01,-1.399785674E-07, 0.000000000E+00
       165, 0.000000000E+00,-5.822576284E-01, 0.000000000E+00, 0.000000000E+00, 2.648631930E-01,-1.251735000E-07, 0.000000000E+00
       166, 1.734723476E-18,-5.796049833E-01, 0.000000000E+00, 0.000000000E+00, 2.626327872E-01,-9.329464490E-08, 0.000000000E+00
       167, 0.000000000E+00,-5.769522786E-01, 0.000000000E+00, 0.000000000E+00, 2.604385018E-01,-5.661029689E-08, 0.000000000E+00
       168, 0.000000000E+00,-5.742996335E-01, 0.000000000E+00, 0.000000000E+00, 2.583329082E-01,-3.314321262E-08, 0.000000000E+00
       169, 0.000000000E+00,-5.716469884E-01, 0.000000000E+00, 0.000000000E+00, 2.561912537E-01,-2.288502188E-08, 0.000000000E+00
       170, 0.000000000E+00,-5.689943433E-01, 0.000000000E+00, 0.000000000E+00, 2.541022599E-01,-2.470603810E-08, 0.000000000E+00
       171, 0.000000000E+00,-5.663416982E-01, 0.000000000E+00, 0.000000000E+00, 2.520132661E-01,-3.609648047E-08, 0.000000000E+00
       172, 0.000000000E+00,-5.636890531E-01, 0.000000000E+00, 0.000000000E+00, 2.499759793E-01,-2.720370240E-08, 0.000000000E+00
       173, 0.000000000E+00,-5.610363483E-01, 0.000000000E+00, 0.000000000E+00, 2.479396760E-01,-9.691092373E-10, 0.000000000E+00
       174, 0.000000000E+00,-5.583837032E-01, 0.000000000E+00, 1.783157746E-16, 2.458340824E-01, 1.986305165E-08, 0.000000000E+00
       175, 0.000000000E+00,-5.557310581E-01, 0.000000000E+00, 3.567487839E-16, 2.438328564E-01, 2.575395897E-08, 0.000000000E+00
       176, 0.000000000E+00,-5.530784130E-01, 0.000000000E+00,-1.786528805E-16, 2.418842912E-01, 1.652997561E-08, 0.000000000E+00
       177, 0.000000000E+00,-5.504257679E-01, 0.000000000E+00,-1.071694672E-15, 2.399357259E-01, 1.085818635E-08, 0.000000000E+00
       178, 0.000000000E+00,-5.477731228E-01, 0.000000000E+00,-1.250891480E-15, 2.379871607E-01, 8.402953888E-09, 0.000000000E+00
       179, 0.000000000E+00,-5.451204777E-01, 0.000000000E+00,-7.151549466E-16, 2.360201925E-01,-3.738884757E-10, 0.000000000E+00
       180, 0.000000000E+00,-5.424677730E-01, 0.000000000E+00,-1.788721694E-16, 2.340892106E-01,-1.574060704E-08, 0.000000000E+00
       181, 0.000000000E+00,-5.398151278E-01, 0.000000000E+00, 0.000000000E+00, 2.322117537E-01,-2.361496065E-08, 0.000000000E+00
       182, 0.000000000E+00,-5.371624827E-01, 0.000000000E+00, 0.000000000E+00, 2.303158343E-01,-2.357140616E-08, 0.000000000E+00
       183, 0.000000000E+00,-5.345098376E-01, 0.000000000E+00, 0.000000000E+00, 2.284901589E-01,-1.791713267E-08, 0.000000000E+00
       184, 0.000000000E+00,-5.318571925E-01, 0.000000000E+00, 0.000000000E+00, 2.266469300E-01,-1.017151696E-08, 0.000000000E+00
       185, 0.000000000E+00,-5.292045474E-01, 0.000000000E+00,-3.590108119E-16, 2.247677445E-01,-1.046711873E-08, 0.000000000E+00
       186, 0.000000000E+00,-5.265518427E-01, 0.000000000E+00,-7.182174472E-16, 2.229420841E-01,-7.792120726E-09, 0.000000000E+00
       187, 0.000000000E+00,-5.238991976E-01, 0.000000000E+00,-3.592178585E-16, 2.211699188E-01, 2.922849962E-09, 0.000000000E+00
       188, 0.000000000E+00,-5.212465525E-01, 0.000000000E+00, 0.000000000E+00, 2.193793654E-01, 1.361864577E-08, 0.000000000E+00
       189, 0.000000000E+00,-5.185939074E-01, 0.000000000E+00, 0.000000000E+00, 2.175712138E-01, 3.255927084E-08, 0.000000000E+00
       190, 0.000000000E+00,-5.159412622E-01, 0.000000000E+00, 0.000000000E+00, 2.158508599E-01, 5.891858379E-08, 0.000000000E+00
       191, 0.000000000E+00,-5.132886171E-01, 0.000000000E+00, 0.000000000E+00, 2.140954137E-01, 7.494393373E-08, 0.000000000E+00
       192, 0.000000000E+00,-5.106359720E-01, 0.000000000E+00, 0.000000000E+00, 2.123567313E-01, 7.917443412E-08, 0.000000000E+00
       193, 0.000000000E+00,-5.079832673E-01, 0.000000000E+00, 0.000000000E+00, 2.106539607E-01, 8.427915787E-08, 0.000000000E+00
       194, 0.000000000E+00,-5.053306222E-01, 0.000000000E+00, 0.000000000E+00, 2.089519501E-01, 9.330777573E-08, 0.000000000E+00
       195, 0.000000000E+00,-5.026779771E-01, 0.000000000E+00, 0.000000000E+00, 2.072667032E-01, 8.589551470E-08, 0.000000000E+00
       196, 0.000000000E+00,-5.000253320E-01, 0.000000000E+00, 0.000000000E+00, 2.055639029E-01, 4.084379057E-08, 0.000000000E+00
       197, 0.000000000E+00,-4.973726869E-01, 0.000000000E+00, 0.000000000E+00, 2.039309442E-01,-2.129119103E-09, 0.000000000E+00
       198, 0.000000000E+00,-4.947200119E-01, 0.000000000E+00, 0.000000000E+00, 2.022808194E-01,-3.206042720E-08, 0.000000000E+00
       199, 0.000000000E+00,-4.920673668E-01, 0.000000000E+00, 0.000000000E+00, 2.006134987E-01,-5.911169154E-08, 0.000000000E+00
       200, 0.000000000E+00,-4.894147217E-01, 0.000000000E+00, 0.000000000E+00, 1.989981234E-01,-6.770822125E-08, 0.000000000E+00
       201, 0.000000000E+00,-4.867620468E-01, 0.000000000E+00, 0.000000000E+00, 1.974006593E-01,-6.102993666E-08, 0.000000000E+00
       202, 0.000000000E+00,-4.841094017E-01, 0.000000000E+00, 0.000000000E+00, 1.957860291E-01,-3.552852235E-08, 0.000000000E+00
       203, 0.000000000E+00,-4.814567566E-01, 0.000000000E+00, 0.000000000E+00, 1.942057312E-01,-8.407753604E-09, 0.000000000E+00
       204, 0.000000000E+00,-4.788040817E-01, 0.000000000E+00, 1.813178844E-16, 1.926433742E-01, 1.106538150E-08, 0.000000000E+00
       205, 0.000000000E+00,-4.761514366E-01, 0.000000000E+00, 1.813180167E-16, 1.910462677E-01, 3.093952472E-08, 0.000000000E+00
       206, 0.000000000E+00,-4.734987915E-01, 0.000000000E+00,-3.629855140E-16, 1.894835681E-01, 4.550940957E-08, 0.000000000E+00
       207, 0.000000000E+00,-4.708461165E-01, 0.000000000E+00,-5.445630934E-16, 1.879738867E-01, 5.055467867E-08, 0.000000000E+00
       208, 0.000000000E+00,-4.681934714E-01, 0.000000000E+00,-1.815799484E-16, 1.864645481E-01, 5.398241854E-08, 0.000000000E+00
       209, 0.000000000E+00,-4.655408263E-01, 0.000000000E+00, 0.000000000E+00, 1.848670691E-01, 5.263840563E-08, 0.000000000E+00
       210, 0.000000000E+00,-4.628881812E-01, 0.000000000E+00, 0.000000000E+00, 1.833219379E-01, 3.690101380E-08, 0.000000000E+00
       211, 0.000000000E+00,-4.602355063E-01, 0.000000000E+00, 0.000000000E+00, 1.819000244E-01, 1.999201338E-08, 0.000000000E+00
       212, 0.000000000E+00,-4.575828612E-01, 0.000000000E+00, 0.000000000E+00, 1.804433465E-01, 1.403656125E-08, 0.000000000E+00
       213, 0.000000000E+00,-4.549302161E-01, 0.000000000E+00,-3.641683690E-16, 1.788981855E-01, 9.528394074E-09, 0.000000000E+00
       214, 0.000000000E+00,-4.522775412E-01, 0.000000000E+00,-7.284957685E-16, 1.774060577E-01, 3.784046854E-09, 0.000000000E+00
       215, 0.000000000E+00,-4.496248960E-01, 0.000000000E+00,-3.643305494E-16, 1.759669185E-01,-2.000943855E-11, 0.000000000E+00
       216, 5.204170428E-18,-4.469722509E-01, 0.000000000E+00, 0.000000000E+00, 1.745271087E-01,-6.563394717E-09, 0.000000000E+00
       217, 0.000000000E+00,-4.443195760E-01, 0.000000000E+00, 0.000000000E+00, 1.731051803E-01,-1.599449817E-08, 0.000000000E+00
       218, 0.000000000E+00,-4.416669309E-01, 0.000000000E+00, 0.000000000E+00, 1.716309488E-01,-2.362266827E-08, 0.000000000E+00
       219, 1.734723476E-18,-4.390142858E-01, 0.000000000E+00, 0.000000000E+00, 1.701914370E-01,-2.200044591E-08, 0.000000000E+00
       220, 0.000000000E+00,-4.363616407E-01, 0.000000000E+00, 0.000000000E+00, 1.687867641E-01,-6.731071256E-09, 0.000000000E+00
       221, 0.000000000E+00,-4.337089658E-01, 0.000000000E+00, 0.000000000E+00, 1.673999727E-01, 8.745356439E-09, 0.000000000E+00
       222, 0.000000000E+00,-4.310563207E-01, 0.000000000E+00, 0.000000000E+00, 1.659959257E-01, 1.494595914E-08, 0.000000000E+00
       223, 1.734723476E-18,-4.284036756E-01, 0.000000000E+00,-1.828691061E-16, 1.645736992E-01, 2.132486898E-08, 0.000000000E+00
       224, 0.000000000E+00,-4.257510006E-01, 0.000000000E+00,-3.658146834E-16, 1.631868780E-01, 2.709749403E-08, 0.000000000E+00
       225, 0.000000000E+00,-4.230983555E-01, 0.000000000E+00,-1.829451273E-16, 1.618179381E-01, 1.771677205E-08, 0.000000000E+00
       226, 0.000000000E+00,-4.204457104E-01, 0.000000000E+00, 0.000000000E+00, 1.605010331E-01,-6.113268114E-09, 0.000000000E+00
       227, 0.000000000E+00,-4.177930355E-01, 0.000000000E+00, 0.000000000E+00, 1.591317952E-01,-4.588647329E-08, 0.000000000E+00
       228, 1.734723476E-18,-4.151403904E-01, 0.000000000E+00, 0.000000000E+00, 1.577628404E-01,-8.690921760E-08, 0.000000000E+00
       229, 0.000000000E+00,-4.124877453E-01, 0.000000000E+00, 0.000000000E+00, 1.564459503E-01,-1.156164018E-07, 0.000000000E+00
       230, 0.000000000E+00,-4.098350704E-01, 0.000000000E+00, 0.000000000E+00, 1.550942510E-01,-1.337315041E-07, 0.000000000E+00
       231, 0.000000000E+00,-4.071824253E-01, 0.000000000E+00, 0.000000000E+00, 1.537604034E-01,-1.314557068E-07, 0.000000000E+00
       232, 0.000000000E+00,-4.045297801E-01, 0.000000000E+00, 0.000000000E+00, 1.524437964E-01,-1.165171568E-07, 0.000000000E+00
       233, 0.000000000E+00,-4.018771350E-01, 0.000000000E+00, 0.000000000E+00, 1.511269212E-01,-9.931883937E-08, 0.000000000E+00
       234, 0.000000000E+00,-3.992244601E-01, 0.000000000E+00, 0.000000000E+00, 1.498630047E-01,-7.860240459E-08, 0.000000000E+00
       235, 0.000000000E+00,-3.965718150E-01, 0.000000000E+00,-1.837308960E-16, 1.485466808E-01,-5.378267787E-08, 0.000000000E+00
       236, 0.000000000E+00,-3.939191699E-01, 0.000000000E+00,-1.837308960E-16, 1.472473741E-01,-3.632302281E-08, 0.000000000E+00
       237, 0.000000000E+00,-3.912664950E-01, 0.000000000E+00, 1.838642110E-16, 1.459658891E-01,-3.326822906E-08, 0.000000000E+00
       238, 0.000000000E+00,-3.886138499E-01, 0.000000000E+00, 1.838653227E-16, 1.447022557E-01,-3.717687846E-08, 0.000000000E+00
       239, 0.000000000E+00,-3.859612048E-01, 0.000000000E+00, 0.000000000E+00, 1.434380412E-01,-2.478240901E-08, 0.000000000E+00
       240, 0.000000000E+00,-3.833085299E-01, 0.000000000E+00, 1.840639784E-16, 1.421565562E-01, 6.211886117E-09, 0.000000000E+00
       241, 0.000000000E+00,-3.806558847E-01, 0.000000000E+00, 3.681917226E-16, 1.408928931E-01, 4.008644794E-08, 0.000000000E+00
       242, 0.000000000E+00,-3.780032396E-01, 0.000000000E+00, 1.841272545E-16, 1.396287084E-01, 4.302600587E-08, 0.000000000E+00
       243, 0.000000000E+00,-3.753505647E-01, 0.000000000E+00, 0.000000000E+00, 1.384349912E-01, 1.903770830E-08, 0.000000000E+00
       244, 0.000000000E+00,-3.726979196E-01, 0.000000000E+00,-1.843188030E-16, 1.372064501E-01, 9.788056587E-09, 0.000000000E+00
       245, 0.000000000E+00,-3.700452745E-01, 0.000000000E+00,-3.687013188E-16, 1.359600723E-01, 2.179909231E-08, 0.000000000E+00
       246, 0.000000000E+00,-3.673926294E-01, 0.000000000E+00,-1.843820128E-16, 1.347309947E-01, 4.584785529E-08, 0.000000000E+00
       247, 0.000000000E+00,-3.647399545E-01, 0.000000000E+00, 0.000000000E+00, 1.335021853E-01, 4.946887344E-08, 0.000000000E+00
       248, 0.000000000E+00,-3.620873094E-01, 0.000000000E+00,-1.845665999E-16, 1.322911680E-01, 3.548036887E-08, 0.000000000E+00
       249, 0.000000000E+00,-3.594346642E-01, 0.000000000E+00,-5.538175636E-16, 1.311147660E-01, 2.610205918E-08, 0.000000000E+00
       250, 0.000000000E+00,-3.567819893E-01, 0.000000000E+00,-5.539392717E-16, 1.298859417E-01, 2.611026595E-08, 0.000000000E+00
       251, 0.000000000E+00,-3.541293442E-01, 0.000000000E+00,-1.846862830E-16, 1.286749244E-01, 3.500220558E-08, 0.000000000E+00
       252, 0.000000000E+00,-3.514766991E-01, 0.000000000E+00,-1.848048411E-16, 1.275336444E-01, 3.182190156E-08, 0.000000000E+00
       253, 0.000000000E+00,-3.488240242E-01, 0.000000000E+00,-3.696658775E-16, 1.263223886E-01, 1.328744492E-08, 0.000000000E+00
       254, 0.000000000E+00,-3.461713791E-01, 0.000000000E+00,-3.697822916E-16, 1.251289099E-01,-6.030659527E-09, 0.000000000E+00
       255, 0.000000000E+00,-3.435187340E-01, 0.000000000E+00,-3.698962176E-16, 1.239876226E-01,-2.554124556E-08, 0.000000000E+00
       256, 0.000000000E+00,-3.408660591E-01, 0.000000000E+00,-1.849760873E-16, 1.228114739E-01,-3.964158424E-08, 0.000000000E+00
       257, 0.000000000E+00,-3.382134140E-01, 0.000000000E+00, 0.000000000E+00, 1.216531098E-01,-4.973285783E-08, 0.000000000E+00
       258, 0.000000000E+00,-3.355607688E-01, 0.000000000E+00, 0.000000000E+00, 1.204944998E-01,-5.914034062E-08, 0.000000000E+00
       259, 0.000000000E+00,-3.329081237E-01, 0.000000000E+00,-1.851990291E-16, 1.193707883E-01,-5.977626216E-08, 0.000000000E+00
       260, 0.000000000E+00,-3.302554488E-01, 0.000000000E+00,-1.852001143E-16, 1.182121933E-01,-4.838605605E-08, 0.000000000E+00
       261, 0.000000000E+00,-3.276028037E-01, 0.000000000E+00, 1.853084419E-16, 1.170186996E-01,-3.445784102E-08, 0.000000000E+00
       262, 0.000000000E+00,-3.249501586E-01, 0.000000000E+00, 1.853085742E-16, 1.159300953E-01,-3.596813514E-08, 0.000000000E+00
       263, 0.000000000E+00,-3.222974837E-01, 0.000000000E+00, 0.000000000E+00, 1.148241609E-01,-4.863868242E-08, 0.000000000E+00
       264, 0.000000000E+00,-3.196448386E-01, 0.000000000E+00, 0.000000000E+00, 1.136482283E-01,-4.994410574E-08, 0.000000000E+00
       265, 0.000000000E+00,-3.169921935E-01, 0.000000000E+00, 0.000000000E+00, 1.125420779E-01,-2.566510204E-08, 0.000000000E+00
       266, 0.000000000E+00,-3.143395185E-01, 0.000000000E+00, 0.000000000E+00, 1.114712507E-01,-4.780550178E-09, 0.000000000E+00
       267, 0.000000000E+00,-3.116868734E-01, 0.000000000E+00, 1.856201103E-16, 1.103479713E-01,-8.711761978E-09, 0.000000000E+00
       268, 0.000000000E+00,-3.090342283E-01, 0.000000000E+00, 3.712904073E-16, 1.092242673E-01,-1.577789632E-08, 0.000000000E+00
       269, 0.000000000E+00,-3.063815534E-01, 0.000000000E+00, 1.856698206E-16, 1.081358865E-01,-6.444717648E-09, 0.000000000E+00
       270, 0.000000000E+00,-3.037289083E-01, 0.000000000E+00, 0.000000000E+00, 1.070301533E-01, 2.758832807E-08, 0.000000000E+00
       271, 0.000000000E+00,-3.010762632E-01, 0.000000000E+00, 0.000000000E+00, 1.059242189E-01, 6.548508935E-08, 0.000000000E+00
       272, 0.000000000E+00,-2.984236181E-01, 0.000000000E+00, 0.000000000E+00, 1.048180833E-01, 8.916415339E-08, 0.000000000E+00
       273, 0.000000000E+00,-2.957709432E-01, 0.000000000E+00, 1.859134484E-16, 1.037648097E-01, 1.041452649E-07, 0.000000000E+00
       274, 0.000000000E+00,-2.931182981E-01, 0.000000000E+00, 3.718761041E-16, 1.026941836E-01, 1.123870561E-07, 0.000000000E+00
       275, 0.000000000E+00,-2.904656529E-01, 0.000000000E+00, 1.859622057E-16, 1.016056091E-01, 1.196886501E-07, 0.000000000E+00
       276, 0.000000000E+00,-2.878129780E-01, 0.000000000E+00, 0.000000000E+00, 1.005698889E-01, 1.169011483E-07, 0.000000000E+00
       277, 0.000000000E+00,-2.851603329E-01, 0.000000000E+00, 1.861004574E-16, 9.946414083E-02, 8.659820594E-08, 0.000000000E+00
       278, 0.000000000E+00,-2.825076878E-01, 0.000000000E+00, 3.722455693E-16, 9.835802019E-02, 4.049421420E-08, 0.000000000E+00
       279, 0.000000000E+00,-2.798550129E-01, 0.000000000E+00, 1.861446090E-16, 9.732230008E-02, 3.459113884E-09, 0.000000000E+00
       280, 0.000000000E+00,-2.772023678E-01, 0.000000000E+00, 0.000000000E+00, 9.632187337E-02,-2.883913375E-08, 0.000000000E+00
       281, 0.000000000E+00,-2.745497227E-01, 0.000000000E+00, 0.000000000E+00, 9.526842088E-02,-4.791910158E-08, 0.000000000E+00
       282, 0.000000000E+00,-2.718970478E-01, 0.000000000E+00, 1.863221550E-16, 9.421513975E-02,-4.385200114E-08, 0.000000000E+00
       283, 0.000000000E+00,-2.692444026E-01, 0.000000000E+00, 3.726869794E-16, 9.316205233E-02,-3.096326040E-08, 0.000000000E+00
       284, 0.000000000E+00,-2.665917575E-01, 0.000000000E+00, 1.863643346E-16, 9.210877866E-02,-1.894450818E-08, 0.000000000E+00
       285, 0.000000000E+00,-2.639391124E-01, 0.000000000E+00,-1.864483232E-16, 9.109044820E-02,-1.945403483E-08, 0.000000000E+00
       286, 0.000000000E+00,-2.612864375E-01,-3.469446952E-18,-5.594289451E-16, 9.005473554E-02,-3.166640639E-08, 0.000000000E+00
       287, 0.000000000E+00,-2.586337924E-01, 0.000000000E+00,-7.460446500E-16, 8.900162578E-02,-4.672964948E-08, 0.000000000E+00
       288, 0.000000000E+00,-2.559811473E-01, 0.000000000E+00,-7.462060627E-16, 8.798329532E-02,-6.466531488E-08, 0.000000000E+00
       289, 0.000000000E+00,-2.533284724E-01, 0.000000000E+00,-3.731455154E-16, 8.700023592E-02,-8.571789323E-08, 0.000000000E+00
       290, 0.000000000E+00,-2.506758273E-01, 0.000000000E+00,-7.833238566E-30, 8.598215878E-02,-9.331833439E-08, 0.000000000E+00
       291, 0.000000000E+00,-2.480231673E-01, 0.000000000E+00,-1.866909850E-16, 8.494643867E-02,-7.274557134E-08, 0.000000000E+00
       292, 0.000000000E+00,-2.453705221E-01, 0.000000000E+00,-1.866914614E-16, 8.394584060E-02,-2.902471685E-08, 0.000000000E+00
       293, 0.000000000E+00,-2.427178621E-01, 0.000000000E+00, 0.000000000E+00, 8.291012049E-02, 1.272652117E-08, 0.000000000E+00
       294, 0.000000000E+00,-2.400652170E-01, 0.000000000E+00, 0.000000000E+00, 8.189195395E-02, 3.577867247E-08, 0.000000000E+00
       295, 0.000000000E+00,-2.374125570E-01, 0.000000000E+00, 0.000000000E+00, 8.094392717E-02, 4.514383889E-08, 0.000000000E+00
       296, 0.000000000E+00,-2.347598970E-01, 0.000000000E+00, 0.000000000E+00, 7.997850329E-02, 4.841131584E-08, 0.000000000E+00
       297, 0.000000000E+00,-2.321072519E-01, 0.000000000E+00, 0.000000000E+00, 7.896034420E-02, 4.813233900E-08, 0.000000000E+00
       298, 0.000000000E+00,-2.294545919E-01, 0.000000000E+00, 1.869512491E-16, 7.790707052E-02, 4.488360617E-08, 0.000000000E+00
       299, 0.000000000E+00,-2.268019468E-01, 0.000000000E+00, 1.869515005E-16, 7.690645754E-02, 3.937793736E-08, 0.000000000E+00
       300, 0.000000000E+00,-2.241492867E-01, 0.000000000E+00,-1.870217248E-16, 7.595843822E-02, 3.417932959E-08, 0.000000000E+00
       301, 0.000000000E+00,-2.214966267E-01, 0.000000000E+00,-1.870210234E-16, 7.501056790E-02, 2.921136577E-08, 0.000000000E+00
       302, 0.000000000E+00,-2.188439816E-01, 0.000000000E+00, 1.870897389E-16, 7.402751595E-02, 2.636823027E-08, 0.000000000E+00
       303, 0.000000000E+00,-2.161913216E-01, 0.000000000E+00, 1.870901757E-16, 7.304438949E-02, 2.671611021E-08, 0.000000000E+00
       304, 0.000000000E+00,-2.135386616E-01, 0.000000000E+00,-1.871573560E-16, 7.206140459E-02, 2.434736501E-08, 0.000000000E+00
       305, 0.000000000E+00,-2.108860165E-01, 0.000000000E+00,-1.871568134E-16, 7.109590620E-02, 2.297968393E-08, 0.000000000E+00
       306, 0.000000000E+00,-2.082333565E-01, 0.000000000E+00, 1.872228025E-16, 7.013040036E-02, 3.019783179E-08, 0.000000000E+00
       307, 0.000000000E+00,-2.055807114E-01, 0.000000000E+00, 3.744758335E-16, 6.912979484E-02, 2.305831615E-08, 0.000000000E+00
       308, 0.000000000E+00,-2.029280514E-01, 0.000000000E+00, 1.872536134E-16, 6.823445112E-02, 1.564524954E-09, 0.000000000E+00
       309, 0.000000000E+00,-2.002753913E-01, 0.000000000E+00, 0.000000000E+00, 6.728656590E-02,-5.257946523E-09, 0.000000000E+00
       310, 0.000000000E+00,-1.976227462E-01, 0.000000000E+00, 0.000000000E+00, 6.623330712E-02, 4.727691127E-09, 0.000000000E+00
       311, 0.000000000E+00,-1.949700862E-01, 0.000000000E+00, 0.000000000E+00, 6.532046199E-02, 1.619238432E-08, 0.000000000E+00
       312, 0.000000000E+00,-1.923174411E-01, 0.000000000E+00,-1.874061455E-16, 6.440762430E-02, 7.202312524E-09, 0.000000000E+00
       313, 0.000000000E+00,-1.896647811E-01,-3.469446952E-18,-3.748415665E-16, 6.340695918E-02,-2.094940221E-08, 0.000000000E+00
       314, 0.000000000E+00,-1.870121211E-01, 0.000000000E+00,-1.874349181E-16, 6.249417737E-02,-4.625393757E-08, 0.000000000E+00
       315, 0.000000000E+00,-1.843594760E-01, 0.000000000E+00, 1.874920796E-16, 6.158134341E-02,-6.376647832E-08, 0.000000000E+00
       316, 0.000000000E+00,-1.817068160E-01, 0.000000000E+00, 1.874925958E-16, 6.061578542E-02,-7.532604940E-08, 0.000000000E+00
       317, 0.000000000E+00,-1.790541559E-01, 0.000000000E+00,-1.875482352E-16, 5.963278562E-02,-8.719951694E-08, 0.000000000E+00
       318, 0.000000000E+00,-1.764015108E-01, 0.000000000E+00,-1.875477985E-16, 5.871994793E-02,-1.032773298E-07, 0.000000000E+00
       319, 0.000000000E+00,-1.737488508E-01, 0.000000000E+00, 0.000000000E+00, 5.780711770E-02,-1.100366305E-07, 0.000000000E+00
       320, 0.000000000E+00,-1.710962057E-01, 0.000000000E+00, 0.000000000E+00, 5.684161186E-02,-1.088150299E-07, 0.000000000E+00
       321, 0.000000000E+00,-1.684435457E-01, 0.000000000E+00, 0.000000000E+00, 5.596383661E-02,-1.149973201E-07, 0.000000000E+00
       322, 0.000000000E+00,-1.657908857E-01, 0.000000000E+00, 1.876792606E-16, 5.505105108E-02,-1.322321737E-07, 0.000000000E+00
       323, 0.000000000E+00,-1.631382406E-01, 0.000000000E+00, 3.753825559E-16, 5.406799912E-02,-1.457272845E-07, 0.000000000E+00
       324, 0.000000000E+00,-1.604855806E-01, 0.000000000E+00, 1.877038511E-16, 5.313760787E-02,-1.450773794E-07, 0.000000000E+00
       325, 0.000000000E+00,-1.578329355E-01, 0.000000000E+00, 0.000000000E+00, 5.224232376E-02,-1.289135980E-07, 0.000000000E+00
       326, 0.000000000E+00,-1.551802754E-01, 0.000000000E+00, 0.000000000E+00, 5.132943764E-02,-1.063814139E-07, 0.000000000E+00
       327, 0.000000000E+00,-1.525276154E-01, 0.000000000E+00, 0.000000000E+00, 5.039909855E-02,-8.992649470E-08, 0.000000000E+00
       328, 0.000000000E+00,-1.498749703E-01, 0.000000000E+00, 0.000000000E+00, 4.950381815E-02,-7.658951517E-08, 0.000000000E+00
       329, 0.000000000E+00,-1.472223103E-01, 0.000000000E+00, 0.000000000E+00, 4.862604290E-02,-6.844668121E-08, 0.000000000E+00
       330, 0.000000000E+00,-1.445696503E-01, 0.000000000E+00, 0.000000000E+00, 4.764303192E-02,-6.655092477E-08, 0.000000000E+00
       331, 0.000000000E+00,-1.419170052E-01, 0.000000000E+00, 0.000000000E+00, 4.673019797E-02,-6.711567835E-08, 0.000000000E+00
       332, 0.000000000E+00,-1.392643452E-01, 0.000000000E+00, 0.000000000E+00, 4.590512812E-02,-6.374621364E-08, 0.000000000E+00
       333, 0.000000000E+00,-1.366117001E-01, 0.000000000E+00, 0.000000000E+00, 4.493963346E-02,-5.354652899E-08, 0.000000000E+00
       334, 0.000000000E+00,-1.339590400E-01, 0.000000000E+00, 0.000000000E+00, 4.402675480E-02,-4.659019481E-08, 0.000000000E+00
       335, 0.000000000E+00,-1.313063800E-01, 0.000000000E+00, 0.000000000E+00, 4.321929067E-02,-4.339251447E-08, 0.000000000E+00
       336, 0.000000000E+00,-1.286537349E-01, 0.000000000E+00, 0.000000000E+00, 4.227134585E-02,-4.326436809E-08, 0.000000000E+00
       337, 0.000000000E+00,-1.260010749E-01, 0.000000000E+00, 0.000000000E+00, 4.130582511E-02,-4.721523084E-08, 0.000000000E+00
       338, 0.000000000E+00,-1.233484223E-01, 0.000000000E+00, 0.000000000E+00, 4.044567049E-02,-4.890903682E-08, 0.000000000E+00
       339, 0.000000000E+00,-1.206957698E-01, 0.000000000E+00, 0.000000000E+00, 3.955038637E-02,-4.842815216E-08, 0.000000000E+00
       340, 0.000000000E+00,-1.180431172E-01, 0.000000000E+00, 0.000000000E+00, 3.867264092E-02,-4.831097300E-08, 0.000000000E+00
       341, 0.000000000E+00,-1.153904572E-01, 0.000000000E+00, 0.000000000E+00, 3.779491782E-02,-4.460303415E-08, 0.000000000E+00
       342, 0.000000000E+00,-1.127378047E-01, 0.000000000E+00,-1.880972979E-16, 3.688209504E-02,-3.719495112E-08, 0.000000000E+00
       343, 0.000000000E+00,-1.100851521E-01, 0.000000000E+00,-3.762105306E-16, 3.602192178E-02,-3.408689153E-08, 0.000000000E+00
       344, 0.000000000E+00,-1.074324995E-01, 0.000000000E+00, 1.567010952E-20, 3.514419869E-02,-3.278905325E-08, 0.000000000E+00
       345, 0.000000000E+00,-1.047798470E-01, 0.000000000E+00, 3.762750374E-16, 3.423134610E-02,-2.670340571E-08, 0.000000000E+00
       346, 0.000000000E+00,-1.021271870E-01, 0.000000000E+00, 1.881450626E-16, 3.331850842E-02,-2.613766981E-08, 0.000000000E+00
       347, 0.000000000E+00,-9.947453439E-02, 0.000000000E+00, 0.000000000E+00, 3.244079649E-02,-4.169503143E-08, 0.000000000E+00
       348, 0.000000000E+00,-9.682188183E-02, 0.000000000E+00, 1.881899289E-16, 3.158062324E-02,-6.177217671E-08, 0.000000000E+00
       349, 0.000000000E+00,-9.416922927E-02, 0.000000000E+00, 3.763944955E-16, 3.073799238E-02,-6.590153134E-08, 0.000000000E+00
       350, 0.000000000E+00,-9.151656926E-02, 0.000000000E+00, 1.882040902E-16, 2.980760112E-02,-4.403161924E-08, 0.000000000E+00
       351, 0.000000000E+00,-8.886391670E-02, 0.000000000E+00, 0.000000000E+00, 2.891233191E-02,-1.880455613E-08, 0.000000000E+00
       352, 0.000000000E+00,-8.621126413E-02, 0.000000000E+00, 0.000000000E+00, 2.808727138E-02,-1.989016241E-08, 0.000000000E+00
       353, 0.000000000E+00,-8.355861157E-02, 0.000000000E+00,-1.882565004E-16, 2.720953152E-02,-4.956567068E-08, 0.000000000E+00
       354, 0.000000000E+00,-8.090595156E-02, 0.000000000E+00,-3.765256798E-16, 2.634935826E-02,-9.240769572E-08, 0.000000000E+00
       355, 0.000000000E+00,-7.825329900E-02, 0.000000000E+00,-1.882687162E-16, 2.547164261E-02,-1.334717297E-07, 0.000000000E+00
       356, 0.000000000E+00,-7.560064644E-02, 0.000000000E+00,-1.882920096E-16, 2.457636222E-02,-1.696822949E-07, 0.000000000E+00
       357, 0.000000000E+00,-7.294799387E-02, 0.000000000E+00,-3.765949247E-16, 2.364597097E-02,-1.958047164E-07, 0.000000000E+00
       358, 0.000000000E+00,-7.029534131E-02, 0.000000000E+00,-1.883029548E-16, 2.280334383E-02,-2.011222335E-07, 0.000000000E+00
       359, 0.000000000E+00,-6.764268130E-02, 0.000000000E+00, 0.000000000E+00, 2.197827771E-02,-1.792684685E-07, 0.000000000E+00
       360, 0.000000000E+00,-6.499002874E-02, 0.000000000E+00, 0.000000000E+00, 2.110056207E-02,-1.394356559E-07, 0.000000000E+00
       361, 0.000000000E+00,-6.233737618E-02, 0.000000000E+00, 0.000000000E+00, 2.022282965E-02,-9.972951887E-08, 0.000000000E+00
       362, 0.000000000E+00,-5.968471989E-02, 0.000000000E+00, 0.000000000E+00, 1.934510469E-02,-6.367127980E-08, 0.000000000E+00
       363, 0.000000000E+00,-5.703206733E-02, 0.000000000E+00, 0.000000000E+00, 1.850248501E-02,-2.646097919E-08, 0.000000000E+00
       364, 0.000000000E+00,-5.437941104E-02, 0.000000000E+00, 0.000000000E+00, 1.764231175E-02, 4.064406589E-10, 0.000000000E+00
       365, 0.000000000E+00,-5.172675848E-02, 0.000000000E+00, 0.000000000E+00, 1.678213850E-02, 1.791059034E-08, 0.000000000E+00
       366, 0.000000000E+00,-4.907410219E-02, 0.000000000E+00,-1.883831450E-16, 1.590441167E-02, 2.383570319E-08, 0.000000000E+00
       367, 0.000000000E+00,-4.642144963E-02, 0.000000000E+00,-5.651631464E-16, 1.502668951E-02, 7.180815498E-09, 0.000000000E+00
       368, 0.000000000E+00,-4.376879707E-02, 0.000000000E+00,-3.767800808E-16, 1.418406889E-02,-2.412792099E-08, 0.000000000E+00
       369, 0.000000000E+00,-4.111614078E-02, 0.000000000E+00,-7.889006275E-30, 1.330634020E-02,-5.157144756E-08, 0.000000000E+00
       370, 0.000000000E+00,-3.846348822E-02, 0.000000000E+00,-1.222217532E-28, 1.244616881E-02,-3.820591488E-08, 0.000000000E+00
       371, 0.000000000E+00,-3.581083193E-02, 0.000000000E+00, 1.884136514E-16, 1.162110548E-02,-7.786641554E-09, 0.000000000E+00
       372, 0.000000000E+00,-3.315817937E-02, 0.000000000E+00, 1.884138367E-16, 1.074337773E-02,-7.127804458E-10, 0.000000000E+00
       373, 0.000000000E+00,-3.050552309E-02, 0.000000000E+00, 0.000000000E+00, 9.865651838E-03, 1.137688721E-09, 0.000000000E+00
       374, 0.000000000E+00,-2.785287052E-02, 0.000000000E+00, 0.000000000E+00, 8.987925947E-03, 1.241894854E-08, 0.000000000E+00
       375, 0.000000000E+00,-2.520021610E-02, 0.000000000E+00, 0.000000000E+00, 8.127751760E-03, 2.674294031E-08, 0.000000000E+00
       376, 0.000000000E+00,-2.254756168E-02, 0.000000000E+00, 0.000000000E+00, 7.302688900E-03, 2.740445382E-08, 0.000000000E+00
       377, 0.000000000E+00,-1.989490725E-02, 0.000000000E+00, 3.768745514E-16, 6.442516111E-03, 1.846256481E-08, 0.000000000E+00
       378, 0.000000000E+00,-1.724225283E-02, 0.000000000E+00, 7.537547145E-16, 5.564789288E-03, 2.163919000E-08, 0.000000000E+00
       379, 0.000000000E+00,-1.458959840E-02, 0.000000000E+00, 3.768800572E-16, 4.722171463E-03, 4.211391413E-08, 0.000000000E+00
       380, 0.000000000E+00,-1.193694398E-02, 0.000000000E+00, 0.000000000E+00, 3.861998674E-03, 6.009006626E-08, 0.000000000E+00
       381, 0.000000000E+00,-9.284289554E-03, 0.000000000E+00, 0.000000000E+00, 2.984271850E-03, 6.163913469E-08, 0.000000000E+00
       382, 0.000000000E+00,-6.631635595E-03, 0.000000000E+00, 0.000000000E+00, 2.159208525E-03, 5.609523868E-08, 0.000000000E+00
       383, 0.000000000E+00,-3.978981171E-03, 0.000000000E+00, 0.000000000E+00, 1.263926970E-03, 5.621311772E-08, 0.000000000E+00
       384, 0.000000000E+00,-1.326327096E-03, 0.000000000E+00, 0.000000000E+00, 3.861998848E-04, 5.792883684E-08, 0.000000000E+00
       385, 0.000000000E+00,-8.744879820E-12, 0.000000000E+00, 0.000000000E+00, 0.000000000E+00, 5.637973288E-08, 0.000000000E+00
