nodenumber,    x-coordinate,    y-coordinate,    z-coordinate,  dy-velocity-dx
         1, 0.000000000E+00,-1.000000000E+00, 0.000000000E+00, 0.000000000E+00
         2, 0.000000000E+00,-9.994986653E-01, 0.000000000E+00, 0.000000000E+00
         3, 4.167402100E-19,-9.989221692E-01, 0.000000000E+00, 0.000000000E+00
         4, 1.104530963E-18,-9.982591867E-01, 0.000000000E+00, 0.000000000E+00
         5, 0.000000000E+00,-9.974967241E-01, 0.000000000E+00, 0.000000000E+00
         6, 1.626303259E-18,-9.966199398E-01, 0.000000000E+00,-4.964364077E-27
         7, 0.000000000E+00,-9.956116080E-01, 0.000000000E+00,-1.638111270E-26
         8, 0.000000000E+00,-9.944520593E-01, 3.469446952E-18,-1.227278057E-26
         9, 0.000000000E+00,-9.931185246E-01, 0.000000000E+00, 0.000000000E+00
        10, 0.000000000E+00,-9.915850163E-01, 0.000000000E+00, 0.000000000E+00
        11, 0.000000000E+00,-9.898214340E-01,-3.469446952E-18, 5.252621093E-26
        12, 0.000000000E+00,-9.877933860E-01,-3.469446952E-18,-6.631154909E-26
        13, 0.000000000E+00,-9.854610562E-01, 0.000000000E+00,-5.280897196E-25
        14, 0.000000000E+00,-9.828084111E-01,-6.938893904E-18,-8.809590354E-25
        15, 0.000000000E+00,-9.801557660E-01, 0.000000000E+00,-1.087100814E-24
        16, 0.000000000E+00,-9.775031209E-01, 0.000000000E+00,-1.200745596E-24
        17, 0.000000000E+00,-9.748504162E-01, 0.000000000E+00,-1.988627229E-24
        18, 0.000000000E+00,-9.721977711E-01, 0.000000000E+00,-3.985043275E-24
        19, 0.000000000E+00,-9.695451260E-01, 0.000000000E+00,-5.047857824E-24
        20, 1.301042607E-18,-9.668924809E-01, 0.000000000E+00,-3.404487009E-24
        21, 0.000000000E+00,-9.642398357E-01, 0.000000000E+00,-1.937468021E-24
        22, 0.000000000E+00,-9.615871906E-01, 0.000000000E+00,-1.988935279E-24
        23, 1.084202172E-18,-9.589344859E-01, 0.000000000E+00,-4.988938296E-25
        24, 0.000000000E+00,-9.562818408E-01, 0.000000000E+00, 1.005740659E-24
        25, 0.000000000E+00,-9.536291957E-01, 0.000000000E+00, 5.149480365E-25
        26, 6.505213035E-19,-9.509765506E-01, 0.000000000E+00, 0.000000000E+00
        27, 0.000000000E+00,-9.483239055E-01, 0.000000000E+00, 0.000000000E+00
        28, 0.000000000E+00,-9.456712604E-01, 0.000000000E+00,-1.137535453E-24
        29, 0.000000000E+00,-9.430186152E-01, 0.000000000E+00,-2.201890844E-24
        30,-6.505213035E-19,-9.403659105E-01, 0.000000000E+00,-1.064389115E-24
        31, 0.000000000E+00,-9.377132654E-01, 0.000000000E+00,-1.329468960E-24
        32, 0.000000000E+00,-9.350606203E-01, 0.000000000E+00,-3.289203665E-24
        33, 8.673617380E-19,-9.324079752E-01, 0.000000000E+00,-3.044765253E-24
        34, 0.000000000E+00,-9.297553301E-01, 0.000000000E+00,-1.448388361E-24
        35, 0.000000000E+00,-9.271026850E-01, 0.000000000E+00, 6.892475930E-25
        36, 0.000000000E+00,-9.244500399E-01,-1.040834086E-17, 2.036242478E-24
        37, 0.000000000E+00,-9.217973351E-01, 0.000000000E+00, 9.836822345E-25
        38, 0.000000000E+00,-9.191446900E-01, 0.000000000E+00,-1.290958151E-24
        39, 1.301042607E-18,-9.164920449E-01, 0.000000000E+00,-3.353030006E-24
        40, 8.673617380E-19,-9.138393998E-01, 0.000000000E+00,-3.591051429E-24
        41, 0.000000000E+00,-9.111867547E-01, 0.000000000E+00,-2.366493377E-24
        42, 0.000000000E+00,-9.085341096E-01, 0.000000000E+00,-1.269715507E-24
        43, 0.000000000E+00,-9.058814049E-01, 0.000000000E+00,-1.693689294E-24
        44, 0.000000000E+00,-9.032287598E-01, 0.000000000E+00,-8.756894446E-25
        45, 0.000000000E+00,-9.005761147E-01,-3.469446952E-18, 1.392177387E-24
        46,-4.336808690E-19,-8.979234695E-01, 0.000000000E+00, 1.006375298E-24
        47, 0.000000000E+00,-8.952708244E-01, 0.000000000E+00, 0.000000000E+00
        48, 0.000000000E+00,-8.926181793E-01, 0.000000000E+00, 0.000000000E+00
        49, 0.000000000E+00,-8.899655342E-01, 0.000000000E+00, 0.000000000E+00
        50, 0.000000000E+00,-8.873128295E-01, 0.000000000E+00,-9.364744991E-27
        51, 0.000000000E+00,-8.846601844E-01, 0.000000000E+00,-8.154140866E-26
        52, 0.000000000E+00,-8.820075393E-01, 0.000000000E+00,-7.217722295E-26
        53, 0.000000000E+00,-8.793548942E-01, 0.000000000E+00, 0.000000000E+00
        54, 0.000000000E+00,-8.767022491E-01, 0.000000000E+00, 0.000000000E+00
        55, 4.336808690E-19,-8.740496039E-01, 0.000000000E+00, 0.000000000E+00
        56, 0.000000000E+00,-8.713968992E-01, 0.000000000E+00, 0.000000000E+00
        57, 0.000000000E+00,-8.687442541E-01, 0.000000000E+00, 1.371349092E-24
        58, 0.000000000E+00,-8.660916090E-01, 0.000000000E+00, 3.056094478E-24
        59, 0.000000000E+00,-8.634389639E-01, 0.000000000E+00, 2.202809078E-24
        60, 0.000000000E+00,-8.607863188E-01, 0.000000000E+00, 1.135902906E-24
        61, 0.000000000E+00,-8.581336737E-01, 0.000000000E+00,-8.174486328E-25
        62, 0.000000000E+00,-8.554810286E-01, 0.000000000E+00,-3.068837540E-24
        63, 0.000000000E+00,-8.528283238E-01, 0.000000000E+00,-1.633624636E-24
        64, 0.000000000E+00,-8.501756787E-01, 0.000000000E+00, 0.000000000E+00
        65, 0.000000000E+00,-8.475230336E-01, 0.000000000E+00, 0.000000000E+00
        66, 0.000000000E+00,-8.448703885E-01, 0.000000000E+00, 0.000000000E+00
        67, 0.000000000E+00,-8.422177434E-01, 0.000000000E+00, 2.662938431E-24
        68, 1.734723476E-18,-8.395650983E-01, 0.000000000E+00, 6.865171679E-24
        69, 0.000000000E+00,-8.369123936E-01,-3.469446952E-18, 5.643691171E-24
        70, 0.000000000E+00,-8.342597485E-01, 0.000000000E+00, 2.916721492E-24
        71, 0.000000000E+00,-8.316071033E-01, 0.000000000E+00, 9.017213417E-24
        72, 0.000000000E+00,-8.289544582E-01, 0.000000000E+00, 2.123921528E-23
        73, 0.000000000E+00,-8.263018131E-01, 0.000000000E+00, 2.740179667E-23
        74, 0.000000000E+00,-8.236491680E-01, 0.000000000E+00, 2.439062940E-23
        75, 0.000000000E+00,-8.209965229E-01, 0.000000000E+00, 1.531251592E-23
        76, 8.673617380E-19,-8.183438182E-01, 0.000000000E+00, 7.763326896E-24
        77, 0.000000000E+00,-8.156911731E-01, 0.000000000E+00, 4.733438377E-24
        78, 0.000000000E+00,-8.130385280E-01, 0.000000000E+00, 3.214106079E-24
        79, 0.000000000E+00,-8.103858829E-01, 0.000000000E+00, 8.123226541E-24
        80, 0.000000000E+00,-8.077332377E-01, 0.000000000E+00, 1.298803629E-23
        81, 0.000000000E+00,-8.050805926E-01, 0.000000000E+00, 9.710863544E-24
        82, 0.000000000E+00,-8.024278879E-01, 0.000000000E+00, 3.228511468E-24
        83, 0.000000000E+00,-7.997752428E-01, 0.000000000E+00, 0.000000000E+00
        84, 0.000000000E+00,-7.971225977E-01, 0.000000000E+00, 0.000000000E+00
        85, 0.000000000E+00,-7.944699526E-01, 0.000000000E+00, 0.000000000E+00
        86, 0.000000000E+00,-7.918173075E-01, 0.000000000E+00,-3.070421573E-24
        87, 0.000000000E+00,-7.891646624E-01, 0.000000000E+00,-6.026171564E-24
        88, 0.000000000E+00,-7.865120173E-01, 0.000000000E+00,-2.955777798E-24
        89, 0.000000000E+00,-7.838593125E-01, 0.000000000E+00,-2.749123654E-24
        90, 0.000000000E+00,-7.812066674E-01, 0.000000000E+00,-5.440772086E-24
        91, 0.000000000E+00,-7.785540223E-01, 0.000000000E+00,-4.016350404E-24
        92, 0.000000000E+00,-7.759013772E-01, 0.000000000E+00,-2.628163667E-24
        93, 0.000000000E+00,-7.732487321E-01, 0.000000000E+00,-1.303404700E-24
        94, 0.000000000E+00,-7.705960870E-01,-6.938893904E-18, 0.000000000E+00
        95, 0.000000000E+00,-7.679433823E-01, 0.000000000E+00, 2.233822947E-24
        96, 0.000000000E+00,-7.652907372E-01, 0.000000000E+00, 2.233846416E-24
        97, 0.000000000E+00,-7.626380920E-01, 0.000000000E+00,-1.815655078E-24
        98, 0.000000000E+00,-7.599854469E-01, 0.000000000E+00,-2.004161280E-25
        99, 0.000000000E+00,-7.573328018E-01, 0.000000000E+00, 5.235233588E-24
       100, 0.000000000E+00,-7.546801567E-01, 0.000000000E+00, 6.918570463E-24
       101, 0.000000000E+00,-7.520275116E-01, 0.000000000E+00, 5.724354959E-24
       102, 0.000000000E+00,-7.493748069E-01, 0.000000000E+00, 5.217203383E-24
       103, 0.000000000E+00,-7.467221618E-01, 0.000000000E+00, 5.362235855E-24
       104, 0.000000000E+00,-7.440695167E-01, 0.000000000E+00, 3.504980788E-24
       105, 0.000000000E+00,-7.414168715E-01, 0.000000000E+00, 9.341979760E-25
       106, 0.000000000E+00,-7.387642264E-01, 0.000000000E+00, 0.000000000E+00
       107, 0.000000000E+00,-7.361115813E-01, 0.000000000E+00, 1.133919019E-24
       108, 0.000000000E+00,-7.334588766E-01, 0.000000000E+00, 2.322817107E-24
       109, 0.000000000E+00,-7.308062315E-01, 0.000000000E+00, 1.188933883E-24
       110, 0.000000000E+00,-7.281535864E-01, 0.000000000E+00, 0.000000000E+00
       111, 8.673617380E-19,-7.255009413E-01, 0.000000000E+00, 0.000000000E+00
       112, 0.000000000E+00,-7.228482962E-01, 0.000000000E+00, 0.000000000E+00
       113, 0.000000000E+00,-7.201956511E-01, 0.000000000E+00, 0.000000000E+00
       114, 0.000000000E+00,-7.175430059E-01, 0.000000000E+00, 0.000000000E+00
       115, 0.000000000E+00,-7.148903012E-01, 0.000000000E+00, 0.000000000E+00
       116, 0.000000000E+00,-7.122376561E-01, 0.000000000E+00, 0.000000000E+00
       117, 0.000000000E+00,-7.095850110E-01, 0.000000000E+00, 0.000000000E+00
       118, 0.000000000E+00,-7.069323659E-01, 0.000000000E+00, 0.000000000E+00
       119, 0.000000000E+00,-7.042797208E-01, 0.000000000E+00, 0.000000000E+00
       120, 0.000000000E+00,-7.016270757E-01, 0.000000000E+00, 0.000000000E+00
       121, 0.000000000E+00,-6.989743710E-01, 0.000000000E+00, 0.000000000E+00
       122, 0.000000000E+00,-6.963217258E-01, 0.000000000E+00, 0.000000000E+00
       123, 0.000000000E+00,-6.936690807E-01, 0.000000000E+00, 0.000000000E+00
       124, 0.000000000E+00,-6.910164356E-01, 0.000000000E+00, 0.000000000E+00
       125, 0.000000000E+00,-6.883637905E-01, 0.000000000E+00, 0.000000000E+00
       126, 0.000000000E+00,-6.857111454E-01, 0.000000000E+00, 0.000000000E+00
       127, 0.000000000E+00,-6.830585003E-01, 0.000000000E+00, 0.000000000E+00
       128, 0.000000000E+00,-6.804057956E-01, 0.000000000E+00, 0.000000000E+00
       129, 0.000000000E+00,-6.777531505E-01, 0.000000000E+00, 0.000000000E+00
       130, 0.000000000E+00,-6.751005054E-01, 0.000000000E+00, 0.000000000E+00
       131, 0.000000000E+00,-6.724478602E-01, 0.000000000E+00, 0.000000000E+00
       132, 0.000000000E+00,-6.697952151E-01, 0.000000000E+00, 0.000000000E+00
       133, 0.000000000E+00,-6.671425700E-01, 0.000000000E+00, 0.000000000E+00
       134, 0.000000000E+00,-6.644898653E-01, 0.000000000E+00, 0.000000000E+00
       135, 0.000000000E+00,-6.618372202E-01, 0.000000000E+00, 0.000000000E+00
       136, 0.000000000E+00,-6.591845751E-01, 0.000000000E+00, 2.309439604E-24
       137, 0.000000000E+00,-6.565319300E-01, 0.000000000E+00, 4.634531786E-24
       138, 0.000000000E+00,-6.538792849E-01, 0.000000000E+00, 2.325060627E-24
       139, 0.000000000E+00,-6.512266397E-01, 0.000000000E+00, 0.000000000E+00
       140, 0.000000000E+00,-6.485739946E-01, 0.000000000E+00, 0.000000000E+00
       141, 0.000000000E+00,-6.459212899E-01, 0.000000000E+00, 0.000000000E+00
       142, 0.000000000E+00,-6.432686448E-01, 0.000000000E+00, 2.427627928E-24
       143, 0.000000000E+00,-6.406159997E-01, 0.000000000E+00, 4.870844142E-24
       144, 0.000000000E+00,-6.379633546E-01, 0.000000000E+00, 2.443182687E-24
       145, 0.000000000E+00,-6.353107095E-01, 0.000000000E+00, 2.456573404E-24
       146, 0.000000000E+00,-6.326580644E-01, 0.000000000E+00, 4.907105317E-24
       147, 0.000000000E+00,-6.300053596E-01, 0.000000000E+00, 2.450553804E-24
       148, 0.000000000E+00,-6.273527145E-01, 0.000000000E+00, 0.000000000E+00
       149, 0.000000000E+00,-6.247000694E-01, 0.000000000E+00, 0.000000000E+00
       150, 0.000000000E+00,-6.220474243E-01, 0.000000000E+00, 0.000000000E+00
       151, 0.000000000E+00,-6.193947792E-01, 0.000000000E+00, 0.000000000E+00
       152, 0.000000000E+00,-6.167421341E-01, 0.000000000E+00, 0.000000000E+00
       153, 0.000000000E+00,-6.140894890E-01, 0.000000000E+00, 0.000000000E+00
       154, 0.000000000E+00,-6.114367843E-01, 0.000000000E+00, 0.000000000E+00
       155, 1.734723476E-18,-6.087841392E-01, 0.000000000E+00, 0.000000000E+00
       156, 0.000000000E+00,-6.061314940E-01, 0.000000000E+00, 0.000000000E+00
       157, 0.000000000E+00,-6.034788489E-01, 0.000000000E+00, 0.000000000E+00
       158, 1.734723476E-18,-6.008262038E-01, 0.000000000E+00, 0.000000000E+00
       159, 0.000000000E+00,-5.981735587E-01, 0.000000000E+00, 0.000000000E+00
       160, 0.000000000E+00,-5.955208540E-01, 0.000000000E+00, 0.000000000E+00
       161, 0.000000000E+00,-5.928682089E-01, 0.000000000E+00, 0.000000000E+00
       162, 0.000000000E+00,-5.902155638E-01, 0.000000000E+00, 1.653457191E-24
       163, 0.000000000E+00,-5.875629187E-01, 0.000000000E+00, 3.238842587E-24
       164, 0.000000000E+00,-5.849102736E-01, 0.000000000E+00, 1.585363210E-24
       165, 0.000000000E+00,-5.822576284E-01, 0.000000000E+00, 0.000000000E+00
       166, 1.734723476E-18,-5.796049833E-01, 0.000000000E+00, 0.000000000E+00
       167, 0.000000000E+00,-5.769522786E-01, 0.000000000E+00, 0.000000000E+00
       168, 0.000000000E+00,-5.742996335E-01, 0.000000000E+00, 0.000000000E+00
       169, 0.000000000E+00,-5.716469884E-01, 0.000000000E+00, 0.000000000E+00
       170, 0.000000000E+00,-5.689943433E-01, 0.000000000E+00, 0.000000000E+00
       171, 0.000000000E+00,-5.663416982E-01, 0.000000000E+00, 0.000000000E+00
       172, 0.000000000E+00,-5.636890531E-01, 0.000000000E+00, 0.000000000E+00
       173, 0.000000000E+00,-5.610363483E-01, 0.000000000E+00, 0.000000000E+00
       174, 0.000000000E+00,-5.583837032E-01, 0.000000000E+00, 1.337263596E-24
       175, 0.000000000E+00,-5.557310581E-01, 0.000000000E+00, 2.685512869E-24
       176, 0.000000000E+00,-5.530784130E-01, 0.000000000E+00,-1.363716666E-24
       177, 0.000000000E+00,-5.504257679E-01, 0.000000000E+00,-8.152832490E-24
       178, 0.000000000E+00,-5.477731228E-01, 0.000000000E+00,-9.534916007E-24
       179, 0.000000000E+00,-5.451204777E-01, 0.000000000E+00,-5.459351338E-24
       180, 0.000000000E+00,-5.424677730E-01, 0.000000000E+00,-1.365302473E-24
       181, 0.000000000E+00,-5.398151278E-01, 0.000000000E+00, 0.000000000E+00
       182, 0.000000000E+00,-5.371624827E-01, 0.000000000E+00, 0.000000000E+00
       183, 0.000000000E+00,-5.345098376E-01, 0.000000000E+00, 0.000000000E+00
       184, 0.000000000E+00,-5.318571925E-01, 0.000000000E+00, 0.000000000E+00
       185, 0.000000000E+00,-5.292045474E-01, 0.000000000E+00,-2.636072589E-24
       186, 0.000000000E+00,-5.265518427E-01, 0.000000000E+00,-5.262806643E-24
       187, 0.000000000E+00,-5.238991976E-01, 0.000000000E+00,-2.626816293E-24
       188, 0.000000000E+00,-5.212465525E-01, 0.000000000E+00, 0.000000000E+00
       189, 0.000000000E+00,-5.185939074E-01, 0.000000000E+00, 0.000000000E+00
       190, 0.000000000E+00,-5.159412622E-01, 0.000000000E+00, 0.000000000E+00
       191, 0.000000000E+00,-5.132886171E-01, 0.000000000E+00, 0.000000000E+00
       192, 0.000000000E+00,-5.106359720E-01, 0.000000000E+00, 0.000000000E+00
       193, 0.000000000E+00,-5.079832673E-01, 0.000000000E+00, 0.000000000E+00
       194, 0.000000000E+00,-5.053306222E-01, 0.000000000E+00, 0.000000000E+00
       195, 0.000000000E+00,-5.026779771E-01, 0.000000000E+00, 0.000000000E+00
       196, 0.000000000E+00,-5.000253320E-01, 0.000000000E+00, 0.000000000E+00
       197, 0.000000000E+00,-4.973726869E-01, 0.000000000E+00, 0.000000000E+00
       198, 0.000000000E+00,-4.947200119E-01, 0.000000000E+00, 0.000000000E+00
       199, 0.000000000E+00,-4.920673668E-01, 0.000000000E+00, 0.000000000E+00
       200, 0.000000000E+00,-4.894147217E-01, 0.000000000E+00, 0.000000000E+00
       201, 0.000000000E+00,-4.867620468E-01, 0.000000000E+00, 0.000000000E+00
       202, 0.000000000E+00,-4.841094017E-01, 0.000000000E+00, 0.000000000E+00
       203, 0.000000000E+00,-4.814567566E-01, 0.000000000E+00, 0.000000000E+00
       204, 0.000000000E+00,-4.788040817E-01, 0.000000000E+00, 1.457443104E-24
       205, 0.000000000E+00,-4.761514366E-01, 0.000000000E+00, 1.457444188E-24
       206, 0.000000000E+00,-4.734987915E-01, 0.000000000E+00,-2.986422875E-24
       207, 0.000000000E+00,-4.708461165E-01, 0.000000000E+00,-4.502144754E-24
       208, 0.000000000E+00,-4.681934714E-01, 0.000000000E+00,-1.515741502E-24
       209, 0.000000000E+00,-4.655408263E-01, 0.000000000E+00, 0.000000000E+00
       210, 0.000000000E+00,-4.628881812E-01, 0.000000000E+00, 0.000000000E+00
       211, 0.000000000E+00,-4.602355063E-01, 0.000000000E+00, 0.000000000E+00
       212, 0.000000000E+00,-4.575828612E-01, 0.000000000E+00, 0.000000000E+00
       213, 0.000000000E+00,-4.549302161E-01, 0.000000000E+00,-3.204600699E-24
       214, 0.000000000E+00,-4.522775412E-01, 0.000000000E+00,-6.411441764E-24
       215, 0.000000000E+00,-4.496248960E-01, 0.000000000E+00,-3.206869069E-24
       216, 5.204170428E-18,-4.469722509E-01, 0.000000000E+00, 0.000000000E+00
       217, 0.000000000E+00,-4.443195760E-01, 0.000000000E+00, 0.000000000E+00
       218, 0.000000000E+00,-4.416669309E-01, 0.000000000E+00, 0.000000000E+00
       219, 1.734723476E-18,-4.390142858E-01, 0.000000000E+00, 0.000000000E+00
       220, 0.000000000E+00,-4.363616407E-01, 0.000000000E+00, 0.000000000E+00
       221, 0.000000000E+00,-4.337089658E-01, 0.000000000E+00, 0.000000000E+00
       222, 0.000000000E+00,-4.310563207E-01, 0.000000000E+00, 0.000000000E+00
       223, 1.734723476E-18,-4.284036756E-01, 0.000000000E+00,-1.589995204E-24
       224, 0.000000000E+00,-4.257510006E-01, 0.000000000E+00,-3.191908716E-24
       225, 0.000000000E+00,-4.230983555E-01, 0.000000000E+00,-1.601909568E-24
       226, 0.000000000E+00,-4.204457104E-01, 0.000000000E+00, 0.000000000E+00
       227, 0.000000000E+00,-4.177930355E-01, 0.000000000E+00, 0.000000000E+00
       228, 1.734723476E-18,-4.151403904E-01, 0.000000000E+00, 0.000000000E+00
       229, 0.000000000E+00,-4.124877453E-01, 0.000000000E+00, 0.000000000E+00
       230, 0.000000000E+00,-4.098350704E-01, 0.000000000E+00, 0.000000000E+00
       231, 0.000000000E+00,-4.071824253E-01, 0.000000000E+00, 0.000000000E+00
       232, 0.000000000E+00,-4.045297801E-01, 0.000000000E+00, 0.000000000E+00
       233, 0.000000000E+00,-4.018771350E-01, 0.000000000E+00, 0.000000000E+00
       234, 0.000000000E+00,-3.992244601E-01, 0.000000000E+00, 0.000000000E+00
       235, 0.000000000E+00,-3.965718150E-01, 0.000000000E+00,-1.210596200E-24
       236, 0.000000000E+00,-3.939191699E-01, 0.000000000E+00,-1.210596200E-24
       237, 0.000000000E+00,-3.912664950E-01, 0.000000000E+00, 1.179178336E-24
       238, 0.000000000E+00,-3.886138499E-01, 0.000000000E+00, 1.179185534E-24
       239, 0.000000000E+00,-3.859612048E-01, 0.000000000E+00, 0.000000000E+00
       240, 0.000000000E+00,-3.833085299E-01, 0.000000000E+00, 1.151766405E-24
       241, 0.000000000E+00,-3.806558847E-01, 0.000000000E+00, 2.324797345E-24
       242, 0.000000000E+00,-3.780032396E-01, 0.000000000E+00, 1.173027982E-24
       243, 0.000000000E+00,-3.753505647E-01, 0.000000000E+00, 0.000000000E+00
       244, 0.000000000E+00,-3.726979196E-01, 0.000000000E+00,-1.205222874E-24
       245, 0.000000000E+00,-3.700452745E-01, 0.000000000E+00,-2.418111899E-24
       246, 0.000000000E+00,-3.673926294E-01, 0.000000000E+00,-1.212885869E-24
       247, 0.000000000E+00,-3.647399545E-01, 0.000000000E+00, 0.000000000E+00
       248, 0.000000000E+00,-3.620873094E-01, 0.000000000E+00,-1.275466205E-24
       249, 0.000000000E+00,-3.594346642E-01, 0.000000000E+00,-3.850445067E-24
       250, 0.000000000E+00,-3.567819893E-01, 0.000000000E+00,-3.873409597E-24
       251, 0.000000000E+00,-3.541293442E-01, 0.000000000E+00,-1.298416338E-24
       252, 0.000000000E+00,-3.514766991E-01, 0.000000000E+00,-1.330673945E-24
       253, 0.000000000E+00,-3.488240242E-01, 0.000000000E+00,-2.667064962E-24
       254, 0.000000000E+00,-3.461713791E-01, 0.000000000E+00,-2.670384883E-24
       255, 0.000000000E+00,-3.435187340E-01, 0.000000000E+00,-2.654791864E-24
       256, 0.000000000E+00,-3.408660591E-01, 0.000000000E+00,-1.320806281E-24
       257, 0.000000000E+00,-3.382134140E-01, 0.000000000E+00, 0.000000000E+00
       258, 0.000000000E+00,-3.355607688E-01, 0.000000000E+00, 0.000000000E+00
       259, 0.000000000E+00,-3.329081237E-01, 0.000000000E+00,-1.225848136E-24
       260, 0.000000000E+00,-3.302554488E-01, 0.000000000E+00,-1.225855334E-24
       261, 0.000000000E+00,-3.276028037E-01, 0.000000000E+00, 1.187920591E-24
       262, 0.000000000E+00,-3.249501586E-01, 0.000000000E+00, 1.187921380E-24
       263, 0.000000000E+00,-3.222974837E-01, 0.000000000E+00, 0.000000000E+00
       264, 0.000000000E+00,-3.196448386E-01, 0.000000000E+00, 0.000000000E+00
       265, 0.000000000E+00,-3.169921935E-01, 0.000000000E+00, 0.000000000E+00
       266, 0.000000000E+00,-3.143395185E-01, 0.000000000E+00, 0.000000000E+00
       267, 0.000000000E+00,-3.116868734E-01, 0.000000000E+00, 1.107938773E-24
       268, 0.000000000E+00,-3.090342283E-01, 0.000000000E+00, 2.208819607E-24
       269, 0.000000000E+00,-3.063815534E-01, 0.000000000E+00, 1.100878073E-24
       270, 0.000000000E+00,-3.037289083E-01, 0.000000000E+00, 0.000000000E+00
       271, 0.000000000E+00,-3.010762632E-01, 0.000000000E+00, 0.000000000E+00
       272, 0.000000000E+00,-2.984236181E-01, 0.000000000E+00, 0.000000000E+00
       273, 0.000000000E+00,-2.957709432E-01, 0.000000000E+00, 1.229711483E-24
       274, 0.000000000E+00,-2.931182981E-01, 0.000000000E+00, 2.510619645E-24
       275, 0.000000000E+00,-2.904656529E-01, 0.000000000E+00, 1.280905203E-24
       276, 0.000000000E+00,-2.878129780E-01, 0.000000000E+00, 0.000000000E+00
       277, 0.000000000E+00,-2.851603329E-01, 0.000000000E+00, 1.429586551E-24
       278, 0.000000000E+00,-2.825076878E-01, 0.000000000E+00, 2.878343606E-24
       279, 0.000000000E+00,-2.798550129E-01, 0.000000000E+00, 1.448752913E-24
       280, 0.000000000E+00,-2.772023678E-01, 0.000000000E+00, 0.000000000E+00
       281, 0.000000000E+00,-2.745497227E-01, 0.000000000E+00, 0.000000000E+00
       282, 0.000000000E+00,-2.718970478E-01, 0.000000000E+00, 1.393937829E-24
       283, 0.000000000E+00,-2.692444026E-01, 0.000000000E+00, 2.773807309E-24
       284, 0.000000000E+00,-2.665917575E-01, 0.000000000E+00, 1.379865930E-24
       285, 0.000000000E+00,-2.639391124E-01, 0.000000000E+00,-1.362834325E-24
       286, 0.000000000E+00,-2.612864375E-01,-3.469446952E-18,-4.059053022E-24
       287, 0.000000000E+00,-2.586337924E-01, 0.000000000E+00,-5.348112089E-24
       288, 0.000000000E+00,-2.559811473E-01, 0.000000000E+00,-5.247613971E-24
       289, 0.000000000E+00,-2.533284724E-01, 0.000000000E+00,-2.595744836E-24
       290, 0.000000000E+00,-2.506758273E-01, 0.000000000E+00, 0.000000000E+00
       291, 0.000000000E+00,-2.480231673E-01, 0.000000000E+00,-1.179967197E-24
       292, 0.000000000E+00,-2.453705221E-01, 0.000000000E+00,-1.179970155E-24
       293, 0.000000000E+00,-2.427178621E-01, 0.000000000E+00, 0.000000000E+00
       294, 0.000000000E+00,-2.400652170E-01, 0.000000000E+00, 0.000000000E+00
       295, 0.000000000E+00,-2.374125570E-01, 0.000000000E+00, 0.000000000E+00
       296, 0.000000000E+00,-2.347598970E-01, 0.000000000E+00, 0.000000000E+00
       297, 0.000000000E+00,-2.321072519E-01, 0.000000000E+00, 0.000000000E+00
       298, 0.000000000E+00,-2.294545919E-01, 0.000000000E+00, 1.275844168E-24
       299, 0.000000000E+00,-2.268019468E-01, 0.000000000E+00, 1.275845844E-24
       300, 0.000000000E+00,-2.241492867E-01, 0.000000000E+00,-1.309496678E-24
       301, 0.000000000E+00,-2.214966267E-01, 0.000000000E+00,-1.309491748E-24
       302, 0.000000000E+00,-2.188439816E-01, 0.000000000E+00, 1.334659960E-24
       303, 0.000000000E+00,-2.161913216E-01, 0.000000000E+00, 1.334663017E-24
       304, 0.000000000E+00,-2.135386616E-01, 0.000000000E+00,-1.358859156E-24
       305, 0.000000000E+00,-2.108860165E-01, 0.000000000E+00,-1.358855311E-24
       306, 0.000000000E+00,-2.082333565E-01, 0.000000000E+00, 1.381774382E-24
       307, 0.000000000E+00,-2.055807114E-01, 0.000000000E+00, 2.776937903E-24
       308, 0.000000000E+00,-2.029280514E-01, 0.000000000E+00, 1.395167958E-24
       309, 0.000000000E+00,-2.002753913E-01, 0.000000000E+00, 0.000000000E+00
       310, 0.000000000E+00,-1.976227462E-01, 0.000000000E+00, 0.000000000E+00
       311, 0.000000000E+00,-1.949700862E-01, 0.000000000E+00, 0.000000000E+00
       312, 0.000000000E+00,-1.923174411E-01, 0.000000000E+00,-1.406248989E-24
       313, 0.000000000E+00,-1.896647811E-01,-3.469446952E-18,-2.801000922E-24
       314, 0.000000000E+00,-1.870121211E-01, 0.000000000E+00,-1.394748383E-24
       315, 0.000000000E+00,-1.843594760E-01, 0.000000000E+00, 1.344546458E-24
       316, 0.000000000E+00,-1.817068160E-01, 0.000000000E+00, 1.344550205E-24
       317, 0.000000000E+00,-1.790541559E-01, 0.000000000E+00,-1.270965852E-24
       318, 0.000000000E+00,-1.764015108E-01, 0.000000000E+00,-1.270962894E-24
       319, 0.000000000E+00,-1.737488508E-01, 0.000000000E+00, 0.000000000E+00
       320, 0.000000000E+00,-1.710962057E-01, 0.000000000E+00, 0.000000000E+00
       321, 0.000000000E+00,-1.684435457E-01, 0.000000000E+00, 0.000000000E+00
       322, 0.000000000E+00,-1.657908857E-01, 0.000000000E+00, 1.007885868E-24
       323, 0.000000000E+00,-1.631382406E-01, 0.000000000E+00, 1.948688384E-24
       324, 0.000000000E+00,-1.604855806E-01, 0.000000000E+00, 9.408050805E-25
       325, 0.000000000E+00,-1.578329355E-01, 0.000000000E+00, 0.000000000E+00
       326, 0.000000000E+00,-1.551802754E-01, 0.000000000E+00, 0.000000000E+00
       327, 0.000000000E+00,-1.525276154E-01, 0.000000000E+00, 0.000000000E+00
       328, 0.000000000E+00,-1.498749703E-01, 0.000000000E+00, 0.000000000E+00
       329, 0.000000000E+00,-1.472223103E-01, 0.000000000E+00, 0.000000000E+00
       330, 0.000000000E+00,-1.445696503E-01, 0.000000000E+00, 0.000000000E+00
       331, 0.000000000E+00,-1.419170052E-01, 0.000000000E+00, 0.000000000E+00
       332, 0.000000000E+00,-1.392643452E-01, 0.000000000E+00, 0.000000000E+00
       333, 0.000000000E+00,-1.366117001E-01, 0.000000000E+00, 0.000000000E+00
       334, 0.000000000E+00,-1.339590400E-01, 0.000000000E+00, 0.000000000E+00
       335, 0.000000000E+00,-1.313063800E-01, 0.000000000E+00, 0.000000000E+00
       336, 0.000000000E+00,-1.286537349E-01, 0.000000000E+00, 0.000000000E+00
       337, 0.000000000E+00,-1.260010749E-01, 0.000000000E+00, 0.000000000E+00
       338, 0.000000000E+00,-1.233484223E-01, 0.000000000E+00, 0.000000000E+00
       339, 0.000000000E+00,-1.206957698E-01, 0.000000000E+00, 0.000000000E+00
       340, 0.000000000E+00,-1.180431172E-01, 0.000000000E+00, 0.000000000E+00
       341, 0.000000000E+00,-1.153904572E-01, 0.000000000E+00, 0.000000000E+00
       342, 0.000000000E+00,-1.127378047E-01, 0.000000000E+00,-3.545962556E-25
       343, 0.000000000E+00,-1.100851521E-01, 0.000000000E+00,-6.936739902E-25
       344, 0.000000000E+00,-1.074324995E-01, 0.000000000E+00,-1.578012703E-26
       345, 0.000000000E+00,-1.047798470E-01, 0.000000000E+00, 6.342896259E-25
       346, 0.000000000E+00,-1.021271870E-01, 0.000000000E+00, 3.109900955E-25
       347, 0.000000000E+00,-9.947453439E-02, 0.000000000E+00, 0.000000000E+00
       348, 0.000000000E+00,-9.682188183E-02, 0.000000000E+00, 2.519489351E-25
       349, 0.000000000E+00,-9.416922927E-02, 0.000000000E+00, 4.732834110E-25
       350, 0.000000000E+00,-9.151656926E-02, 0.000000000E+00, 2.213338596E-25
       351, 0.000000000E+00,-8.886391670E-02, 0.000000000E+00, 0.000000000E+00
       352, 0.000000000E+00,-8.621126413E-02, 0.000000000E+00, 0.000000000E+00
       353, 0.000000000E+00,-8.355861157E-02, 0.000000000E+00,-1.604754964E-25
       354, 0.000000000E+00,-8.090595156E-02, 0.000000000E+00,-2.787203843E-25
       355, 0.000000000E+00,-7.825329900E-02, 0.000000000E+00,-1.182445674E-25
       356, 0.000000000E+00,-7.560064644E-02, 0.000000000E+00, 2.086211227E-26
       357, 0.000000000E+00,-7.294799387E-02, 0.000000000E+00, 1.325756926E-25
       358, 0.000000000E+00,-7.029534131E-02, 0.000000000E+00, 1.117137606E-25
       359, 0.000000000E+00,-6.764268130E-02, 0.000000000E+00, 0.000000000E+00
       360, 0.000000000E+00,-6.499002874E-02, 0.000000000E+00, 0.000000000E+00
       361, 0.000000000E+00,-6.233737618E-02, 0.000000000E+00, 0.000000000E+00
       362, 0.000000000E+00,-5.968471989E-02, 0.000000000E+00, 0.000000000E+00
       363, 0.000000000E+00,-5.703206733E-02, 0.000000000E+00, 0.000000000E+00
       364, 0.000000000E+00,-5.437941104E-02, 0.000000000E+00, 0.000000000E+00
       365, 0.000000000E+00,-5.172675848E-02, 0.000000000E+00, 0.000000000E+00
       366, 0.000000000E+00,-4.907410219E-02, 0.000000000E+00, 4.189608713E-25
       367, 0.000000000E+00,-4.642144963E-02, 0.000000000E+00, 1.247036447E-24
       368, 0.000000000E+00,-4.376879707E-02, 0.000000000E+00, 8.280757725E-25
       369, 0.000000000E+00,-4.111614078E-02, 0.000000000E+00, 0.000000000E+00
       370, 0.000000000E+00,-3.846348822E-02, 0.000000000E+00, 0.000000000E+00
       371, 0.000000000E+00,-3.581083193E-02, 0.000000000E+00,-4.714049852E-25
       372, 0.000000000E+00,-3.315817937E-02, 0.000000000E+00,-4.714054783E-25
       373, 0.000000000E+00,-3.050552309E-02, 0.000000000E+00, 0.000000000E+00
       374, 0.000000000E+00,-2.785287052E-02, 0.000000000E+00, 0.000000000E+00
       375, 0.000000000E+00,-2.520021610E-02, 0.000000000E+00, 0.000000000E+00
       376, 0.000000000E+00,-2.254756168E-02, 0.000000000E+00, 0.000000000E+00
       377, 0.000000000E+00,-1.989490725E-02, 0.000000000E+00,-8.639948775E-25
       378, 0.000000000E+00,-1.724225283E-02, 0.000000000E+00,-1.710163668E-24
       379, 0.000000000E+00,-1.458959840E-02, 0.000000000E+00,-8.461685931E-25
       380, 0.000000000E+00,-1.193694398E-02, 0.000000000E+00, 0.000000000E+00
       381, 0.000000000E+00,-9.284289554E-03, 0.000000000E+00, 0.000000000E+00
       382, 0.000000000E+00,-6.631635595E-03, 0.000000000E+00, 0.000000000E+00
       383, 0.000000000E+00,-3.978981171E-03, 0.000000000E+00, 0.000000000E+00
       384, 0.000000000E+00,-1.326327096E-03, 0.000000000E+00, 0.000000000E+00
       385, 0.000000000E+00,-8.744879820E-12, 0.000000000E+00, 0.000000000E+00
