(title "Turbulent Kinetic Energy (k) vs. Y-Coordinate")
(labels "Y-Coordinate" "Turbulent Kinetic Energy (k)")

((xy/key/label "line")
-1	2.41806e-06
-0.999499	1.52402e-05
-0.998922	9.43554e-05
-0.998259	0.000364586
-0.997497	0.000986593
-0.99662	0.00195701
-0.995612	0.00302123
-0.994452	0.00393563
-0.993119	0.00463944
-0.991585	0.00515891
-0.989821	0.00553452
-0.987793	0.00580582
-0.985461	0.00600303
-0.982808	0.00614623
-0.980156	0.00624056
-0.977503	0.00630545
-0.97485	0.00635085
-0.972198	0.00638255
-0.969545	0.00640432
-0.966892	0.00641869
-0.96424	0.0064274
-0.961587	0.0064317
-0.958934	0.00643251
-0.956282	0.00643051
-0.953629	0.00642621
-0.950977	0.00642002
-0.948324	0.00641226
-0.945671	0.00640318
-0.943019	0.00639298
-0.940366	0.00638183
-0.937713	0.00636985
-0.935061	0.00635717
-0.932408	0.00634388
-0.929755	0.00633005
-0.927103	0.00631576
-0.92445	0.00630106
-0.921797	0.006286
-0.919145	0.00627061
-0.916492	0.00625494
-0.913839	0.00623903
-0.911187	0.00622289
-0.908534	0.00620655
-0.905881	0.00619003
-0.903229	0.00617336
-0.900576	0.00615654
-0.897923	0.0061396
-0.895271	0.00612255
-0.892618	0.0061054
-0.889966	0.00608815
-0.887313	0.00607082
-0.88466	0.00605342
-0.882008	0.00603596
-0.879355	0.00601844
-0.876702	0.00600088
-0.87405	0.00598326
-0.871397	0.00596561
-0.868744	0.00594793
-0.866092	0.00593021
-0.863439	0.00591247
-0.860786	0.0058947
-0.858134	0.00587692
-0.855481	0.00585912
-0.852828	0.00584131
-0.850176	0.00582349
-0.847523	0.00580566
-0.84487	0.00578783
-0.842218	0.00576999
-0.839565	0.00575215
-0.836912	0.00573432
-0.83426	0.00571648
-0.831607	0.00569865
-0.828954	0.00568083
-0.826302	0.00566301
-0.823649	0.0056452
-0.820997	0.00562741
-0.818344	0.00560962
-0.815691	0.00559185
-0.813039	0.00557409
-0.810386	0.00555634
-0.807733	0.00553861
-0.805081	0.00552089
-0.802428	0.00550319
-0.799775	0.0054855
-0.797123	0.00546783
-0.79447	0.00545019
-0.791817	0.00543256
-0.789165	0.00541495
-0.786512	0.00539736
-0.783859	0.00537979
-0.781207	0.00536224
-0.778554	0.00534471
-0.775901	0.0053272
-0.773249	0.00530972
-0.770596	0.00529226
-0.767943	0.00527483
-0.765291	0.00525742
-0.762638	0.00524003
-0.759985	0.00522267
-0.757333	0.00520533
-0.75468	0.00518802
-0.752028	0.00517074
-0.749375	0.00515348
-0.746722	0.00513625
-0.74407	0.00511905
-0.741417	0.00510187
-0.738764	0.00508472
-0.736112	0.00506759
-0.733459	0.0050505
-0.730806	0.00503343
-0.728154	0.00501639
-0.725501	0.00499939
-0.722848	0.00498241
-0.720196	0.00496546
-0.717543	0.00494854
-0.71489	0.00493165
-0.712238	0.00491479
-0.709585	0.00489796
-0.706932	0.00488116
-0.70428	0.00486439
-0.701627	0.00484766
-0.698974	0.00483095
-0.696322	0.00481428
-0.693669	0.00479764
-0.691016	0.00478104
-0.688364	0.00476446
-0.685711	0.00474792
-0.683059	0.00473142
-0.680406	0.00471494
-0.677753	0.0046985
-0.675101	0.0046821
-0.672448	0.00466573
-0.669795	0.00464939
-0.667143	0.00463309
-0.66449	0.00461682
-0.661837	0.00460059
-0.659185	0.00458439
-0.656532	0.00456823
-0.653879	0.00455211
-0.651227	0.00453602
-0.648574	0.00451997
-0.645921	0.00450395
-0.643269	0.00448797
-0.640616	0.00447203
-0.637963	0.00445613
-0.635311	0.00444026
-0.632658	0.00442443
-0.630005	0.00440864
-0.627353	0.00439289
-0.6247	0.00437718
-0.622047	0.0043615
-0.619395	0.00434587
-0.616742	0.00433028
-0.614089	0.00431472
-0.611437	0.00429921
-0.608784	0.00428373
-0.606131	0.0042683
-0.603479	0.00425291
-0.600826	0.00423755
-0.598174	0.00422224
-0.595521	0.00420697
-0.592868	0.00419174
-0.590216	0.00417656
-0.587563	0.00416141
-0.58491	0.00414631
-0.582258	0.00413126
-0.579605	0.00411624
-0.576952	0.00410127
-0.5743	0.00408634
-0.571647	0.00407146
-0.568994	0.00405662
-0.566342	0.00404183
-0.563689	0.00402708
-0.561036	0.00401237
-0.558384	0.00399771
-0.555731	0.0039831
-0.553078	0.00396853
-0.550426	0.00395401
-0.547773	0.00393954
-0.54512	0.00392511
-0.542468	0.00391073
-0.539815	0.0038964
-0.537162	0.00388211
-0.53451	0.00386787
-0.531857	0.00385368
-0.529205	0.00383954
-0.526552	0.00382545
-0.523899	0.0038114
-0.521247	0.0037974
-0.518594	0.00378346
-0.515941	0.00376956
-0.513289	0.00375571
-0.510636	0.00374192
-0.507983	0.00372817
-0.505331	0.00371448
-0.502678	0.00370084
-0.500025	0.00368724
-0.497373	0.0036737
-0.49472	0.00366021
-0.492067	0.00364678
-0.489415	0.00363339
-0.486762	0.00362006
-0.484109	0.00360678
-0.481457	0.00359356
-0.478804	0.00358039
-0.476151	0.00356727
-0.473499	0.00355421
-0.470846	0.00354121
-0.468193	0.00352826
-0.465541	0.00351536
-0.462888	0.00350252
-0.460236	0.00348973
-0.457583	0.003477
-0.45493	0.00346433
-0.452278	0.00345172
-0.449625	0.00343916
-0.446972	0.00342666
-0.44432	0.00341421
-0.441667	0.00340183
-0.439014	0.0033895
-0.436362	0.00337723
-0.433709	0.00336502
-0.431056	0.00335287
-0.428404	0.00334078
-0.425751	0.00332875
-0.423098	0.00331677
-0.420446	0.00330486
-0.417793	0.00329301
-0.41514	0.00328121
-0.412488	0.00326948
-0.409835	0.00325781
-0.407182	0.0032462
-0.40453	0.00323465
-0.401877	0.00322317
-0.399224	0.00321174
-0.396572	0.00320038
-0.393919	0.00318908
-0.391266	0.00317784
-0.388614	0.00316667
-0.385961	0.00315556
-0.383309	0.00314451
-0.380656	0.00313353
-0.378003	0.00312261
-0.375351	0.00311175
-0.372698	0.00310097
-0.370045	0.00309024
-0.367393	0.00307958
-0.36474	0.00306899
-0.362087	0.00305846
-0.359435	0.003048
-0.356782	0.0030376
-0.354129	0.00302728
-0.351477	0.00301701
-0.348824	0.00300682
-0.346171	0.00299669
-0.343519	0.00298663
-0.340866	0.00297664
-0.338213	0.00296671
-0.335561	0.00295686
-0.332908	0.00294707
-0.330255	0.00293735
-0.327603	0.0029277
-0.32495	0.00291812
-0.322297	0.0029086
-0.319645	0.00289916
-0.316992	0.00288979
-0.31434	0.00288049
-0.311687	0.00287125
-0.309034	0.00286209
-0.306382	0.002853
-0.303729	0.00284398
-0.301076	0.00283503
-0.298424	0.00282615
-0.295771	0.00281735
-0.293118	0.00280861
-0.290466	0.00279995
-0.287813	0.00279136
-0.28516	0.00278284
-0.282508	0.00277439
-0.279855	0.00276602
-0.277202	0.00275772
-0.27455	0.00274949
-0.271897	0.00274134
-0.269244	0.00273325
-0.266592	0.00272525
-0.263939	0.00271731
-0.261286	0.00270945
-0.258634	0.00270166
-0.255981	0.00269395
-0.253328	0.00268631
-0.250676	0.00267875
-0.248023	0.00267126
-0.245371	0.00266385
-0.242718	0.00265651
-0.240065	0.00264925
-0.237413	0.00264206
-0.23476	0.00263495
-0.232107	0.00262792
-0.229455	0.00262096
-0.226802	0.00261407
-0.224149	0.00260727
-0.221497	0.00260053
-0.218844	0.00259388
-0.216191	0.0025873
-0.213539	0.0025808
-0.210886	0.00257438
-0.208233	0.00256803
-0.205581	0.00256176
-0.202928	0.00255556
-0.200275	0.00254945
-0.197623	0.00254341
-0.19497	0.00253745
-0.192317	0.00253157
-0.189665	0.00252577
-0.187012	0.00252004
-0.184359	0.00251439
-0.181707	0.00250883
-0.179054	0.00250334
-0.176402	0.00249793
-0.173749	0.00249259
-0.171096	0.00248734
-0.168444	0.00248216
-0.165791	0.00247707
-0.163138	0.00247205
-0.160486	0.00246711
-0.157833	0.00246225
-0.15518	0.00245747
-0.152528	0.00245277
-0.149875	0.00244815
-0.147222	0.00244361
-0.14457	0.00243915
-0.141917	0.00243476
-0.139264	0.00243046
-0.136612	0.00242624
-0.133959	0.00242209
-0.131306	0.00241803
-0.128654	0.00241405
-0.126001	0.00241014
-0.123348	0.00240632
-0.120696	0.00240258
-0.118043	0.00239891
-0.11539	0.00239533
-0.112738	0.00239183
-0.110085	0.00238841
-0.107432	0.00238507
-0.10478	0.00238181
-0.102127	0.00237863
-0.0994745	0.00237554
-0.0968219	0.00237252
-0.0941692	0.00236958
-0.0915166	0.00236673
-0.0888639	0.00236396
-0.0862113	0.00236126
-0.0835586	0.00235865
-0.080906	0.00235612
-0.0782533	0.00235367
-0.0756006	0.0023513
-0.072948	0.00234901
-0.0702953	0.00234681
-0.0676427	0.00234468
-0.06499	0.00234264
-0.0623374	0.00234068
-0.0596847	0.0023388
-0.0570321	0.002337
-0.0543794	0.00233528
-0.0517268	0.00233365
-0.0490741	0.00233209
-0.0464214	0.00233062
-0.0437688	0.00232923
-0.0411161	0.00232792
-0.0384635	0.00232669
-0.0358108	0.00232555
-0.0331582	0.00232448
-0.0305055	0.0023235
-0.0278529	0.0023226
-0.0252002	0.00232178
-0.0225476	0.00232104
-0.0198949	0.00232039
-0.0172423	0.00231981
-0.0145896	0.00231932
-0.0119369	0.00231891
-0.00928429	0.00231858
-0.00663164	0.00231833
-0.00397898	0.00231817
-0.00132633	0.00231809
0	0.00231809
)
