nodenumber,    x-coordinate,    y-coordinate,    z-coordinate,  dy-velocity-dx
         1, 0.000000000E+00,-3.046188302E-12, 0.000000000E+00, 0.000000000E+00
         2, 0.000000000E+00, 5.320286844E-03, 0.000000000E+00, 0.000000000E+00
         3, 0.000000000E+00, 1.596086100E-02, 0.000000000E+00, 0.000000000E+00
         4, 0.000000000E+00, 2.660143375E-02, 0.000000000E+00, 0.000000000E+00
         5, 0.000000000E+00, 3.724200651E-02, 0.000000000E+00,-2.586757246E-25
         6, 0.000000000E+00, 4.788258299E-02, 0.000000000E+00,-5.182010030E-25
         7, 0.000000000E+00, 5.852315575E-02, 0.000000000E+00,-2.595252784E-25
         8, 0.000000000E+00, 6.916373223E-02, 0.000000000E+00, 0.000000000E+00
         9, 0.000000000E+00, 7.980430126E-02, 0.000000000E+00,-2.583421843E-25
        10, 0.000000000E+00, 9.044487774E-02, 0.000000000E+00,-5.183567044E-25
        11, 0.000000000E+00, 1.010854468E-01, 0.000000000E+00,-2.600146187E-25
        12, 0.000000000E+00, 1.117260233E-01, 0.000000000E+00, 0.000000000E+00
        13, 0.000000000E+00, 1.223665997E-01, 0.000000000E+00, 0.000000000E+00
        14, 0.000000000E+00, 1.330071688E-01, 0.000000000E+00, 0.000000000E+00
        15, 0.000000000E+00, 1.436477453E-01, 0.000000000E+00, 0.000000000E+00
        16, 0.000000000E+00, 1.542883217E-01, 0.000000000E+00, 0.000000000E+00
        17, 0.000000000E+00, 1.649288982E-01, 0.000000000E+00, 0.000000000E+00
        18, 0.000000000E+00, 1.755694598E-01, 0.000000000E+00, 0.000000000E+00
        19, 0.000000000E+00, 1.862100363E-01, 0.000000000E+00, 0.000000000E+00
        20, 0.000000000E+00, 1.968506128E-01, 0.000000000E+00, 0.000000000E+00
        21, 0.000000000E+00, 2.074911892E-01, 0.000000000E+00, 0.000000000E+00
        22, 0.000000000E+00, 2.181317657E-01, 0.000000000E+00, 0.000000000E+00
        23, 0.000000000E+00, 2.287723422E-01, 0.000000000E+00, 0.000000000E+00
        24, 0.000000000E+00, 2.394129038E-01, 0.000000000E+00, 0.000000000E+00
        25, 0.000000000E+00, 2.500534952E-01, 0.000000000E+00, 0.000000000E+00
        26, 0.000000000E+00, 2.606940567E-01, 0.000000000E+00, 0.000000000E+00
        27, 0.000000000E+00, 2.713346183E-01, 0.000000000E+00, 0.000000000E+00
        28, 0.000000000E+00, 2.819752097E-01, 0.000000000E+00, 0.000000000E+00
        29, 0.000000000E+00, 2.926157713E-01, 0.000000000E+00, 0.000000000E+00
        30, 0.000000000E+00, 3.032563627E-01, 0.000000000E+00, 0.000000000E+00
        31, 0.000000000E+00, 3.138969243E-01, 0.000000000E+00, 0.000000000E+00
        32, 0.000000000E+00, 3.245374858E-01, 0.000000000E+00,-2.558818751E-25
        33, 0.000000000E+00, 3.351780772E-01, 0.000000000E+00,-5.139267574E-25
        34, 0.000000000E+00, 3.458186388E-01, 0.000000000E+00,-2.580444386E-25
        35, 0.000000000E+00, 3.564592302E-01, 0.000000000E+00, 0.000000000E+00
        36, 0.000000000E+00, 3.670997918E-01, 0.000000000E+00, 0.000000000E+00
        37, 0.000000000E+00, 3.777403533E-01, 0.000000000E+00, 0.000000000E+00
        38, 0.000000000E+00, 3.883809447E-01, 0.000000000E+00, 0.000000000E+00
        39, 8.673617380E-19, 3.990215063E-01, 0.000000000E+00,-2.590364066E-25
        40, 0.000000000E+00, 4.096620977E-01, 0.000000000E+00,-5.189314389E-25
        41, 1.734723476E-18, 4.203026593E-01, 0.000000000E+00,-7.821226526E-25
        42, 3.469446952E-18, 4.309432209E-01, 0.000000000E+00,-1.307289445E-24
        43, 0.000000000E+00, 4.415838122E-01, 0.000000000E+00,-1.046480986E-24
        44, 0.000000000E+00, 4.522243738E-01, 0.000000000E+00,-2.614187172E-25
        45, 0.000000000E+00, 4.628649652E-01, 0.000000000E+00,-2.612494572E-25
        46, 0.000000000E+00, 4.735055268E-01, 0.000000000E+00,-5.213088685E-25
        47, 0.000000000E+00, 4.841461182E-01, 0.000000000E+00, 2.208120281E-27
        48, 1.734723476E-18, 4.947866797E-01, 0.000000000E+00, 5.242723231E-25
        49, 0.000000000E+00, 5.054272413E-01, 0.000000000E+00, 5.219680603E-25
        50, 0.000000000E+00, 5.160678029E-01, 0.000000000E+00, 2.599631209E-25
        51, 1.734723476E-18, 5.267084241E-01, 0.000000000E+00,-2.599426105E-25
        52, 0.000000000E+00, 5.373489857E-01, 0.000000000E+00,-2.599415751E-25
        53, 0.000000000E+00, 5.479895473E-01, 0.000000000E+00, 0.000000000E+00
        54, 0.000000000E+00, 5.586301088E-01, 0.000000000E+00,-2.667261487E-25
        55, 0.000000000E+00, 5.692706704E-01, 0.000000000E+00,-7.962015518E-25
        56, 0.000000000E+00, 5.799112916E-01, 0.000000000E+00,-5.294742198E-25
        57, 0.000000000E+00, 5.905518532E-01, 0.000000000E+00, 0.000000000E+00
        58, 0.000000000E+00, 6.011924148E-01, 0.000000000E+00,-2.676787722E-25
        59, 0.000000000E+00, 6.118329763E-01, 0.000000000E+00,-2.676796597E-25
        60, 1.734723476E-18, 6.224735379E-01, 0.000000000E+00, 2.690937915E-25
        61,-1.734723476E-18, 6.331141591E-01, 0.000000000E+00, 5.355103862E-25
        62,-1.734723476E-18, 6.437547207E-01, 0.000000000E+00, 2.664153868E-25
        63, 0.000000000E+00, 6.543952823E-01, 0.000000000E+00, 0.000000000E+00
        64, 0.000000000E+00, 6.650358438E-01, 0.000000000E+00, 2.602761754E-25
        65, 0.000000000E+00, 6.756764054E-01, 0.000000000E+00, 2.602772108E-25
        66, 0.000000000E+00, 6.863170266E-01, 0.000000000E+00,-2.681209041E-25
        67, 0.000000000E+00, 6.969575882E-01, 0.000000000E+00,-7.960208533E-25
        68, 0.000000000E+00, 7.075981498E-01, 0.000000000E+00,-1.323413171E-24
        69, 0.000000000E+00, 7.182387114E-01, 0.000000000E+00,-1.337716008E-24
        70, 0.000000000E+00, 7.288792729E-01, 0.000000000E+00,-1.343102350E-24
        71, 0.000000000E+00, 7.395198941E-01, 0.000000000E+00,-2.089745392E-24
        72, 0.000000000E+00, 7.501604557E-01, 0.000000000E+00,-2.616608038E-24
        73, 0.000000000E+00, 7.608010173E-01, 0.000000000E+00,-2.936237122E-24
        74, 0.000000000E+00, 7.714415789E-01, 0.000000000E+00,-3.181043735E-24
        75, 0.000000000E+00, 7.820821404E-01, 0.000000000E+00,-2.860331348E-24
        76, 0.000000000E+00, 7.927227616E-01, 0.000000000E+00,-2.864426916E-24
        77, 0.000000000E+00, 8.033633232E-01, 0.000000000E+00,-2.885922193E-24
        78, 0.000000000E+00, 8.140038848E-01, 0.000000000E+00,-2.326376842E-24
        79, 0.000000000E+00, 8.246444464E-01, 0.000000000E+00,-1.518803959E-24
        80, 0.000000000E+00, 8.352850080E-01, 0.000000000E+00,-5.016825515E-25
        81, 8.673617380E-19, 8.459256291E-01, 0.000000000E+00, 0.000000000E+00
        82, 0.000000000E+00, 8.565661907E-01, 0.000000000E+00, 2.489016393E-25
        83, 0.000000000E+00, 8.672067523E-01, 0.000000000E+00, 7.436287056E-25
        84, 0.000000000E+00, 8.778473139E-01, 0.000000000E+00, 2.464521030E-25
        85, 0.000000000E+00, 8.884878755E-01, 0.000000000E+00,-4.844237047E-25
        86, 0.000000000E+00, 8.991284966E-01, 0.000000000E+00, 1.433229610E-26
        87, 0.000000000E+00, 9.097690582E-01, 0.000000000E+00, 9.755497688E-27
        88, 8.673617380E-19, 9.204096198E-01, 0.000000000E+00,-4.335387250E-25
        89, 0.000000000E+00, 9.310501814E-01, 0.000000000E+00,-1.928164639E-25
        90, 0.000000000E+00, 9.416908026E-01, 0.000000000E+00, 0.000000000E+00
        91, 4.336808690E-19, 9.523313642E-01, 0.000000000E+00, 0.000000000E+00
        92,-2.168404345E-19, 9.629719257E-01, 0.000000000E+00, 0.000000000E+00
        93,-7.589415207E-19, 9.725771546E-01, 0.000000000E+00,-5.774909875E-26
        94, 0.000000000E+00, 9.809296131E-01, 0.000000000E+00,-1.758411140E-25
        95, 4.878909776E-19, 9.881925583E-01, 0.000000000E+00,-1.406476871E-25
        96, 0.000000000E+00, 9.945081472E-01, 0.000000000E+00,-2.731177894E-26
        97, 0.000000000E+00, 1.000000000E+00, 0.000000000E+00, 0.000000000E+00
