(title "Static Pressure vs. Y-Coordinate")
(labels "Y-Coordinate" "Static Pressure")

((xy/key/label "line")
0	8.5309e-12
0.00532029	7.03957e-12
0.0159609	1.3765e-11
0.0266014	1.11613e-11
0.037242	4.7995e-12
0.0478826	8.07064e-12
0.0585232	1.40381e-11
0.0691637	1.97902e-11
0.0798043	1.80916e-11
0.0904449	9.74607e-12
0.101085	2.13884e-11
0.111726	2.50404e-11
0.122367	1.81461e-11
0.133007	1.95144e-11
0.143648	1.0838e-11
0.154288	1.34875e-11
0.164929	2.40762e-11
0.175569	2.26792e-11
0.18621	1.87347e-11
0.196851	4.60863e-12
0.207491	9.70435e-12
0.218132	1.72132e-11
0.228772	6.09678e-12
0.239413	1.96754e-11
0.250053	2.02631e-11
0.260694	6.69471e-12
0.271335	1.12498e-11
0.281975	1.37368e-11
0.292616	1.08819e-11
0.303256	1.49994e-11
0.313897	1.53054e-11
0.324537	6.15115e-12
0.335178	6.03189e-12
0.345819	1.97441e-11
0.356459	2.56758e-11
0.3671	2.05908e-11
0.37774	1.64079e-11
0.388381	1.30679e-11
0.399022	1.52627e-11
0.409662	1.25429e-11
0.420303	1.09208e-11
0.430943	1.29573e-11
0.441584	1.61823e-11
0.452224	1.94431e-11
0.462865	3.03805e-11
0.473506	3.11221e-11
0.484146	2.26026e-11
0.494787	2.36239e-11
0.505427	2.56293e-11
0.516068	2.36892e-11
0.526708	2.23273e-11
0.537349	1.99753e-11
0.54799	2.02505e-11
0.55863	3.0521e-11
0.569271	3.94067e-11
0.579911	3.49533e-11
0.590552	3.42761e-11
0.601192	3.99864e-11
0.611833	3.90165e-11
0.622474	4.53334e-11
0.633114	4.57726e-11
0.643755	3.31775e-11
0.654395	5.0444e-11
0.665036	6.73099e-11
0.675676	3.18305e-11
0.686317	2.66947e-11
0.696958	4.81099e-11
0.707598	3.7928e-11
0.718239	2.85926e-11
0.728879	5.27266e-11
0.73952	5.29682e-11
0.75016	1.87357e-11
0.760801	2.28732e-11
0.771442	4.29369e-11
0.782082	4.39526e-11
0.792723	2.75152e-11
0.803363	3.06116e-11
0.814004	4.24479e-11
0.824644	4.24711e-11
0.835285	4.50328e-11
0.845926	4.41269e-11
0.856566	4.04504e-11
0.867207	4.63819e-11
0.877847	5.33201e-11
0.888488	5.72175e-11
0.899128	4.5879e-11
0.909769	6.21224e-11
0.92041	9.53e-11
0.93105	9.91246e-11
0.941691	6.60818e-11
0.952331	4.67403e-11
0.962972	8.37754e-11
0.972577	9.91308e-11
0.98093	9.23245e-11
0.988193	8.75503e-11
0.994508	8.55346e-11
1	8.39373e-11
)
