(title "Wall Yplus vs. Y-Coordinate")
(labels "Y-Coordinate" "Wall Yplus")

((xy/key/label "line")
0	0
0.00532029	0
0.0159609	0
0.0266014	0
0.037242	0
0.0478826	0
0.0585232	0
0.0691637	0
0.0798043	0
0.0904449	0
0.101085	0
0.111726	0
0.122367	0
0.133007	0
0.143648	0
0.154288	0
0.164929	0
0.175569	0
0.18621	0
0.196851	0
0.207491	0
0.218132	0
0.228772	0
0.239413	0
0.250053	0
0.260694	0
0.271335	0
0.281975	0
0.292616	0
0.303256	0
0.313897	0
0.324537	0
0.335178	0
0.345819	0
0.356459	0
0.3671	0
0.37774	0
0.388381	0
0.399022	0
0.409662	0
0.420303	0
0.430943	0
0.441584	0
0.452224	0
0.462865	0
0.473506	0
0.484146	0
0.494787	0
0.505427	0
0.516068	0
0.526708	0
0.537349	0
0.54799	0
0.55863	0
0.569271	0
0.579911	0
0.590552	0
0.601192	0
0.611833	0
0.622474	0
0.633114	0
0.643755	0
0.654395	0
0.665036	0
0.675676	0
0.686317	0
0.696958	0
0.707598	0
0.718239	0
0.728879	0
0.73952	0
0.75016	0
0.760801	0
0.771442	0
0.782082	0
0.792723	0
0.803363	0
0.814004	0
0.824644	0
0.835285	0
0.845926	0
0.856566	0
0.867207	0
0.877847	0
0.888488	0
0.899128	0
0.909769	0
0.92041	0
0.93105	0
0.941691	0
0.952331	0
0.962972	0
0.972577	0
0.98093	0
0.988193	0
0.994508	0
1	0.502172
)
