(title "dX-Velocity/dy vs. Y-Coordinate")
(labels "Y-Coordinate" "dX-Velocity/dy")

((xy/key/label "line")
0	-2.62577e-05
0.00532029	-0.00252949
0.0159609	-0.00799546
0.0266014	-0.0135708
0.037242	-0.0189055
0.0478826	-0.0243277
0.0585232	-0.0297543
0.0691637	-0.0352028
0.0798043	-0.040695
0.0904449	-0.0462048
0.101085	-0.0517451
0.111726	-0.057338
0.122367	-0.0629834
0.133007	-0.0686594
0.143648	-0.0743836
0.154288	-0.0801778
0.164929	-0.0860202
0.175569	-0.0919281
0.18621	-0.0979061
0.196851	-0.103954
0.207491	-0.110098
0.218132	-0.116313
0.228772	-0.122601
0.239413	-0.128986
0.250053	-0.135472
0.260694	-0.142067
0.271335	-0.148763
0.281975	-0.155572
0.292616	-0.162491
0.303256	-0.169533
0.313897	-0.176727
0.324537	-0.184058
0.335178	-0.191515
0.345819	-0.199147
0.356459	-0.206941
0.3671	-0.214889
0.37774	-0.223046
0.388381	-0.231387
0.399022	-0.239912
0.409662	-0.248678
0.420303	-0.25768
0.430943	-0.266909
0.441584	-0.27641
0.452224	-0.2862
0.462865	-0.29627
0.473506	-0.306642
0.484146	-0.317377
0.494787	-0.328484
0.505427	-0.339954
0.516068	-0.351853
0.526708	-0.364211
0.537349	-0.377047
0.54799	-0.390399
0.55863	-0.40432
0.569271	-0.418862
0.579911	-0.434065
0.590552	-0.449947
0.601192	-0.466669
0.611833	-0.485001
0.622474	-0.50595
0.633114	-0.529407
0.643755	-0.554221
0.654395	-0.579525
0.665036	-0.605266
0.675676	-0.631838
0.686317	-0.659654
0.696958	-0.689098
0.707598	-0.72055
0.718239	-0.754357
0.728879	-0.790885
0.73952	-0.830547
0.75016	-0.873825
0.760801	-0.921321
0.771442	-0.97374
0.782082	-1.03193
0.792723	-1.09693
0.803363	-1.17004
0.814004	-1.25292
0.824644	-1.34766
0.835285	-1.45698
0.845926	-1.58439
0.856566	-1.73462
0.867207	-1.9141
0.877847	-2.13162
0.888488	-2.39956
0.899128	-2.73559
0.909769	-3.16519
0.92041	-3.72452
0.93105	-4.46542
0.941691	-5.48156
0.952331	-6.91094
0.962972	-8.73749
0.972577	-10.3372
0.98093	-11.2383
0.988193	-11.5591
0.994508	-11.6613
1	-11.6963
)
