(title "Y Velocity vs. Y-Coordinate")
(labels "Y-Coordinate" "Y Velocity")

((xy/key/label "line")
0	-1.47247e-09
0.00532029	-1.47592e-09
0.0159609	-1.47939e-09
0.0266014	-1.47989e-09
0.037242	-1.48608e-09
0.0478826	-1.49361e-09
0.0585232	-1.49667e-09
0.0691637	-1.49533e-09
0.0798043	-1.49131e-09
0.0904449	-1.49406e-09
0.101085	-1.49582e-09
0.111726	-1.48851e-09
0.122367	-1.48575e-09
0.133007	-1.48385e-09
0.143648	-1.48379e-09
0.154288	-1.48805e-09
0.164929	-1.4839e-09
0.175569	-1.477e-09
0.18621	-1.47112e-09
0.196851	-1.47286e-09
0.207491	-1.48133e-09
0.218132	-1.47912e-09
0.228772	-1.48213e-09
0.239413	-1.48421e-09
0.250053	-1.47508e-09
0.260694	-1.47753e-09
0.271335	-1.48304e-09
0.281975	-1.48075e-09
0.292616	-1.47987e-09
0.303256	-1.47878e-09
0.313897	-1.47224e-09
0.324537	-1.47147e-09
0.335178	-1.48129e-09
0.345819	-1.4857e-09
0.356459	-1.47973e-09
0.3671	-1.47644e-09
0.37774	-1.47936e-09
0.388381	-1.48697e-09
0.399022	-1.49288e-09
0.409662	-1.49572e-09
0.420303	-1.50171e-09
0.430943	-1.50687e-09
0.441584	-1.50775e-09
0.452224	-1.51081e-09
0.462865	-1.51032e-09
0.473506	-1.50257e-09
0.484146	-1.5055e-09
0.494787	-1.51111e-09
0.505427	-1.50447e-09
0.516068	-1.49828e-09
0.526708	-1.49822e-09
0.537349	-1.50282e-09
0.54799	-1.51745e-09
0.55863	-1.53266e-09
0.569271	-1.53184e-09
0.579911	-1.52689e-09
0.590552	-1.53469e-09
0.601192	-1.54239e-09
0.611833	-1.54676e-09
0.622474	-1.55084e-09
0.633114	-1.5435e-09
0.643755	-1.55015e-09
0.654395	-1.5615e-09
0.665036	-1.52944e-09
0.675676	-1.51021e-09
0.686317	-1.53281e-09
0.696958	-1.53359e-09
0.707598	-1.52509e-09
0.718239	-1.5457e-09
0.728879	-1.55088e-09
0.73952	-1.51245e-09
0.75016	-1.50837e-09
0.760801	-1.53809e-09
0.771442	-1.52812e-09
0.782082	-1.49778e-09
0.792723	-1.49975e-09
0.803363	-1.51214e-09
0.814004	-1.48765e-09
0.824644	-1.45591e-09
0.835285	-1.43673e-09
0.845926	-1.41603e-09
0.856566	-1.41971e-09
0.867207	-1.43038e-09
0.877847	-1.42859e-09
0.888488	-1.39626e-09
0.899128	-1.4026e-09
0.909769	-1.41579e-09
0.92041	-1.24959e-09
0.93105	-9.63105e-10
0.941691	-7.76389e-10
0.952331	-9.78436e-10
0.962972	-9.97225e-10
0.972577	-5.37251e-10
0.98093	-2.17159e-10
0.988193	-8.56042e-11
0.994508	-2.57198e-11
1	0
)
