(title "dX-Velocity/dy vs. Y-Coordinate")
(labels "Y-Coordinate" "dX-Velocity/dy")

((xy/key/label "line")
-0.99908	29.7121
-0.997102	29.6614
-0.994827	29.4292
-0.992212	28.0553
-0.989203	24.5237
-0.985744	19.4896
-0.981766	14.7636
-0.977191	11.1378
-0.972088	8.49409
-0.966776	6.6879
-0.961464	5.47912
-0.956152	4.6273
-0.95084	3.99359
-0.945528	3.50693
-0.940216	3.12575
-0.934904	2.81898
-0.929592	2.56562
-0.92428	2.35299
-0.918968	2.17228
-0.913656	2.01686
-0.908344	1.88183
-0.903032	1.7635
-0.89772	1.6589
-0.892408	1.56585
-0.887096	1.48254
-0.881784	1.40747
-0.876472	1.33954
-0.87116	1.27776
-0.865848	1.22128
-0.860536	1.16951
-0.855225	1.12184
-0.849913	1.07783
-0.844601	1.03703
-0.839289	0.999146
-0.833977	0.9638
-0.828665	0.930843
-0.823353	0.899964
-0.818041	0.870965
-0.812729	0.84372
-0.807417	0.81823
-0.802105	0.794576
-0.796793	0.772397
-0.791481	0.751516
-0.786169	0.731652
-0.780857	0.712684
-0.775545	0.694588
-0.770233	0.677318
-0.764921	0.660697
-0.759609	0.64476
-0.754297	0.629299
-0.748985	0.614341
-0.743674	0.599737
-0.738362	0.585377
-0.73305	0.571193
-0.727738	0.557257
-0.722426	0.543773
-0.717114	0.531026
-0.711802	0.519297
-0.70649	0.508339
-0.701178	0.497839
-0.695866	0.487668
-0.690554	0.47785
-0.685242	0.468312
-0.67993	0.45909
-0.674618	0.450133
-0.669306	0.441453
-0.663994	0.433072
-0.658682	0.424867
-0.65337	0.416891
-0.648058	0.40921
-0.642746	0.401654
-0.637434	0.39436
-0.632122	0.387189
-0.62681	0.3803
-0.621499	0.373479
-0.616187	0.366904
-0.610875	0.360399
-0.605563	0.354123
-0.600251	0.347953
-0.594939	0.341973
-0.589627	0.336082
-0.584315	0.330314
-0.579003	0.324721
-0.573691	0.319164
-0.568379	0.313745
-0.563067	0.308538
-0.557755	0.303313
-0.552443	0.298211
-0.547131	0.293268
-0.541819	0.288323
-0.536507	0.283554
-0.531195	0.27882
-0.525883	0.274193
-0.520571	0.269668
-0.51526	0.26518
-0.509948	0.260797
-0.504636	0.256466
-0.499324	0.252241
-0.494012	0.248051
-0.4887	0.243913
-0.483388	0.239863
-0.478076	0.235901
-0.472764	0.231938
-0.467452	0.228099
-0.46214	0.224259
-0.456828	0.22049
-0.451516	0.216808
-0.446204	0.213126
-0.440892	0.20955
-0.43558	0.205938
-0.430268	0.202431
-0.424956	0.19896
-0.419644	0.195593
-0.414332	0.192175
-0.40902	0.188826
-0.403708	0.18553
-0.398397	0.182269
-0.393085	0.179095
-0.387773	0.175852
-0.382461	0.172713
-0.377149	0.16961
-0.371837	0.166524
-0.366525	0.163456
-0.361213	0.160476
-0.355901	0.157495
-0.350589	0.154515
-0.345277	0.151622
-0.339965	0.148747
-0.334653	0.145836
-0.329341	0.143013
-0.324029	0.140208
-0.318717	0.137438
-0.313405	0.134685
-0.308093	0.131915
-0.302781	0.12925
-0.297469	0.126568
-0.292157	0.123868
-0.286846	0.121255
-0.281534	0.11866
-0.276222	0.116066
-0.27091	0.113436
-0.265598	0.110929
-0.260286	0.108422
-0.254974	0.105879
-0.249662	0.103407
-0.24435	0.1009
-0.239038	0.0984805
-0.233726	0.096026
-0.228414	0.0936065
-0.223102	0.0912219
-0.21779	0.088785
-0.212478	0.0864356
-0.207166	0.0840687
-0.201854	0.0817544
-0.196542	0.0794226
-0.19123	0.0771082
-0.185918	0.074794
-0.180606	0.0725323
-0.175294	0.0702531
-0.169983	0.0679914
-0.164671	0.0657297
-0.159359	0.0634854
-0.154047	0.0612939
-0.148735	0.0590673
-0.143423	0.0568757
-0.138111	0.0546666
-0.132799	0.0524575
-0.127487	0.050336
-0.122175	0.048162
-0.116863	0.0460055
-0.111551	0.0438315
-0.106239	0.0416925
-0.100927	0.0395886
-0.0956152	0.0374321
-0.0903032	0.0353282
-0.0849913	0.0332067
-0.0796793	0.0311379
-0.0743674	0.0289814
-0.0690554	0.02693
-0.0637434	0.0248437
-0.0584315	0.0227398
-0.0531195	0.0206709
-0.0478076	0.0185845
-0.0424956	0.0164982
-0.0371837	0.0144468
-0.0318717	0.012378
-0.0265598	0.0103092
-0.0212478	0.00824031
-0.0159359	0.00617147
-0.0106239	0.00419029
-0.00531195	0.00191105
-1.31835e-16	7.26413e-15
)
