(title "Turbulent Kinetic Energy (k) vs. Y-Coordinate")
(labels "Y-Coordinate" "Turbulent Kinetic Energy (k)")

((xy/key/label "line")
0	0.00263646
0.00199533	0.0026365
0.00598599	0.0026368
0.00997665	0.00263732
0.0139673	0.00263805
0.017958	0.002639
0.0219486	0.00264017
0.0259393	0.00264156
0.0299299	0.00264316
0.0339206	0.00264498
0.0379113	0.00264702
0.0419019	0.00264927
0.0458926	0.00265174
0.0498832	0.00265443
0.0538739	0.00265733
0.0578646	0.00266046
0.0618552	0.00266379
0.0658459	0.00266735
0.0698365	0.00267112
0.0738272	0.00267511
0.0778178	0.00267931
0.0818085	0.00268373
0.0857992	0.00268836
0.0897898	0.00269321
0.0937805	0.00269828
0.0977711	0.00270356
0.101762	0.00270906
0.105752	0.00271477
0.109743	0.0027207
0.113734	0.00272684
0.117724	0.0027332
0.121715	0.00273977
0.125706	0.00274656
0.129696	0.00275355
0.133687	0.00276077
0.137678	0.00276819
0.141668	0.00277583
0.145659	0.00278368
0.14965	0.00279175
0.15364	0.00280003
0.157631	0.00280851
0.161622	0.00281721
0.165612	0.00282613
0.169603	0.00283525
0.173594	0.00284458
0.177584	0.00285413
0.181575	0.00286388
0.185566	0.00287385
0.189556	0.00288402
0.193547	0.0028944
0.197538	0.00290499
0.201528	0.00291579
0.205519	0.0029268
0.20951	0.00293802
0.2135	0.00294944
0.217491	0.00296107
0.221482	0.0029729
0.225472	0.00298494
0.229463	0.00299719
0.233454	0.00300963
0.237444	0.00302229
0.241435	0.00303514
0.245426	0.0030482
0.249416	0.00306147
0.253407	0.00307493
0.257397	0.0030886
0.261388	0.00310246
0.265379	0.00311653
0.269369	0.00313079
0.27336	0.00314525
0.277351	0.00315992
0.281341	0.00317478
0.285332	0.00318983
0.289323	0.00320508
0.293313	0.00322053
0.297304	0.00323617
0.301295	0.00325201
0.305285	0.00326804
0.309276	0.00328426
0.313267	0.00330067
0.317257	0.00331728
0.321248	0.00333407
0.325239	0.00335105
0.329229	0.00336822
0.33322	0.00338558
0.337211	0.00340313
0.341201	0.00342086
0.345192	0.00343877
0.349183	0.00345687
0.353173	0.00347516
0.357164	0.00349363
0.361155	0.00351227
0.365145	0.0035311
0.369136	0.00355011
0.373127	0.0035693
0.377117	0.00358866
0.381108	0.0036082
0.385099	0.00362792
0.389089	0.00364781
0.39308	0.00366788
0.397071	0.00368811
0.401061	0.00370853
0.405052	0.00372911
0.409043	0.00374986
0.413033	0.00377078
0.417024	0.00379186
0.421014	0.00381312
0.425005	0.00383454
0.428996	0.00385612
0.432986	0.00387787
0.436977	0.00389978
0.440968	0.00392185
0.444958	0.00394408
0.448949	0.00396647
0.45294	0.00398902
0.45693	0.00401172
0.460921	0.00403458
0.464912	0.00405759
0.468902	0.00408076
0.472893	0.00410407
0.476884	0.00412754
0.480874	0.00415116
0.484865	0.00417493
0.488856	0.00419884
0.492846	0.0042229
0.496837	0.0042471
0.500828	0.00427145
0.504818	0.00429594
0.508809	0.00432057
0.5128	0.00434534
0.51679	0.00437025
0.520781	0.0043953
0.524772	0.00442049
0.528762	0.0044458
0.532753	0.00447126
0.536744	0.00449684
0.540734	0.00452256
0.544725	0.00454841
0.548716	0.00457438
0.552706	0.00460049
0.556697	0.00462672
0.560688	0.00465307
0.564678	0.00467955
0.568669	0.00470615
0.572659	0.00473287
0.57665	0.00475971
0.580641	0.00478666
0.584632	0.00481374
0.588622	0.00484093
0.592613	0.00486824
0.596603	0.00489566
0.600594	0.00492319
0.604585	0.00495084
0.608575	0.00497859
0.612566	0.00500645
0.616557	0.00503442
0.620547	0.0050625
0.624538	0.00509068
0.628529	0.00511896
0.632519	0.00514734
0.63651	0.00517582
0.640501	0.0052044
0.644491	0.00523308
0.648482	0.00526186
0.652473	0.00529073
0.656463	0.00531969
0.660454	0.00534874
0.664445	0.00537788
0.668435	0.00540711
0.672426	0.00543643
0.676417	0.00546583
0.680407	0.00549532
0.684398	0.00552489
0.688389	0.00555453
0.692379	0.00558426
0.69637	0.00561406
0.700361	0.00564394
0.704351	0.00567388
0.708342	0.0057039
0.712333	0.00573399
0.716323	0.00576414
0.720314	0.00579436
0.724305	0.00582465
0.728295	0.00585499
0.732286	0.00588539
0.736277	0.00591584
0.740267	0.00594635
0.744258	0.00597691
0.748248	0.00600752
0.752239	0.00603816
0.75623	0.00606885
0.76022	0.00609958
0.764211	0.00613034
0.768202	0.00616114
0.772192	0.00619196
0.776183	0.0062228
0.780174	0.00625366
0.784164	0.00628453
0.788155	0.00631542
0.792146	0.00634631
0.796136	0.00637719
0.800127	0.00640807
0.804118	0.00643893
0.808108	0.00646976
0.812099	0.00650057
0.81609	0.00653134
0.82008	0.00656205
0.824071	0.00659271
0.828062	0.00662329
0.832052	0.0066538
0.836043	0.0066842
0.840034	0.00671449
0.844024	0.00674466
0.848015	0.00677467
0.852006	0.00680452
0.855996	0.00683418
0.859987	0.00686361
0.863978	0.0068928
0.867968	0.00692171
0.871959	0.0069503
0.87595	0.00697853
0.87994	0.00700636
0.883931	0.00703372
0.887922	0.00706055
0.891912	0.00708677
0.895903	0.0071123
0.899894	0.00713704
0.903884	0.00716087
0.907875	0.00718365
0.911865	0.00720521
0.915856	0.00722534
0.919847	0.0072438
0.923837	0.00726028
0.927828	0.00727442
0.931819	0.00728574
0.935809	0.00729365
0.9398	0.00729739
0.943791	0.00729597
0.947781	0.00728807
0.951772	0.00727191
0.955763	0.007245
0.959753	0.00720383
0.963744	0.00714322
0.967735	0.00705533
0.971725	0.00692799
0.975716	0.00673995
0.979707	0.00644492
0.983223	0.00601932
0.98628	0.00541755
0.988939	0.00459456
0.991251	0.00352309
0.993261	0.00227786
0.995009	0.00114599
0.996529	0.000422905
0.997851	0.000109403
0.999	1.76699e-05
1	2.80404e-06
)
