(title "Static Pressure vs. Y-Coordinate")
(labels "Y-Coordinate" "Static Pressure")

((xy/key/label "line")
0	-2.1018e-08
0.00199533	-2.14136e-08
0.00598599	-1.06237e-07
0.00997665	-2.73206e-07
0.0139673	-5.22551e-07
0.017958	-8.5608e-07
0.0219486	-1.27317e-06
0.0259393	-1.77457e-06
0.0299299	-2.36062e-06
0.0339206	-3.03073e-06
0.0379113	-3.78558e-06
0.0419019	-4.62523e-06
0.0458926	-5.54931e-06
0.0498832	-6.55868e-06
0.0538739	-7.65277e-06
0.0578646	-8.83152e-06
0.0618552	-1.00957e-05
0.0658459	-1.1445e-05
0.0698365	-1.28796e-05
0.0738272	-1.43995e-05
0.0778178	-1.60047e-05
0.0818085	-1.76953e-05
0.0857992	-1.94714e-05
0.0897898	-2.13329e-05
0.0937805	-2.32796e-05
0.0977711	-2.53121e-05
0.101762	-2.74299e-05
0.105752	-2.96334e-05
0.109743	-3.19224e-05
0.113734	-3.42968e-05
0.117724	-3.67569e-05
0.121715	-3.93024e-05
0.125706	-4.19334e-05
0.129696	-4.46497e-05
0.133687	-4.74512e-05
0.137678	-5.03378e-05
0.141668	-5.33092e-05
0.145659	-5.63656e-05
0.14965	-5.9507e-05
0.15364	-6.27327e-05
0.157631	-6.60429e-05
0.161622	-6.94374e-05
0.165612	-7.29162e-05
0.169603	-7.64788e-05
0.173594	-8.01248e-05
0.177584	-8.38538e-05
0.181575	-8.76658e-05
0.185566	-9.15608e-05
0.189556	-9.55378e-05
0.193547	-9.95969e-05
0.197538	-0.000103738
0.201528	-0.000107959
0.205519	-0.000112262
0.20951	-0.000116645
0.2135	-0.000121109
0.217491	-0.000125652
0.221482	-0.000130274
0.225472	-0.000134975
0.229463	-0.000139754
0.233454	-0.00014461
0.237444	-0.000149544
0.241435	-0.000154554
0.245426	-0.000159641
0.249416	-0.000164802
0.253407	-0.000170038
0.257397	-0.000175348
0.261388	-0.000180732
0.265379	-0.000186188
0.269369	-0.000191716
0.27336	-0.000197315
0.277351	-0.000202985
0.281341	-0.000208725
0.285332	-0.000214534
0.289323	-0.000220411
0.293313	-0.000226356
0.297304	-0.000232368
0.301295	-0.000238445
0.305285	-0.000244587
0.309276	-0.000250793
0.313267	-0.000257063
0.317257	-0.000263395
0.321248	-0.000269788
0.325239	-0.000276241
0.329229	-0.000282755
0.33322	-0.000289327
0.337211	-0.000295957
0.341201	-0.000302644
0.345192	-0.000309387
0.349183	-0.000316185
0.353173	-0.000323037
0.357164	-0.000329942
0.361155	-0.000336899
0.365145	-0.000343906
0.369136	-0.000350964
0.373127	-0.000358071
0.377117	-0.000365226
0.381108	-0.000372428
0.385099	-0.000379676
0.389089	-0.000386969
0.39308	-0.000394305
0.397071	-0.000401685
0.401061	-0.000409106
0.405052	-0.000416569
0.409043	-0.000424071
0.413033	-0.000431612
0.417024	-0.00043919
0.421014	-0.000446806
0.425005	-0.000454457
0.428996	-0.000462143
0.432986	-0.000469863
0.436977	-0.000477616
0.440968	-0.0004854
0.444958	-0.000493216
0.448949	-0.000501061
0.45294	-0.000508934
0.45693	-0.000516836
0.460921	-0.000524763
0.464912	-0.000532717
0.468902	-0.000540694
0.472893	-0.000548696
0.476884	-0.00055672
0.480874	-0.000564766
0.484865	-0.000572832
0.488856	-0.000580918
0.492846	-0.000589023
0.496837	-0.000597146
0.500828	-0.000605285
0.504818	-0.00061344
0.508809	-0.00062161
0.5128	-0.000629794
0.51679	-0.00063799
0.520781	-0.000646199
0.524772	-0.000654419
0.528762	-0.000662648
0.532753	-0.000670888
0.536744	-0.000679135
0.540734	-0.00068739
0.544725	-0.000695651
0.548716	-0.000703917
0.552706	-0.000712187
0.556697	-0.000720461
0.560688	-0.000728738
0.564678	-0.000737015
0.568669	-0.000745294
0.572659	-0.000753571
0.57665	-0.000761848
0.580641	-0.000770122
0.584632	-0.000778394
0.588622	-0.000786661
0.592613	-0.000794924
0.596603	-0.000803181
0.600594	-0.000811432
0.604585	-0.000819675
0.608575	-0.00082791
0.612566	-0.000836135
0.616557	-0.00084435
0.620547	-0.000852553
0.624538	-0.000860744
0.628529	-0.000868923
0.632519	-0.000877086
0.63651	-0.000885235
0.640501	-0.000893368
0.644491	-0.000901483
0.648482	-0.00090958
0.652473	-0.000917658
0.656463	-0.000925716
0.660454	-0.000933753
0.664445	-0.000941767
0.668435	-0.000949758
0.672426	-0.000957725
0.676417	-0.000965667
0.680407	-0.000973582
0.684398	-0.000981469
0.688389	-0.000989328
0.692379	-0.000997157
0.69637	-0.00100495
0.700361	-0.00101272
0.704351	-0.00102045
0.708342	-0.00102815
0.712333	-0.00103581
0.716323	-0.00104343
0.720314	-0.00105101
0.724305	-0.00105855
0.728295	-0.00106605
0.732286	-0.00107351
0.736277	-0.00108092
0.740267	-0.00108828
0.744258	-0.00109559
0.748248	-0.00110285
0.752239	-0.00111006
0.75623	-0.00111722
0.76022	-0.00112432
0.764211	-0.00113136
0.768202	-0.00113833
0.772192	-0.00114525
0.776183	-0.0011521
0.780174	-0.00115888
0.784164	-0.00116559
0.788155	-0.00117222
0.792146	-0.00117878
0.796136	-0.00118525
0.800127	-0.00119164
0.804118	-0.00119795
0.808108	-0.00120416
0.812099	-0.00121028
0.81609	-0.00121629
0.82008	-0.0012222
0.824071	-0.001228
0.828062	-0.00123368
0.832052	-0.00123924
0.836043	-0.00124467
0.840034	-0.00124996
0.844024	-0.00125511
0.848015	-0.00126011
0.852006	-0.00126494
0.855996	-0.00126961
0.859987	-0.00127409
0.863978	-0.00127838
0.867968	-0.00128246
0.871959	-0.00128633
0.87595	-0.00128995
0.87994	-0.00129333
0.883931	-0.00129643
0.887922	-0.00129923
0.891912	-0.00130172
0.895903	-0.00130386
0.899894	-0.00130562
0.903884	-0.00130698
0.907875	-0.00130789
0.911865	-0.0013083
0.915856	-0.00130816
0.919847	-0.00130741
0.923837	-0.00130599
0.927828	-0.00130383
0.931819	-0.00130081
0.935809	-0.00129683
0.9398	-0.00129176
0.943791	-0.00128545
0.947781	-0.0012777
0.951772	-0.00126827
0.955763	-0.00125687
0.959753	-0.00124315
0.963744	-0.00122656
0.967735	-0.00120605
0.971725	-0.00117968
0.975716	-0.00114477
0.979707	-0.00109732
0.983223	-0.00103895
0.98628	-0.000968602
0.988939	-0.000885693
0.991251	-0.000787195
0.993261	-0.000663888
0.995009	-0.000516788
0.996529	-0.000404538
0.997851	-0.000470442
0.999	-0.000736133
1	-0.000891036
)
