(title "VW Reynolds Stress vs. Y-Coordinate")
(labels "Y-Coordinate" "VW Reynolds Stress")

((xy/key/label "line")
0	-1.87984e-20
0.00199533	-2.43393e-20
0.00598599	-3.55047e-20
0.00997665	-4.68605e-20
0.0139673	-5.88816e-20
0.017958	-7.16221e-20
0.0219486	-8.45575e-20
0.0259393	-9.76177e-20
0.0299299	-1.10867e-19
0.0339206	-1.241e-19
0.0379113	-1.37408e-19
0.0419019	-1.51047e-19
0.0458926	-1.64781e-19
0.0498832	-1.78463e-19
0.0538739	-1.92523e-19
0.0578646	-2.06976e-19
0.0618552	-2.21465e-19
0.0658459	-2.36149e-19
0.0698365	-2.51032e-19
0.0738272	-2.65134e-19
0.0778178	-2.78671e-19
0.0818085	-2.92868e-19
0.0857992	-3.06835e-19
0.0897898	-3.19683e-19
0.0937805	-3.3085e-19
0.0977711	-3.40671e-19
0.101762	-3.50973e-19
0.105752	-3.61215e-19
0.109743	-3.70572e-19
0.113734	-3.78368e-19
0.117724	-3.84321e-19
0.121715	-3.90282e-19
0.125706	-3.96618e-19
0.129696	-4.02672e-19
0.133687	-4.08164e-19
0.137678	-4.13188e-19
0.141668	-4.1874e-19
0.145659	-4.24848e-19
0.14965	-4.30618e-19
0.15364	-4.35778e-19
0.157631	-4.41469e-19
0.161622	-4.48613e-19
0.165612	-4.56307e-19
0.169603	-4.64053e-19
0.173594	-4.71398e-19
0.177584	-4.78539e-19
0.181575	-4.86689e-19
0.185566	-4.95086e-19
0.189556	-5.02786e-19
0.193547	-5.09592e-19
0.197538	-5.15708e-19
0.201528	-5.22139e-19
0.205519	-5.28918e-19
0.20951	-5.35446e-19
0.2135	-5.40353e-19
0.217491	-5.43688e-19
0.221482	-5.47418e-19
0.225472	-5.50855e-19
0.229463	-5.53369e-19
0.233454	-5.5361e-19
0.237444	-5.50871e-19
0.241435	-5.48311e-19
0.245426	-5.46104e-19
0.249416	-5.43046e-19
0.253407	-5.3797e-19
0.257397	-5.30947e-19
0.261388	-5.24644e-19
0.265379	-5.17883e-19
0.269369	-5.09164e-19
0.27336	-4.98358e-19
0.277351	-4.86433e-19
0.281341	-4.76089e-19
0.285332	-4.66033e-19
0.289323	-4.54601e-19
0.293313	-4.41681e-19
0.297304	-4.28141e-19
0.301295	-4.15973e-19
0.305285	-4.03957e-19
0.309276	-3.90369e-19
0.313267	-3.74272e-19
0.317257	-3.56894e-19
0.321248	-3.40891e-19
0.325239	-3.24918e-19
0.329229	-3.07296e-19
0.33322	-2.87268e-19
0.337211	-2.65237e-19
0.341201	-2.4278e-19
0.345192	-2.19025e-19
0.349183	-1.94039e-19
0.353173	-1.67817e-19
0.357164	-1.38897e-19
0.361155	-1.08321e-19
0.365145	-7.76383e-20
0.369136	-4.73544e-20
0.373127	-1.75715e-20
0.377117	1.26935e-20
0.381108	4.37689e-20
0.385099	7.44422e-20
0.389089	1.04394e-19
0.39308	1.33289e-19
0.397071	1.60675e-19
0.401061	1.87204e-19
0.405052	2.13189e-19
0.409043	2.38841e-19
0.413033	2.63068e-19
0.417024	2.85277e-19
0.421014	3.06902e-19
0.425005	3.27647e-19
0.428996	3.47416e-19
0.432986	3.65434e-19
0.436977	3.80686e-19
0.440968	3.95336e-19
0.444958	4.09571e-19
0.448949	4.23013e-19
0.45294	4.35347e-19
0.45693	4.46286e-19
0.460921	4.58402e-19
0.464912	4.71447e-19
0.468902	4.83831e-19
0.472893	4.96138e-19
0.476884	5.09733e-19
0.480874	5.25754e-19
0.484865	5.42949e-19
0.488856	5.5943e-19
0.492846	5.75636e-19
0.496837	5.93845e-19
0.500828	6.14545e-19
0.504818	6.3584e-19
0.508809	6.55769e-19
0.5128	6.71945e-19
0.51679	6.85928e-19
0.520781	7.01288e-19
0.524772	7.1647e-19
0.528762	7.30153e-19
0.532753	7.39954e-19
0.536744	7.45426e-19
0.540734	7.51293e-19
0.544725	7.57268e-19
0.548716	7.62306e-19
0.552706	7.64691e-19
0.556697	7.6342e-19
0.560688	7.62659e-19
0.564678	7.6178e-19
0.568669	7.59211e-19
0.572659	7.5373e-19
0.57665	7.44676e-19
0.580641	7.36515e-19
0.584632	7.29215e-19
0.588622	7.2033e-19
0.592613	7.09379e-19
0.596603	6.98703e-19
0.600594	6.92343e-19
0.604585	6.87642e-19
0.608575	6.81401e-19
0.612566	6.73225e-19
0.616557	6.65445e-19
0.620547	6.62117e-19
0.624538	6.61235e-19
0.628529	6.59549e-19
0.632519	6.55655e-19
0.63651	6.50724e-19
0.640501	6.47233e-19
0.644491	6.44137e-19
0.648482	6.40001e-19
0.652473	6.33407e-19
0.656463	6.24524e-19
0.660454	6.16189e-19
0.664445	6.0942e-19
0.668435	6.0381e-19
0.672426	5.95922e-19
0.676417	5.83575e-19
0.680407	5.71128e-19
0.684398	5.60046e-19
0.688389	5.49103e-19
0.692379	5.35383e-19
0.69637	5.16707e-19
0.700361	4.97847e-19
0.704351	4.80896e-19
0.708342	4.63718e-19
0.712333	4.44512e-19
0.716323	4.23266e-19
0.720314	4.02761e-19
0.724305	3.84067e-19
0.728295	3.65481e-19
0.732286	3.42106e-19
0.736277	3.18799e-19
0.740267	3.07855e-19
0.744258	3.05668e-19
0.748248	3.046e-19
0.752239	3.01613e-19
0.75623	2.9527e-19
0.76022	2.89489e-19
0.764211	2.87472e-19
0.768202	2.90081e-19
0.772192	2.92702e-19
0.776183	2.86789e-19
0.780174	2.78926e-19
0.784164	2.81547e-19
0.788155	2.8917e-19
0.792146	2.91806e-19
0.796136	2.76017e-19
0.800127	2.46805e-19
0.804118	2.31553e-19
0.808108	2.27931e-19
0.812099	2.22364e-19
0.81609	1.74674e-19
0.82008	5.9471e-20
0.824071	-6.50972e-20
0.828062	-1.69682e-19
0.832052	-2.75514e-19
0.836043	-3.83188e-19
0.840034	-4.83471e-19
0.844024	-5.78737e-19
0.848015	-6.74636e-19
0.852006	-7.73229e-19
0.855996	-8.63109e-19
0.859987	-9.35093e-19
0.863978	-1.00322e-18
0.867968	-1.07664e-18
0.871959	-1.15011e-18
0.87595	-1.21595e-18
0.87994	-1.27543e-18
0.883931	-1.31176e-18
0.887922	-1.35541e-18
0.891912	-1.45255e-18
0.895903	-1.54323e-18
0.899894	-1.61098e-18
0.903884	-1.69338e-18
0.907875	-1.79285e-18
0.911865	-1.9154e-18
0.915856	-2.04225e-18
0.919847	-2.15213e-18
0.923837	-2.2721e-18
0.927828	-2.43008e-18
0.931819	-2.70882e-18
0.935809	-2.74492e-18
0.9398	-2.05161e-18
0.943791	-1.05565e-18
0.947781	-1.59351e-19
0.951772	8.48383e-19
0.955763	1.81737e-18
0.959753	2.32929e-18
0.963744	2.67317e-18
0.967735	3.28735e-18
0.971725	4.47488e-18
0.975716	5.16884e-18
0.979707	3.75822e-18
0.983223	1.86018e-18
0.98628	5.03e-19
0.988939	-5.04644e-21
0.991251	1.17136e-18
0.993261	2.09476e-18
0.995009	8.89286e-19
0.996529	-1.37595e-18
0.997851	-5.03944e-18
0.999	-1.70153e-17
1	-2.54705e-17
)
