(title "WW Reynolds Stress vs. Y-Coordinate")
(labels "Y-Coordinate" "WW Reynolds Stress")

((xy/key/label "line")
0	0.0016258
0.00199533	0.0016258
0.00598599	0.00162597
0.00997665	0.0016263
0.0139673	0.00162679
0.017958	0.00162745
0.0219486	0.00162828
0.0259393	0.00162926
0.0299299	0.00163042
0.0339206	0.00163173
0.0379113	0.00163322
0.0419019	0.00163486
0.0458926	0.00163667
0.0498832	0.00163865
0.0538739	0.00164079
0.0578646	0.00164309
0.0618552	0.00164556
0.0658459	0.00164819
0.0698365	0.00165099
0.0738272	0.00165395
0.0778178	0.00165708
0.0818085	0.00166037
0.0857992	0.00166383
0.0897898	0.00166745
0.0937805	0.00167123
0.0977711	0.00167518
0.101762	0.0016793
0.105752	0.00168358
0.109743	0.00168802
0.113734	0.00169264
0.117724	0.00169741
0.121715	0.00170235
0.125706	0.00170746
0.129696	0.00171273
0.133687	0.00171817
0.137678	0.00172378
0.141668	0.00172954
0.145659	0.00173548
0.14965	0.00174158
0.15364	0.00174785
0.157631	0.00175428
0.161622	0.00176088
0.165612	0.00176764
0.169603	0.00177457
0.173594	0.00178167
0.177584	0.00178893
0.181575	0.00179635
0.185566	0.00180394
0.189556	0.0018117
0.193547	0.00181961
0.197538	0.0018277
0.201528	0.00183594
0.205519	0.00184435
0.20951	0.00185293
0.2135	0.00186167
0.217491	0.00187057
0.221482	0.00187963
0.225472	0.00188885
0.229463	0.00189824
0.233454	0.00190779
0.237444	0.0019175
0.241435	0.00192737
0.245426	0.0019374
0.249416	0.00194759
0.253407	0.00195794
0.257397	0.00196845
0.261388	0.00197912
0.265379	0.00198994
0.269369	0.00200092
0.27336	0.00201206
0.277351	0.00202335
0.281341	0.0020348
0.285332	0.0020464
0.289323	0.00205816
0.293313	0.00207007
0.297304	0.00208213
0.301295	0.00209435
0.305285	0.00210671
0.309276	0.00211922
0.313267	0.00213189
0.317257	0.0021447
0.321248	0.00215766
0.325239	0.00217077
0.329229	0.00218402
0.33322	0.00219742
0.337211	0.00221096
0.341201	0.00222465
0.345192	0.00223847
0.349183	0.00225244
0.353173	0.00226655
0.357164	0.00228081
0.361155	0.0022952
0.365145	0.00230972
0.369136	0.00232439
0.373127	0.00233919
0.377117	0.00235413
0.381108	0.0023692
0.385099	0.0023844
0.389089	0.00239974
0.39308	0.00241521
0.397071	0.00243081
0.401061	0.00244654
0.405052	0.0024624
0.409043	0.00247839
0.413033	0.0024945
0.417024	0.00251074
0.421014	0.00252711
0.425005	0.0025436
0.428996	0.00256021
0.432986	0.00257695
0.436977	0.00259381
0.440968	0.00261079
0.444958	0.00262789
0.448949	0.00264511
0.45294	0.00266246
0.45693	0.00267991
0.460921	0.00269749
0.464912	0.00271518
0.468902	0.00273299
0.472893	0.00275091
0.476884	0.00276895
0.480874	0.0027871
0.484865	0.00280536
0.488856	0.00282374
0.492846	0.00284222
0.496837	0.00286082
0.500828	0.00287953
0.504818	0.00289834
0.508809	0.00291727
0.5128	0.0029363
0.51679	0.00295544
0.520781	0.00297469
0.524772	0.00299404
0.528762	0.0030135
0.532753	0.00303307
0.536744	0.00305274
0.540734	0.00307251
0.544725	0.00309239
0.548716	0.00311238
0.552706	0.00313246
0.556697	0.00315265
0.560688	0.00317294
0.564678	0.00319333
0.568669	0.00321382
0.572659	0.00323441
0.57665	0.0032551
0.580641	0.00327589
0.584632	0.00329678
0.588622	0.00331778
0.592613	0.00333887
0.596603	0.00336006
0.600594	0.00338135
0.604585	0.00340274
0.608575	0.00342422
0.612566	0.00344581
0.616557	0.00346749
0.620547	0.00348927
0.624538	0.00351115
0.628529	0.00353313
0.632519	0.0035552
0.63651	0.00357737
0.640501	0.00359964
0.644491	0.00362201
0.648482	0.00364447
0.652473	0.00366703
0.656463	0.00368969
0.660454	0.00371244
0.664445	0.00373529
0.668435	0.00375824
0.672426	0.00378129
0.676417	0.00380444
0.680407	0.00382768
0.684398	0.00385102
0.688389	0.00387446
0.692379	0.003898
0.69637	0.00392164
0.700361	0.00394537
0.704351	0.00396921
0.708342	0.00399314
0.712333	0.00401717
0.716323	0.0040413
0.720314	0.00406553
0.724305	0.00408986
0.728295	0.00411428
0.732286	0.00413881
0.736277	0.00416343
0.740267	0.00418816
0.744258	0.00421298
0.748248	0.00423791
0.752239	0.00426294
0.75623	0.00428806
0.76022	0.00431329
0.764211	0.00433862
0.768202	0.00436405
0.772192	0.00438957
0.776183	0.0044152
0.780174	0.00444092
0.784164	0.00446674
0.788155	0.00449266
0.792146	0.00451868
0.796136	0.00454479
0.800127	0.004571
0.804118	0.0045973
0.808108	0.00462369
0.812099	0.00465017
0.81609	0.00467674
0.82008	0.0047034
0.824071	0.00473014
0.828062	0.00475695
0.832052	0.00478383
0.836043	0.00481078
0.840034	0.0048378
0.844024	0.00486487
0.848015	0.00489199
0.852006	0.00491915
0.855996	0.00494633
0.859987	0.00497354
0.863978	0.00500074
0.867968	0.00502793
0.871959	0.0050551
0.87595	0.00508221
0.87994	0.00510924
0.883931	0.00513617
0.887922	0.00516295
0.891912	0.00518955
0.895903	0.00521593
0.899894	0.00524201
0.903884	0.00526774
0.907875	0.00529304
0.911865	0.0053178
0.915856	0.00534191
0.919847	0.00536523
0.923837	0.00538758
0.927828	0.00540874
0.931819	0.00542845
0.935809	0.00544635
0.9398	0.00546201
0.943791	0.00547486
0.947781	0.00548416
0.951772	0.0054889
0.955763	0.00548771
0.959753	0.00547864
0.963744	0.00545889
0.967735	0.00542445
0.971725	0.00536937
0.975716	0.00528417
0.979707	0.00515309
0.983223	0.00497707
0.98628	0.00474693
0.988939	0.00444744
0.991251	0.0040596
0.993261	0.00356621
0.995009	0.00298213
0.996529	0.00246256
0.997851	0.0024474
0.999	0.00373615
1	0.00471549
)
