(title "X Velocity vs. Y-Coordinate")
(labels "Y-Coordinate" "X Velocity")

((xy/key/label "line")
-1	0
-0.999807	0.0415776
-0.999585	0.0892891
-0.99933	0.143362
-0.999037	0.202102
-0.9987	0.261051
-0.998312	0.315305
-0.997866	0.362728
-0.997353	0.403771
-0.996763	0.439521
-0.996085	0.470983
-0.995305	0.499127
-0.994408	0.524782
-0.993376	0.548529
-0.992189	0.570772
-0.990873	0.591163
-0.989556	0.608345
-0.988239	0.623147
-0.986922	0.636142
-0.985606	0.64772
-0.984289	0.658157
-0.982972	0.667657
-0.981655	0.676373
-0.980338	0.684424
-0.979022	0.691905
-0.977705	0.69889
-0.976388	0.705441
-0.975071	0.711609
-0.973755	0.717436
-0.972438	0.722958
-0.971121	0.728206
-0.969804	0.733204
-0.968488	0.737977
-0.967171	0.742543
-0.965854	0.74692
-0.964537	0.751122
-0.96322	0.755164
-0.961904	0.759057
-0.960587	0.762812
-0.95927	0.766438
-0.957953	0.769944
-0.956637	0.773337
-0.95532	0.776626
-0.954003	0.779815
-0.952686	0.782911
-0.951369	0.785919
-0.950053	0.788845
-0.948736	0.791692
-0.947419	0.794464
-0.946102	0.797167
-0.944786	0.799802
-0.943469	0.802373
-0.942152	0.804884
-0.940835	0.807337
-0.939518	0.809735
-0.938202	0.81208
-0.936885	0.814375
-0.935568	0.816621
-0.934251	0.818821
-0.932935	0.820976
-0.931618	0.823089
-0.930301	0.825161
-0.928984	0.827194
-0.927667	0.829189
-0.926351	0.831147
-0.925034	0.83307
-0.923717	0.834959
-0.9224	0.836816
-0.921084	0.83864
-0.919767	0.840435
-0.91845	0.8422
-0.917133	0.843936
-0.915817	0.845644
-0.9145	0.847326
-0.913183	0.848982
-0.911866	0.850613
-0.910549	0.85222
-0.909233	0.853803
-0.907916	0.855363
-0.906599	0.8569
-0.905282	0.858416
-0.903966	0.859912
-0.902649	0.861386
-0.901332	0.862841
-0.900015	0.864276
-0.898698	0.865693
-0.897382	0.867091
-0.896065	0.868471
-0.894748	0.869834
-0.893431	0.87118
-0.892115	0.87251
-0.890798	0.873823
-0.889481	0.875121
-0.888164	0.876403
-0.886847	0.87767
-0.885531	0.878923
-0.884214	0.880161
-0.882897	0.881385
-0.88158	0.882596
-0.880264	0.883793
-0.878947	0.884977
-0.87763	0.886148
-0.876313	0.887307
-0.874997	0.888454
-0.87368	0.889588
-0.872363	0.890711
-0.871046	0.891823
-0.869729	0.892923
-0.868413	0.894012
-0.867096	0.895091
-0.865779	0.896158
-0.864462	0.897216
-0.863146	0.898263
-0.861829	0.8993
-0.860512	0.900328
-0.859195	0.901345
-0.857878	0.902354
-0.856562	0.903353
-0.855245	0.904343
-0.853928	0.905324
-0.852611	0.906297
-0.851295	0.907261
-0.849978	0.908216
-0.848661	0.909163
-0.847344	0.910102
-0.846027	0.911033
-0.844711	0.911956
-0.843394	0.912871
-0.842077	0.913779
-0.84076	0.914679
-0.839444	0.915572
-0.838127	0.916458
-0.83681	0.917336
-0.835493	0.918208
-0.834177	0.919072
-0.83286	0.91993
-0.831543	0.920781
-0.830226	0.921626
-0.828909	0.922464
-0.827593	0.923295
-0.826276	0.924121
-0.824959	0.92494
-0.823642	0.925753
-0.822326	0.92656
-0.821009	0.927361
-0.819692	0.928156
-0.818375	0.928946
-0.817058	0.92973
-0.815742	0.930508
-0.814425	0.931281
-0.813108	0.932049
-0.811791	0.932811
-0.810475	0.933567
-0.809158	0.934319
-0.807841	0.935065
-0.806524	0.935807
-0.805207	0.936543
-0.803891	0.937274
-0.802574	0.938001
-0.801257	0.938723
-0.79994	0.93944
-0.798624	0.940152
-0.797307	0.94086
-0.79599	0.941563
-0.794673	0.942261
-0.793357	0.942956
-0.79204	0.943645
-0.790723	0.944331
-0.789406	0.945012
-0.788089	0.945689
-0.786773	0.946362
-0.785456	0.94703
-0.784139	0.947695
-0.782822	0.948355
-0.781506	0.949012
-0.780189	0.949665
-0.778872	0.950313
-0.777555	0.950958
-0.776238	0.951599
-0.774922	0.952237
-0.773605	0.95287
-0.772288	0.9535
-0.770971	0.954127
-0.769655	0.954749
-0.768338	0.955369
-0.767021	0.955984
-0.765704	0.956596
-0.764387	0.957205
-0.763071	0.95781
-0.761754	0.958412
-0.760437	0.959011
-0.75912	0.959606
-0.757804	0.960199
-0.756487	0.960787
-0.75517	0.961373
-0.753853	0.961956
-0.752537	0.962535
-0.75122	0.963111
-0.749903	0.963685
-0.748586	0.964255
-0.747269	0.964822
-0.745953	0.965387
-0.744636	0.965948
-0.743319	0.966506
-0.742002	0.967062
-0.740686	0.967615
-0.739369	0.968164
-0.738052	0.968711
-0.736735	0.969256
-0.735418	0.969797
-0.734102	0.970336
-0.732785	0.970872
-0.731468	0.971406
-0.730151	0.971936
-0.728835	0.972465
-0.727518	0.97299
-0.726201	0.973513
-0.724884	0.974034
-0.723567	0.974552
-0.722251	0.975067
-0.720934	0.97558
-0.719617	0.976091
-0.7183	0.976599
-0.716984	0.977104
-0.715667	0.977608
-0.71435	0.978108
-0.713033	0.978607
-0.711717	0.979103
-0.7104	0.979597
-0.709083	0.980089
-0.707766	0.980578
-0.706449	0.981065
-0.705133	0.98155
-0.703816	0.982032
-0.702499	0.982513
-0.701182	0.982991
-0.699866	0.983467
-0.698549	0.983941
-0.697232	0.984413
-0.695915	0.984882
-0.694598	0.98535
-0.693282	0.985815
-0.691965	0.986279
-0.690648	0.98674
-0.689331	0.987199
-0.688015	0.987657
-0.686698	0.988112
-0.685381	0.988565
-0.684064	0.989017
-0.682747	0.989466
-0.681431	0.989914
-0.680114	0.990359
-0.678797	0.990803
-0.67748	0.991245
-0.676164	0.991684
-0.674847	0.992122
-0.67353	0.992559
-0.672213	0.992993
-0.670897	0.993425
-0.66958	0.993856
-0.668263	0.994285
-0.666946	0.994712
-0.665629	0.995137
-0.664313	0.995561
-0.662996	0.995982
-0.661679	0.996402
-0.660362	0.996821
-0.659046	0.997237
-0.657729	0.997652
-0.656412	0.998065
-0.655095	0.998476
-0.653778	0.998886
-0.652462	0.999294
-0.651145	0.999701
-0.649828	1.00011
-0.648511	1.00051
-0.647195	1.00091
-0.645878	1.00131
-0.644561	1.00171
-0.643244	1.00211
-0.641927	1.0025
-0.640611	1.00289
-0.639294	1.00329
-0.637977	1.00368
-0.63666	1.00407
-0.635344	1.00445
-0.634027	1.00484
-0.63271	1.00522
-0.631393	1.00561
-0.630077	1.00599
-0.62876	1.00637
-0.627443	1.00675
-0.626126	1.00712
-0.624809	1.0075
-0.623493	1.00787
-0.622176	1.00825
-0.620859	1.00862
-0.619542	1.00899
-0.618226	1.00936
-0.616909	1.00972
-0.615592	1.01009
-0.614275	1.01045
-0.612958	1.01082
-0.611642	1.01118
-0.610325	1.01154
-0.609008	1.0119
-0.607691	1.01225
-0.606375	1.01261
-0.605058	1.01296
-0.603741	1.01332
-0.602424	1.01367
-0.601107	1.01402
-0.599791	1.01437
-0.598474	1.01472
-0.597157	1.01507
-0.59584	1.01541
-0.594524	1.01575
-0.593207	1.0161
-0.59189	1.01644
-0.590573	1.01678
-0.589257	1.01712
-0.58794	1.01746
-0.586623	1.01779
-0.585306	1.01813
-0.583989	1.01846
-0.582673	1.0188
-0.581356	1.01913
-0.580039	1.01946
-0.578722	1.01979
-0.577406	1.02012
-0.576089	1.02044
-0.574772	1.02077
-0.573455	1.02109
-0.572138	1.02142
-0.570822	1.02174
-0.569505	1.02206
-0.568188	1.02238
-0.566871	1.0227
-0.565555	1.02302
-0.564238	1.02333
-0.562921	1.02365
-0.561604	1.02396
-0.560287	1.02428
-0.558971	1.02459
-0.557654	1.0249
-0.556337	1.02521
-0.55502	1.02552
-0.553704	1.02582
-0.552387	1.02613
-0.55107	1.02644
-0.549753	1.02674
-0.548437	1.02704
-0.54712	1.02735
-0.545803	1.02765
-0.544486	1.02795
-0.543169	1.02825
-0.541853	1.02854
-0.540536	1.02884
-0.539219	1.02914
-0.537902	1.02943
-0.536586	1.02972
-0.535269	1.03002
-0.533952	1.03031
-0.532635	1.0306
-0.531318	1.03089
-0.530002	1.03117
-0.528685	1.03146
-0.527368	1.03175
-0.526051	1.03203
-0.524735	1.03232
-0.523418	1.0326
-0.522101	1.03288
-0.520784	1.03316
-0.519467	1.03344
-0.518151	1.03372
-0.516834	1.034
-0.515517	1.03428
-0.5142	1.03456
-0.512884	1.03483
-0.511567	1.03511
-0.51025	1.03538
-0.508933	1.03565
-0.507617	1.03592
-0.5063	1.03619
-0.504983	1.03646
-0.503666	1.03673
-0.502349	1.037
-0.501033	1.03726
-0.499716	1.03753
-0.498399	1.0378
-0.497082	1.03806
-0.495766	1.03832
-0.494449	1.03858
-0.493132	1.03884
-0.491815	1.0391
-0.490498	1.03936
-0.489182	1.03962
-0.487865	1.03988
-0.486548	1.04014
-0.485231	1.04039
-0.483915	1.04065
-0.482598	1.0409
-0.481281	1.04115
-0.479964	1.0414
-0.478647	1.04165
-0.477331	1.0419
-0.476014	1.04215
-0.474697	1.0424
-0.47338	1.04265
-0.472064	1.0429
-0.470747	1.04314
-0.46943	1.04339
-0.468113	1.04363
-0.466796	1.04387
-0.46548	1.04411
-0.464163	1.04436
-0.462846	1.0446
-0.461529	1.04484
-0.460213	1.04507
-0.458896	1.04531
-0.457579	1.04555
-0.456262	1.04578
-0.454946	1.04602
-0.453629	1.04625
-0.452312	1.04649
-0.450995	1.04672
-0.449678	1.04695
-0.448362	1.04718
-0.447045	1.04741
-0.445728	1.04764
-0.444411	1.04787
-0.443095	1.0481
-0.441778	1.04832
-0.440461	1.04855
-0.439144	1.04877
-0.437827	1.049
-0.436511	1.04922
-0.435194	1.04944
-0.433877	1.04967
-0.43256	1.04989
-0.431244	1.05011
-0.429927	1.05033
-0.42861	1.05055
-0.427293	1.05076
-0.425976	1.05098
-0.42466	1.0512
-0.423343	1.05141
-0.422026	1.05163
-0.420709	1.05184
-0.419393	1.05205
-0.418076	1.05226
-0.416759	1.05247
-0.415442	1.05269
-0.414126	1.0529
-0.412809	1.0531
-0.411492	1.05331
-0.410175	1.05352
-0.408858	1.05373
-0.407542	1.05393
-0.406225	1.05414
-0.404908	1.05434
-0.403591	1.05454
-0.402275	1.05475
-0.400958	1.05495
-0.399641	1.05515
-0.398324	1.05535
-0.397007	1.05555
-0.395691	1.05575
-0.394374	1.05594
-0.393057	1.05614
-0.39174	1.05634
-0.390424	1.05653
-0.389107	1.05673
-0.38779	1.05692
-0.386473	1.05712
-0.385156	1.05731
-0.38384	1.0575
-0.382523	1.05769
-0.381206	1.05788
-0.379889	1.05807
-0.378573	1.05826
-0.377256	1.05845
-0.375939	1.05863
-0.374622	1.05882
-0.373306	1.05901
-0.371989	1.05919
-0.370672	1.05938
-0.369355	1.05956
-0.368038	1.05974
-0.366722	1.05992
-0.365405	1.06011
-0.364088	1.06029
-0.362771	1.06047
-0.361455	1.06065
-0.360138	1.06082
-0.358821	1.061
-0.357504	1.06118
-0.356187	1.06135
-0.354871	1.06153
-0.353554	1.0617
-0.352237	1.06188
-0.35092	1.06205
-0.349604	1.06222
-0.348287	1.0624
-0.34697	1.06257
-0.345653	1.06274
-0.344336	1.06291
-0.34302	1.06307
-0.341703	1.06324
-0.340386	1.06341
-0.339069	1.06358
-0.337753	1.06374
-0.336436	1.06391
-0.335119	1.06407
-0.333802	1.06424
-0.332485	1.0644
-0.331169	1.06456
-0.329852	1.06472
-0.328535	1.06488
-0.327218	1.06504
-0.325902	1.0652
-0.324585	1.06536
-0.323268	1.06552
-0.321951	1.06568
-0.320635	1.06583
-0.319318	1.06599
-0.318001	1.06615
-0.316684	1.0663
-0.315367	1.06645
-0.314051	1.06661
-0.312734	1.06676
-0.311417	1.06691
-0.3101	1.06706
-0.308784	1.06721
-0.307467	1.06736
-0.30615	1.06751
-0.304833	1.06766
-0.303516	1.06781
-0.3022	1.06795
-0.300883	1.0681
-0.299566	1.06825
-0.298249	1.06839
-0.296933	1.06853
-0.295616	1.06868
-0.294299	1.06882
-0.292982	1.06896
-0.291665	1.0691
-0.290349	1.06924
-0.289032	1.06938
-0.287715	1.06952
-0.286398	1.06966
-0.285082	1.0698
-0.283765	1.06994
-0.282448	1.07007
-0.281131	1.07021
-0.279815	1.07035
-0.278498	1.07048
-0.277181	1.07061
-0.275864	1.07075
-0.274547	1.07088
-0.273231	1.07101
-0.271914	1.07114
-0.270597	1.07127
-0.26928	1.0714
-0.267964	1.07153
-0.266647	1.07166
-0.26533	1.07179
-0.264013	1.07191
-0.262696	1.07204
-0.26138	1.07217
-0.260063	1.07229
-0.258746	1.07241
-0.257429	1.07254
-0.256113	1.07266
-0.254796	1.07278
-0.253479	1.07291
-0.252162	1.07303
-0.250845	1.07315
-0.249529	1.07327
-0.248212	1.07339
-0.246895	1.0735
-0.245578	1.07362
-0.244262	1.07374
-0.242945	1.07385
-0.241628	1.07397
-0.240311	1.07408
-0.238995	1.0742
-0.237678	1.07431
-0.236361	1.07443
-0.235044	1.07454
-0.233727	1.07465
-0.232411	1.07476
-0.231094	1.07487
-0.229777	1.07498
-0.22846	1.07509
-0.227144	1.0752
-0.225827	1.0753
-0.22451	1.07541
-0.223193	1.07552
-0.221876	1.07562
-0.22056	1.07573
-0.219243	1.07583
-0.217926	1.07594
-0.216609	1.07604
-0.215293	1.07614
-0.213976	1.07624
-0.212659	1.07635
-0.211342	1.07645
-0.210026	1.07655
-0.208709	1.07664
-0.207392	1.07674
-0.206075	1.07684
-0.204758	1.07694
-0.203442	1.07703
-0.202125	1.07713
-0.200808	1.07723
-0.199491	1.07732
-0.198175	1.07741
-0.196858	1.07751
-0.195541	1.0776
-0.194224	1.07769
-0.192907	1.07778
-0.191591	1.07787
-0.190274	1.07796
-0.188957	1.07805
-0.18764	1.07814
-0.186324	1.07823
-0.185007	1.07832
-0.18369	1.0784
-0.182373	1.07849
-0.181056	1.07857
-0.17974	1.07866
-0.178423	1.07874
-0.177106	1.07883
-0.175789	1.07891
-0.174473	1.07899
-0.173156	1.07907
-0.171839	1.07915
-0.170522	1.07923
-0.169206	1.07931
-0.167889	1.07939
-0.166572	1.07947
-0.165255	1.07955
-0.163938	1.07963
-0.162622	1.0797
-0.161305	1.07978
-0.159988	1.07985
-0.158671	1.07993
-0.157355	1.08
-0.156038	1.08008
-0.154721	1.08015
-0.153404	1.08022
-0.152087	1.08029
-0.150771	1.08036
-0.149454	1.08043
-0.148137	1.0805
-0.14682	1.08057
-0.145504	1.08064
-0.144187	1.08071
-0.14287	1.08077
-0.141553	1.08084
-0.140236	1.0809
-0.13892	1.08097
-0.137603	1.08103
-0.136286	1.0811
-0.134969	1.08116
-0.133653	1.08122
-0.132336	1.08128
-0.131019	1.08135
-0.129702	1.08141
-0.128385	1.08147
-0.127069	1.08153
-0.125752	1.08158
-0.124435	1.08164
-0.123118	1.0817
-0.121802	1.08176
-0.120485	1.08181
-0.119168	1.08187
-0.117851	1.08192
-0.116535	1.08198
-0.115218	1.08203
-0.113901	1.08208
-0.112584	1.08213
-0.111267	1.08219
-0.109951	1.08224
-0.108634	1.08229
-0.107317	1.08234
-0.106	1.08239
-0.104684	1.08243
-0.103367	1.08248
-0.10205	1.08253
-0.100733	1.08258
-0.0994165	1.08262
-0.0980997	1.08267
-0.0967829	1.08271
-0.0954661	1.08276
-0.0941494	1.0828
-0.0928326	1.08284
-0.0915158	1.08288
-0.090199	1.08293
-0.0888823	1.08297
-0.0875655	1.08301
-0.0862487	1.08305
-0.0849319	1.08309
-0.0836152	1.08312
-0.0822984	1.08316
-0.0809816	1.0832
-0.0796648	1.08324
-0.0783481	1.08327
-0.0770313	1.08331
-0.0757145	1.08334
-0.0743978	1.08337
-0.073081	1.08341
-0.0717642	1.08344
-0.0704474	1.08347
-0.0691307	1.0835
-0.0678139	1.08354
-0.0664971	1.08357
-0.0651803	1.0836
-0.0638636	1.08362
-0.0625468	1.08365
-0.06123	1.08368
-0.0599132	1.08371
-0.0585965	1.08373
-0.0572797	1.08376
-0.0559629	1.08378
-0.0546461	1.08381
-0.0533294	1.08383
-0.0520126	1.08386
-0.0506958	1.08388
-0.049379	1.0839
-0.0480623	1.08392
-0.0467455	1.08394
-0.0454287	1.08396
-0.0441119	1.08398
-0.0427952	1.084
-0.0414784	1.08402
-0.0401616	1.08404
-0.0388448	1.08406
-0.0375281	1.08407
-0.0362113	1.08409
-0.0348945	1.0841
-0.0335777	1.08412
-0.032261	1.08413
-0.0309442	1.08415
-0.0296274	1.08416
-0.0283106	1.08417
-0.0269939	1.08418
-0.0256771	1.08419
-0.0243603	1.0842
-0.0230436	1.08421
-0.0217268	1.08422
-0.02041	1.08423
-0.0190932	1.08424
-0.0177765	1.08424
-0.0164597	1.08425
-0.0151429	1.08426
-0.0138261	1.08426
-0.0125094	1.08427
-0.0111926	1.08427
-0.00987581	1.08427
-0.00855903	1.08428
-0.00724226	1.08428
-0.00592548	1.08428
-0.00460871	1.08428
-0.00329194	1.08428
-0.00197516	1.08428
-0.000658387	1.08428
0	1.08428
)
