nodenumber,    x-coordinate,    y-coordinate,    z-coordinate,  dx-velocity-dx,  dx-velocity-dy,  dy-velocity-dy,  dz-velocity-dz
         1, 0.000000000E+00,-3.046188302E-12, 0.000000000E+00, 0.000000000E+00,-2.625770867E-05,-4.962362188E-10, 0.000000000E+00
         2, 0.000000000E+00, 5.320286844E-03, 0.000000000E+00, 0.000000000E+00,-2.529489575E-03,-6.078541004E-10, 0.000000000E+00
         3, 0.000000000E+00, 1.596086100E-02, 0.000000000E+00, 0.000000000E+00,-7.995462976E-03,-7.948484232E-11, 0.000000000E+00
         4, 0.000000000E+00, 2.660143375E-02, 0.000000000E+00, 0.000000000E+00,-1.357084326E-02,-2.637647878E-10, 0.000000000E+00
         5, 0.000000000E+00, 3.724200651E-02, 0.000000000E+00, 1.983227193E-16,-1.890552789E-02,-7.639870403E-10, 0.000000000E+00
         6, 0.000000000E+00, 4.788258299E-02, 0.000000000E+00, 3.966006253E-16,-2.432774007E-02,-5.650099832E-10, 0.000000000E+00
         7, 0.000000000E+00, 5.852315575E-02, 0.000000000E+00, 1.982779060E-16,-2.975432575E-02,-6.005181769E-11, 0.000000000E+00
         8, 0.000000000E+00, 6.916373223E-02, 0.000000000E+00, 3.102346635E-30,-3.520279750E-02, 3.830451512E-10, 0.000000000E+00
         9, 0.000000000E+00, 7.980430126E-02, 0.000000000E+00, 1.980828766E-16,-4.069502652E-02, 7.959892467E-11, 0.000000000E+00
        10, 0.000000000E+00, 9.044487774E-02, 0.000000000E+00, 3.960804147E-16,-4.620476067E-02,-3.974568730E-10, 0.000000000E+00
        11, 0.000000000E+00, 1.010854468E-01, 0.000000000E+00, 1.979976175E-16,-5.174513534E-02, 3.255690162E-10, 0.000000000E+00
        12, 0.000000000E+00, 1.117260233E-01, 0.000000000E+00, 0.000000000E+00,-5.733801052E-02, 5.897251021E-10, 0.000000000E+00
        13, 0.000000000E+00, 1.223665997E-01, 0.000000000E+00, 0.000000000E+00,-6.298342347E-02, 1.874753408E-10, 0.000000000E+00
        14, 0.000000000E+00, 1.330071688E-01, 0.000000000E+00, 0.000000000E+00,-6.865944713E-02, 1.323634258E-10, 0.000000000E+00
        15, 0.000000000E+00, 1.436477453E-01, 0.000000000E+00, 0.000000000E+00,-7.438361645E-02,-3.176703900E-10, 0.000000000E+00
        16, 0.000000000E+00, 1.542883217E-01, 0.000000000E+00, 0.000000000E+00,-8.017781377E-02,-8.801889773E-11, 0.000000000E+00
        17, 0.000000000E+00, 1.649288982E-01, 0.000000000E+00, 0.000000000E+00,-8.602017164E-02, 6.295289845E-10, 0.000000000E+00
        18, 0.000000000E+00, 1.755694598E-01, 0.000000000E+00, 0.000000000E+00,-9.192813933E-02, 7.221702125E-10, 0.000000000E+00
        19, 0.000000000E+00, 1.862100363E-01, 0.000000000E+00, 0.000000000E+00,-9.790611267E-02, 2.615234695E-10, 0.000000000E+00
        20, 0.000000000E+00, 1.968506128E-01, 0.000000000E+00, 0.000000000E+00,-1.039541364E-01,-6.939660513E-10, 0.000000000E+00
        21, 0.000000000E+00, 2.074911892E-01, 0.000000000E+00, 0.000000000E+00,-1.100984365E-01,-3.116536473E-10, 0.000000000E+00
        22, 0.000000000E+00, 2.181317657E-01, 0.000000000E+00, 0.000000000E+00,-1.163127571E-01, 7.632179611E-11, 0.000000000E+00
        23, 0.000000000E+00, 2.287723422E-01, 0.000000000E+00, 0.000000000E+00,-1.226014942E-01,-4.316685898E-10, 0.000000000E+00
        24, 0.000000000E+00, 2.394129038E-01, 0.000000000E+00, 0.000000000E+00,-1.289864480E-01, 4.779270313E-10, 0.000000000E+00
        25, 0.000000000E+00, 2.500534952E-01, 0.000000000E+00, 0.000000000E+00,-1.354721040E-01, 4.810586929E-10, 0.000000000E+00
        26, 0.000000000E+00, 2.606940567E-01, 0.000000000E+00, 0.000000000E+00,-1.420672238E-01,-6.010070774E-10, 0.000000000E+00
        27, 0.000000000E+00, 2.713346183E-01, 0.000000000E+00, 0.000000000E+00,-1.487628669E-01,-1.706269848E-10, 0.000000000E+00
        28, 0.000000000E+00, 2.819752097E-01, 0.000000000E+00, 0.000000000E+00,-1.555723548E-01, 2.377210373E-10, 0.000000000E+00
        29, 0.000000000E+00, 2.926157713E-01, 0.000000000E+00, 0.000000000E+00,-1.624912620E-01, 1.215380054E-11, 0.000000000E+00
        30, 0.000000000E+00, 3.032563627E-01, 0.000000000E+00, 0.000000000E+00,-1.695326865E-01, 4.286773436E-10, 0.000000000E+00
        31, 0.000000000E+00, 3.138969243E-01, 0.000000000E+00, 0.000000000E+00,-1.767273694E-01, 5.318501195E-10, 0.000000000E+00
        32, 0.000000000E+00, 3.245374858E-01, 0.000000000E+00, 1.933314718E-16,-1.840575635E-01,-5.566622718E-10, 0.000000000E+00
        33, 0.000000000E+00, 3.351780772E-01, 0.000000000E+00, 3.863098103E-16,-1.915147305E-01,-9.147483881E-10, 0.000000000E+00
        34, 0.000000000E+00, 3.458186388E-01, 0.000000000E+00, 1.929779944E-16,-1.991469860E-01, 1.683525819E-10, 0.000000000E+00
        35, 0.000000000E+00, 3.564592302E-01, 0.000000000E+00, 0.000000000E+00,-2.069411278E-01, 6.295203248E-10, 0.000000000E+00
        36, 0.000000000E+00, 3.670997918E-01, 0.000000000E+00, 0.000000000E+00,-2.148885578E-01, 4.047190361E-11, 0.000000000E+00
        37, 0.000000000E+00, 3.777403533E-01, 0.000000000E+00, 0.000000000E+00,-2.230458260E-01,-5.876545361E-10, 0.000000000E+00
        38, 0.000000000E+00, 3.883809447E-01, 0.000000000E+00, 0.000000000E+00,-2.313870192E-01,-7.255448464E-10, 0.000000000E+00
        39, 8.673617380E-19, 3.990215063E-01, 0.000000000E+00, 1.905504509E-16,-2.399120033E-01,-3.537973803E-10, 0.000000000E+00
        40, 0.000000000E+00, 4.096620977E-01, 0.000000000E+00, 3.806415187E-16,-2.486777008E-01,-3.886373445E-10, 0.000000000E+00
        41, 1.734723476E-18, 4.203026593E-01, 0.000000000E+00, 5.693228193E-16,-2.576798201E-01,-6.114410089E-10, 0.000000000E+00
        42, 3.469446952E-18, 4.309432209E-01, 0.000000000E+00, 9.465999761E-16,-2.669092715E-01,-2.487826056E-10, 0.000000000E+00
        43, 0.000000000E+00, 4.415838122E-01, 0.000000000E+00, 7.559815641E-16,-2.764101624E-01,-1.763893198E-10, 0.000000000E+00
        44, 0.000000000E+00, 4.522243738E-01, 0.000000000E+00, 1.886130483E-16,-2.861999273E-01,-2.319336806E-10, 0.000000000E+00
        45, 0.000000000E+00, 4.628649652E-01, 0.000000000E+00, 1.875373826E-16,-2.962697148E-01, 5.542575288E-10, 0.000000000E+00
        46, 0.000000000E+00, 4.735055268E-01, 0.000000000E+00, 3.745091590E-16,-3.066415191E-01, 3.428909101E-10, 0.000000000E+00
        47, 0.000000000E+00, 4.841461182E-01, 0.000000000E+00, 5.855909341E-19,-3.173765540E-01,-6.694547139E-10, 0.000000000E+00
        48, 1.734723476E-18, 4.947866797E-01, 0.000000000E+00,-3.721653394E-16,-3.284836709E-01, 2.287009471E-11, 0.000000000E+00
        49, 0.000000000E+00, 5.054272413E-01, 0.000000000E+00,-3.709315301E-16,-3.399538994E-01, 8.172168497E-10, 0.000000000E+00
        50, 0.000000000E+00, 5.160678029E-01, 0.000000000E+00,-1.851522834E-16,-3.518527150E-01, 3.430873363E-10, 0.000000000E+00
        51, 1.734723476E-18, 5.267084241E-01, 0.000000000E+00, 1.838303959E-16,-3.642113209E-01,-1.701454949E-10, 0.000000000E+00
        52, 0.000000000E+00, 5.373489857E-01, 0.000000000E+00, 1.838296547E-16,-3.770473003E-01,-9.512527432E-10, 0.000000000E+00
        53, 0.000000000E+00, 5.479895473E-01, 0.000000000E+00, 0.000000000E+00,-3.903993368E-01,-1.702138763E-09, 0.000000000E+00
        54, 0.000000000E+00, 5.586301088E-01, 0.000000000E+00, 1.816667164E-16,-4.043202400E-01,-7.316705575E-10, 0.000000000E+00
        55, 0.000000000E+00, 5.692706704E-01, 0.000000000E+00, 5.434548037E-16,-4.188622236E-01, 6.046415590E-10, 0.000000000E+00
        56, 0.000000000E+00, 5.799112916E-01, 0.000000000E+00, 3.617873065E-16,-4.340654612E-01,-8.674150287E-11, 0.000000000E+00
        57, 0.000000000E+00, 5.905518532E-01, 0.000000000E+00,-3.461633380E-32,-4.499474168E-01,-9.145281199E-10, 0.000000000E+00
        58, 0.000000000E+00, 6.011924148E-01, 0.000000000E+00, 1.784009014E-16,-4.666691422E-01,-5.692163962E-10, 0.000000000E+00
        59, 0.000000000E+00, 6.118329763E-01, 0.000000000E+00, 1.784014970E-16,-4.850013554E-01,-4.914998963E-10, 0.000000000E+00
        60, 1.734723476E-18, 6.224735379E-01, 0.000000000E+00,-1.765715485E-16,-5.059502125E-01, 3.176683638E-10, 0.000000000E+00
        61,-1.734723476E-18, 6.331141591E-01, 0.000000000E+00,-3.521664945E-16,-5.294070244E-01, 2.122045040E-10, 0.000000000E+00
        62,-1.734723476E-18, 6.437547207E-01, 0.000000000E+00,-1.755941651E-16,-5.542210340E-01,-1.357619128E-09, 0.000000000E+00
        63, 0.000000000E+00, 6.543952823E-01, 0.000000000E+00, 0.000000000E+00,-5.795246363E-01, 9.856910843E-10, 0.000000000E+00
        64, 0.000000000E+00, 6.650358438E-01, 0.000000000E+00,-1.723841617E-16,-6.052659154E-01, 3.192194953E-09, 0.000000000E+00
        65, 0.000000000E+00, 6.756764054E-01, 0.000000000E+00,-1.723848499E-16,-6.318380833E-01,-4.740585702E-10, 0.000000000E+00
        66, 0.000000000E+00, 6.863170266E-01, 0.000000000E+00, 1.700010610E-16,-6.596538424E-01,-1.635926838E-09, 0.000000000E+00
        67, 0.000000000E+00, 6.969575882E-01, 0.000000000E+00, 5.074591328E-16,-6.890981197E-01, 9.274674917E-10, 0.000000000E+00
        68, 0.000000000E+00, 7.075981498E-01, 0.000000000E+00, 8.396541786E-16,-7.205503583E-01,-6.147024001E-10, 0.000000000E+00
        69, 0.000000000E+00, 7.182387114E-01, 0.000000000E+00, 8.342097155E-16,-7.543570995E-01,-2.003085031E-09, 0.000000000E+00
        70, 0.000000000E+00, 7.288792729E-01, 0.000000000E+00, 8.256514004E-16,-7.908852100E-01, 2.088217599E-09, 0.000000000E+00
        71, 0.000000000E+00, 7.395198941E-01, 0.000000000E+00, 1.308706561E-15,-8.305474520E-01, 2.835908175E-09, 0.000000000E+00
        72, 0.000000000E+00, 7.501604557E-01, 0.000000000E+00, 1.622069788E-15,-8.738253117E-01,-1.999113763E-09, 0.000000000E+00
        73, 0.000000000E+00, 7.608010173E-01, 0.000000000E+00, 1.765201839E-15,-9.213210344E-01,-1.527410531E-09, 0.000000000E+00
        74, 0.000000000E+00, 7.714415789E-01, 0.000000000E+00, 1.905614067E-15,-9.737400413E-01, 2.691779244E-09, 0.000000000E+00
        75, 0.000000000E+00, 7.820821404E-01, 0.000000000E+00, 1.727401935E-15,-1.031930566E+00, 1.686131013E-09, 0.000000000E+00
        76, 0.000000000E+00, 7.927227616E-01, 0.000000000E+00, 1.703824349E-15,-1.096931577E+00,-1.400641381E-09, 0.000000000E+00
        77, 0.000000000E+00, 8.033633232E-01, 0.000000000E+00, 1.682902212E-15,-1.170038462E+00, 3.223594724E-10, 0.000000000E+00
        78, 0.000000000E+00, 8.140038848E-01, 0.000000000E+00, 1.357066848E-15,-1.252916336E+00, 3.116849445E-09, 0.000000000E+00
        79, 0.000000000E+00, 8.246444464E-01, 0.000000000E+00, 8.920275492E-16,-1.347662568E+00, 2.511846287E-09, 0.000000000E+00
        80, 0.000000000E+00, 8.352850080E-01, 0.000000000E+00, 2.940254648E-16,-1.456976414E+00, 2.033150759E-09, 0.000000000E+00
        81, 8.673617380E-19, 8.459256291E-01, 0.000000000E+00, 0.000000000E+00,-1.584387660E+00, 8.920248429E-10, 0.000000000E+00
        82, 0.000000000E+00, 8.565661907E-01, 0.000000000E+00,-1.381970649E-16,-1.734618187E+00,-1.099380587E-09, 0.000000000E+00
        83, 0.000000000E+00, 8.672067523E-01, 0.000000000E+00,-4.075225858E-16,-1.914098024E+00,-6.123286878E-10, 0.000000000E+00
        84, 0.000000000E+00, 8.778473139E-01, 0.000000000E+00,-1.385990747E-16,-2.131622791E+00, 1.957674689E-09, 0.000000000E+00
        85, 0.000000000E+00, 8.884878755E-01, 0.000000000E+00, 2.570255569E-16,-2.399558544E+00, 1.406889938E-09, 0.000000000E+00
        86, 0.000000000E+00, 8.991284966E-01, 0.000000000E+00, 5.049679559E-18,-2.735589504E+00,-2.509372266E-09, 0.000000000E+00
        87, 0.000000000E+00, 9.097690582E-01, 0.000000000E+00,-5.844064115E-18,-3.165186882E+00, 4.998008230E-09, 0.000000000E+00
        88, 8.673617380E-19, 9.204096198E-01, 0.000000000E+00, 2.239300209E-16,-3.724522591E+00, 2.440152969E-08, 0.000000000E+00
        89, 0.000000000E+00, 9.310501814E-01, 0.000000000E+00, 1.085265397E-16,-4.465423584E+00, 2.597895588E-08, 0.000000000E+00
        90, 0.000000000E+00, 9.416908026E-01, 0.000000000E+00, 0.000000000E+00,-5.481563568E+00,-2.313504943E-09, 0.000000000E+00
        91, 4.336808690E-19, 9.523313642E-01, 0.000000000E+00, 0.000000000E+00,-6.910944939E+00,-1.805863548E-08, 0.000000000E+00
        92,-2.168404345E-19, 9.629719257E-01, 0.000000000E+00, 0.000000000E+00,-8.737486839E+00, 2.700344126E-08, 0.000000000E+00
        93,-7.589415207E-19, 9.725771546E-01, 0.000000000E+00, 4.948246040E-17,-1.033719540E+01, 5.065809461E-08, 0.000000000E+00
        94, 0.000000000E+00, 9.809296131E-01, 0.000000000E+00, 2.092456327E-16,-1.123830509E+01, 2.653182207E-08, 0.000000000E+00
        95, 4.878909776E-19, 9.881925583E-01, 0.000000000E+00, 2.194028547E-16,-1.155905724E+01, 1.156021057E-08, 0.000000000E+00
        96, 0.000000000E+00, 9.945081472E-01, 0.000000000E+00, 6.510019947E-17,-1.166128254E+01, 5.644694046E-09, 0.000000000E+00
        97, 0.000000000E+00, 1.000000000E+00, 0.000000000E+00, 0.000000000E+00,-1.169634342E+01, 3.707318674E-09, 0.000000000E+00
