(title "Turbulent Kinetic Energy (k) vs. Y-Coordinate")
(labels "Y-Coordinate" "Turbulent Kinetic Energy (k)")

((xy/key/label "line")
0	0.00370357
0.00532029	0.00370358
0.0159609	0.00370622
0.0266014	0.00371148
0.037242	0.00371937
0.0478826	0.00372987
0.0585232	0.00374298
0.0691637	0.0037587
0.0798043	0.00377703
0.0904449	0.00379795
0.101085	0.00382147
0.111726	0.00384757
0.122367	0.00387624
0.133007	0.00390746
0.143648	0.00394124
0.154288	0.00397756
0.164929	0.00401639
0.175569	0.00405773
0.18621	0.00410156
0.196851	0.00414786
0.207491	0.0041966
0.218132	0.00424778
0.228772	0.00430135
0.239413	0.00435731
0.250053	0.00441562
0.260694	0.00447625
0.271335	0.00453918
0.281975	0.00460437
0.292616	0.00467178
0.303256	0.00474139
0.313897	0.00481316
0.324537	0.00488704
0.335178	0.004963
0.345819	0.00504101
0.356459	0.00512101
0.3671	0.00520297
0.37774	0.00528683
0.388381	0.00537256
0.399022	0.0054601
0.409662	0.0055494
0.420303	0.00564041
0.430943	0.00573308
0.441584	0.00582735
0.452224	0.00592316
0.462865	0.00602046
0.473506	0.00611919
0.484146	0.00621929
0.494787	0.00632069
0.505427	0.00642333
0.516068	0.00652715
0.526708	0.00663207
0.537349	0.00673804
0.54799	0.00684496
0.55863	0.00695278
0.569271	0.00706142
0.579911	0.00717078
0.590552	0.0072808
0.601192	0.00739139
0.611833	0.00750254
0.622474	0.00761437
0.633114	0.00772698
0.643755	0.00784017
0.654395	0.00795343
0.665036	0.00806619
0.675676	0.00817794
0.686317	0.00828823
0.696958	0.00839669
0.707598	0.00850294
0.718239	0.00860661
0.728879	0.00870726
0.73952	0.00880441
0.75016	0.0088975
0.760801	0.00898586
0.771442	0.0090687
0.782082	0.00914505
0.792723	0.00921372
0.803363	0.00927321
0.814004	0.00932167
0.824644	0.00935672
0.835285	0.00937528
0.845926	0.00937332
0.856566	0.00934548
0.867207	0.00928451
0.877847	0.00918043
0.888488	0.00901923
0.899128	0.00878099
0.909769	0.00843691
0.92041	0.00794531
0.93105	0.00724749
0.941691	0.0062665
0.952331	0.00491133
0.962972	0.00317767
0.972577	0.00158081
0.98093	0.000579118
0.988193	0.000149463
0.994508	2.4131e-05
1	3.82951e-06
)
