(title "X Velocity vs. Y-Coordinate")
(labels "Y-Coordinate" "X Velocity")

((xy/key/label "line")
0	1.1437
0.00532029	1.1437
0.0159609	1.14364
0.0266014	1.14353
0.037242	1.14335
0.0478826	1.14312
0.0585232	1.14284
0.0691637	1.14249
0.0798043	1.14209
0.0904449	1.14162
0.101085	1.1411
0.111726	1.14052
0.122367	1.13988
0.133007	1.13918
0.143648	1.13842
0.154288	1.1376
0.164929	1.13671
0.175569	1.13577
0.18621	1.13476
0.196851	1.13368
0.207491	1.13254
0.218132	1.13134
0.228772	1.13007
0.239413	1.12873
0.250053	1.12732
0.260694	1.12585
0.271335	1.1243
0.281975	1.12268
0.292616	1.12099
0.303256	1.11922
0.313897	1.11738
0.324537	1.11546
0.335178	1.11346
0.345819	1.11138
0.356459	1.10922
0.3671	1.10698
0.37774	1.10465
0.388381	1.10223
0.399022	1.09972
0.409662	1.09712
0.420303	1.09443
0.430943	1.09164
0.441584	1.08875
0.452224	1.08576
0.462865	1.08266
0.473506	1.07945
0.484146	1.07613
0.494787	1.07269
0.505427	1.06914
0.516068	1.06546
0.526708	1.06165
0.537349	1.0577
0.54799	1.05362
0.55863	1.04939
0.569271	1.04501
0.579911	1.04047
0.590552	1.03577
0.601192	1.03089
0.611833	1.02583
0.622474	1.02056
0.633114	1.01505
0.643755	1.00929
0.654395	1.00325
0.665036	0.99695
0.675676	0.990368
0.686317	0.983497
0.696958	0.976321
0.707598	0.968822
0.718239	0.960975
0.728879	0.952754
0.73952	0.944127
0.75016	0.935059
0.760801	0.925508
0.771442	0.915426
0.782082	0.904755
0.792723	0.893429
0.803363	0.881368
0.814004	0.868477
0.824644	0.85464
0.835285	0.839718
0.845926	0.823537
0.856566	0.805877
0.867207	0.786464
0.877847	0.764937
0.888488	0.740826
0.899128	0.713501
0.909769	0.6821
0.92041	0.645434
0.93105	0.60184
0.941691	0.548954
0.952331	0.483276
0.962972	0.400641
0.972577	0.309626
0.98093	0.21984
0.988193	0.137266
0.994508	0.0641009
1	0
)
