(title "Turbulent Kinetic Energy (k) vs. Y-Coordinate")
(labels "Y-Coordinate" "Turbulent Kinetic Energy (k)")

((xy/key/label "line")
-1	0.00611368
-0.999499	0.00482897
-0.998922	0.00317784
-0.998259	0.00327638
-0.997497	0.00401305
-0.99662	0.00480523
-0.995612	0.00546307
-0.994452	0.00597845
-0.993119	0.00637981
-0.991585	0.0066935
-0.989821	0.00693946
-0.987793	0.00713226
-0.985461	0.00728234
-0.982808	0.00739622
-0.980156	0.00747149
-0.977503	0.00752111
-0.97485	0.00755313
-0.972198	0.0075727
-0.969545	0.00758321
-0.966892	0.00758695
-0.96424	0.00758549
-0.961587	0.00757998
-0.958934	0.00757124
-0.956282	0.00755992
-0.953629	0.00754647
-0.950977	0.00753129
-0.948324	0.00751467
-0.945671	0.00749684
-0.943019	0.00747801
-0.940366	0.00745833
-0.937713	0.00743794
-0.935061	0.00741694
-0.932408	0.00739543
-0.929755	0.00737349
-0.927103	0.00735119
-0.92445	0.00732857
-0.921797	0.00730568
-0.919145	0.00728258
-0.916492	0.00725928
-0.913839	0.00723583
-0.911187	0.00721225
-0.908534	0.00718855
-0.905881	0.00716476
-0.903229	0.0071409
-0.900576	0.00711698
-0.897923	0.00709302
-0.895271	0.00706902
-0.892618	0.007045
-0.889966	0.00702096
-0.887313	0.00699692
-0.88466	0.00697287
-0.882008	0.00694883
-0.879355	0.0069248
-0.876702	0.00690079
-0.87405	0.00687679
-0.871397	0.00685282
-0.868744	0.00682887
-0.866092	0.00680495
-0.863439	0.00678106
-0.860786	0.00675721
-0.858134	0.00673339
-0.855481	0.00670961
-0.852828	0.00668587
-0.850176	0.00666216
-0.847523	0.0066385
-0.84487	0.00661488
-0.842218	0.00659131
-0.839565	0.00656778
-0.836912	0.00654429
-0.83426	0.00652085
-0.831607	0.00649745
-0.828954	0.00647411
-0.826302	0.00645081
-0.823649	0.00642756
-0.820997	0.00640436
-0.818344	0.0063812
-0.815691	0.00635809
-0.813039	0.00633502
-0.810386	0.00631201
-0.807733	0.00628904
-0.805081	0.00626612
-0.802428	0.00624325
-0.799775	0.00622043
-0.797123	0.00619766
-0.79447	0.00617493
-0.791817	0.00615225
-0.789165	0.00612962
-0.786512	0.00610703
-0.783859	0.00608448
-0.781207	0.00606199
-0.778554	0.00603954
-0.775901	0.00601714
-0.773249	0.00599479
-0.770596	0.00597249
-0.767943	0.00595023
-0.765291	0.00592802
-0.762638	0.00590585
-0.759985	0.00588374
-0.757333	0.00586167
-0.75468	0.00583964
-0.752028	0.00581766
-0.749375	0.00579573
-0.746722	0.00577384
-0.74407	0.00575199
-0.741417	0.00573019
-0.738764	0.00570844
-0.736112	0.00568673
-0.733459	0.00566507
-0.730806	0.00564345
-0.728154	0.00562187
-0.725501	0.00560034
-0.722848	0.00557885
-0.720196	0.00555741
-0.717543	0.00553601
-0.71489	0.00551466
-0.712238	0.00549335
-0.709585	0.00547208
-0.706932	0.00545086
-0.70428	0.00542968
-0.701627	0.00540855
-0.698974	0.00538746
-0.696322	0.00536641
-0.693669	0.0053454
-0.691016	0.00532444
-0.688364	0.00530353
-0.685711	0.00528265
-0.683059	0.00526182
-0.680406	0.00524104
-0.677753	0.0052203
-0.675101	0.0051996
-0.672448	0.00517894
-0.669795	0.00515833
-0.667143	0.00513776
-0.66449	0.00511723
-0.661837	0.00509675
-0.659185	0.00507631
-0.656532	0.00505592
-0.653879	0.00503557
-0.651227	0.00501526
-0.648574	0.004995
-0.645921	0.00497478
-0.643269	0.0049546
-0.640616	0.00493447
-0.637963	0.00491438
-0.635311	0.00489434
-0.632658	0.00487434
-0.630005	0.00485438
-0.627353	0.00483447
-0.6247	0.00481461
-0.622047	0.00479478
-0.619395	0.00477501
-0.616742	0.00475527
-0.614089	0.00473558
-0.611437	0.00471593
-0.608784	0.00469633
-0.606131	0.00467677
-0.603479	0.00465726
-0.600826	0.00463779
-0.598174	0.00461837
-0.595521	0.00459899
-0.592868	0.00457967
-0.590216	0.00456038
-0.587563	0.00454114
-0.58491	0.00452195
-0.582258	0.0045028
-0.579605	0.0044837
-0.576952	0.00446465
-0.5743	0.00444565
-0.571647	0.00442669
-0.568994	0.00440778
-0.566342	0.00438892
-0.563689	0.0043701
-0.561036	0.00435134
-0.558384	0.00433262
-0.555731	0.00431395
-0.553078	0.00429533
-0.550426	0.00427676
-0.547773	0.00425824
-0.54512	0.00423977
-0.542468	0.00422136
-0.539815	0.00420299
-0.537162	0.00418467
-0.53451	0.00416641
-0.531857	0.0041482
-0.529205	0.00413004
-0.526552	0.00411193
-0.523899	0.00409388
-0.521247	0.00407588
-0.518594	0.00405793
-0.515941	0.00404004
-0.513289	0.0040222
-0.510636	0.00400441
-0.507983	0.00398668
-0.505331	0.00396901
-0.502678	0.00395138
-0.500025	0.00393382
-0.497373	0.00391631
-0.49472	0.00389886
-0.492067	0.00388146
-0.489415	0.00386412
-0.486762	0.00384684
-0.484109	0.00382961
-0.481457	0.00381245
-0.478804	0.00379534
-0.476151	0.00377829
-0.473499	0.0037613
-0.470846	0.00374437
-0.468193	0.0037275
-0.465541	0.0037107
-0.462888	0.00369395
-0.460236	0.00367726
-0.457583	0.00366064
-0.45493	0.00364408
-0.452278	0.00362759
-0.449625	0.00361115
-0.446972	0.00359478
-0.44432	0.00357848
-0.441667	0.00356224
-0.439014	0.00354607
-0.436362	0.00352996
-0.433709	0.00351392
-0.431056	0.00349794
-0.428404	0.00348204
-0.425751	0.0034662
-0.423098	0.00345043
-0.420446	0.00343473
-0.417793	0.00341909
-0.41514	0.00340353
-0.412488	0.00338803
-0.409835	0.00337261
-0.407182	0.00335725
-0.40453	0.00334197
-0.401877	0.00332676
-0.399224	0.00331162
-0.396572	0.00329656
-0.393919	0.00328157
-0.391266	0.00326665
-0.388614	0.00325181
-0.385961	0.00323704
-0.383309	0.00322236
-0.380656	0.00320774
-0.378003	0.00319321
-0.375351	0.00317875
-0.372698	0.00316438
-0.370045	0.00315008
-0.367393	0.00313586
-0.36474	0.00312172
-0.362087	0.00310766
-0.359435	0.00309368
-0.356782	0.00307978
-0.354129	0.00306597
-0.351477	0.00305224
-0.348824	0.00303859
-0.346171	0.00302502
-0.343519	0.00301154
-0.340866	0.00299814
-0.338213	0.00298483
-0.335561	0.0029716
-0.332908	0.00295846
-0.330255	0.0029454
-0.327603	0.00293243
-0.32495	0.00291955
-0.322297	0.00290676
-0.319645	0.00289405
-0.316992	0.00288144
-0.31434	0.00286891
-0.311687	0.00285648
-0.309034	0.00284413
-0.306382	0.00283187
-0.303729	0.00281971
-0.301076	0.00280764
-0.298424	0.00279567
-0.295771	0.00278378
-0.293118	0.002772
-0.290466	0.0027603
-0.287813	0.0027487
-0.28516	0.00273719
-0.282508	0.00272579
-0.279855	0.00271447
-0.277202	0.00270325
-0.27455	0.00269213
-0.271897	0.00268111
-0.269244	0.00267018
-0.266592	0.00265935
-0.263939	0.00264862
-0.261286	0.00263798
-0.258634	0.00262745
-0.255981	0.00261701
-0.253328	0.00260667
-0.250676	0.00259644
-0.248023	0.0025863
-0.245371	0.00257627
-0.242718	0.00256633
-0.240065	0.0025565
-0.237413	0.00254677
-0.23476	0.00253714
-0.232107	0.00252761
-0.229455	0.00251818
-0.226802	0.00250886
-0.224149	0.00249964
-0.221497	0.00249053
-0.218844	0.00248151
-0.216191	0.0024726
-0.213539	0.0024638
-0.210886	0.0024551
-0.208233	0.0024465
-0.205581	0.00243801
-0.202928	0.00242963
-0.200275	0.00242135
-0.197623	0.00241317
-0.19497	0.00240511
-0.192317	0.00239714
-0.189665	0.00238929
-0.187012	0.00238154
-0.184359	0.00237389
-0.181707	0.00236636
-0.179054	0.00235893
-0.176402	0.0023516
-0.173749	0.00234439
-0.171096	0.00233728
-0.168444	0.00233028
-0.165791	0.00232339
-0.163138	0.0023166
-0.160486	0.00230993
-0.157833	0.00230336
-0.15518	0.0022969
-0.152528	0.00229055
-0.149875	0.00228431
-0.147222	0.00227817
-0.14457	0.00227214
-0.141917	0.00226623
-0.139264	0.00226042
-0.136612	0.00225472
-0.133959	0.00224913
-0.131306	0.00224365
-0.128654	0.00223828
-0.126001	0.00223302
-0.123348	0.00222786
-0.120696	0.00222282
-0.118043	0.00221789
-0.11539	0.00221306
-0.112738	0.00220835
-0.110085	0.00220374
-0.107432	0.00219925
-0.10478	0.00219486
-0.102127	0.00219058
-0.0994745	0.00218642
-0.0968219	0.00218236
-0.0941692	0.00217842
-0.0915166	0.00217458
-0.0888639	0.00217085
-0.0862113	0.00216724
-0.0835586	0.00216373
-0.080906	0.00216033
-0.0782533	0.00215704
-0.0756006	0.00215386
-0.072948	0.00215079
-0.0702953	0.00214783
-0.0676427	0.00214498
-0.06499	0.00214224
-0.0623374	0.00213961
-0.0596847	0.00213709
-0.0570321	0.00213468
-0.0543794	0.00213237
-0.0517268	0.00213018
-0.0490741	0.0021281
-0.0464214	0.00212612
-0.0437688	0.00212426
-0.0411161	0.0021225
-0.0384635	0.00212086
-0.0358108	0.00211932
-0.0331582	0.0021179
-0.0305055	0.00211658
-0.0278529	0.00211537
-0.0252002	0.00211427
-0.0225476	0.00211328
-0.0198949	0.0021124
-0.0172423	0.00211163
-0.0145896	0.00211097
-0.0119369	0.00211042
-0.00928429	0.00210998
-0.00663164	0.00210965
-0.00397898	0.00210943
-0.00132633	0.00210932
0	0.00210932
)
