(title "X Velocity vs. Y-Coordinate")
(labels "Y-Coordinate" "X Velocity")

((xy/key/label "line")
-1	0
-0.999499	0.0353122
-0.998922	0.0672422
-0.998259	0.10746
-0.997497	0.147406
-0.99662	0.184015
-0.995612	0.217165
-0.994452	0.247452
-0.993119	0.275479
-0.991585	0.301744
-0.989821	0.326643
-0.987793	0.350501
-0.985461	0.373597
-0.982808	0.395984
-0.980156	0.415371
-0.977503	0.432437
-0.97485	0.447677
-0.972198	0.461448
-0.969545	0.474019
-0.966892	0.485588
-0.96424	0.496312
-0.961587	0.506309
-0.958934	0.515676
-0.956282	0.524491
-0.953629	0.532817
-0.950977	0.540706
-0.948324	0.548204
-0.945671	0.555348
-0.943019	0.562171
-0.940366	0.568701
-0.937713	0.574963
-0.935061	0.580978
-0.932408	0.586766
-0.929755	0.592343
-0.927103	0.597725
-0.92445	0.602925
-0.921797	0.607955
-0.919145	0.612827
-0.916492	0.61755
-0.913839	0.622133
-0.911187	0.626585
-0.908534	0.630913
-0.905881	0.635124
-0.903229	0.639225
-0.900576	0.64322
-0.897923	0.647116
-0.895271	0.650918
-0.892618	0.654629
-0.889966	0.658255
-0.887313	0.661799
-0.88466	0.665265
-0.882008	0.668657
-0.879355	0.671977
-0.876702	0.675229
-0.87405	0.678415
-0.871397	0.681538
-0.868744	0.684601
-0.866092	0.687606
-0.863439	0.690554
-0.860786	0.69345
-0.858134	0.696293
-0.855481	0.699086
-0.852828	0.701831
-0.850176	0.704529
-0.847523	0.707182
-0.84487	0.709792
-0.842218	0.71236
-0.839565	0.714887
-0.836912	0.717375
-0.83426	0.719824
-0.831607	0.722236
-0.828954	0.724612
-0.826302	0.726954
-0.823649	0.729261
-0.820997	0.731536
-0.818344	0.733778
-0.815691	0.73599
-0.813039	0.738171
-0.810386	0.740322
-0.807733	0.742445
-0.805081	0.74454
-0.802428	0.746607
-0.799775	0.748649
-0.797123	0.750664
-0.79447	0.752654
-0.791817	0.75462
-0.789165	0.756562
-0.786512	0.75848
-0.783859	0.760375
-0.781207	0.762248
-0.778554	0.764098
-0.775901	0.765928
-0.773249	0.767736
-0.770596	0.769524
-0.767943	0.771292
-0.765291	0.77304
-0.762638	0.774769
-0.759985	0.776479
-0.757333	0.778172
-0.75468	0.779845
-0.752028	0.781502
-0.749375	0.783141
-0.746722	0.784763
-0.74407	0.786368
-0.741417	0.787956
-0.738764	0.789529
-0.736112	0.791086
-0.733459	0.792627
-0.730806	0.794153
-0.728154	0.795664
-0.725501	0.797161
-0.722848	0.798643
-0.720196	0.800111
-0.717543	0.801565
-0.71489	0.803006
-0.712238	0.804433
-0.709585	0.805847
-0.706932	0.807248
-0.70428	0.808636
-0.701627	0.810011
-0.698974	0.811374
-0.696322	0.812725
-0.693669	0.814063
-0.691016	0.81539
-0.688364	0.816705
-0.685711	0.818009
-0.683059	0.819301
-0.680406	0.820582
-0.677753	0.821852
-0.675101	0.823112
-0.672448	0.824361
-0.669795	0.825599
-0.667143	0.826827
-0.66449	0.828045
-0.661837	0.829252
-0.659185	0.83045
-0.656532	0.831637
-0.653879	0.832815
-0.651227	0.833983
-0.648574	0.835142
-0.645921	0.836291
-0.643269	0.837431
-0.640616	0.838562
-0.637963	0.839684
-0.635311	0.840797
-0.632658	0.841901
-0.630005	0.842997
-0.627353	0.844084
-0.6247	0.845162
-0.622047	0.846232
-0.619395	0.847294
-0.616742	0.848348
-0.614089	0.849393
-0.611437	0.850431
-0.608784	0.85146
-0.606131	0.852482
-0.603479	0.853495
-0.600826	0.854501
-0.598174	0.8555
-0.595521	0.856491
-0.592868	0.857474
-0.590216	0.85845
-0.587563	0.859419
-0.58491	0.860381
-0.582258	0.861335
-0.579605	0.862282
-0.576952	0.863222
-0.5743	0.864155
-0.571647	0.865082
-0.568994	0.866001
-0.566342	0.866913
-0.563689	0.867819
-0.561036	0.868718
-0.558384	0.869611
-0.555731	0.870497
-0.553078	0.871376
-0.550426	0.872249
-0.547773	0.873116
-0.54512	0.873976
-0.542468	0.87483
-0.539815	0.875678
-0.537162	0.876519
-0.53451	0.877355
-0.531857	0.878184
-0.529205	0.879007
-0.526552	0.879825
-0.523899	0.880636
-0.521247	0.881442
-0.518594	0.882241
-0.515941	0.883035
-0.513289	0.883823
-0.510636	0.884606
-0.507983	0.885382
-0.505331	0.886153
-0.502678	0.886918
-0.500025	0.887678
-0.497373	0.888432
-0.49472	0.889181
-0.492067	0.889924
-0.489415	0.890661
-0.486762	0.891393
-0.484109	0.89212
-0.481457	0.892842
-0.478804	0.893558
-0.476151	0.894269
-0.473499	0.894974
-0.470846	0.895675
-0.468193	0.89637
-0.465541	0.89706
-0.462888	0.897745
-0.460236	0.898425
-0.457583	0.8991
-0.45493	0.89977
-0.452278	0.900434
-0.449625	0.901094
-0.446972	0.901749
-0.44432	0.902399
-0.441667	0.903044
-0.439014	0.903684
-0.436362	0.904319
-0.433709	0.90495
-0.431056	0.905575
-0.428404	0.906196
-0.425751	0.906812
-0.423098	0.907423
-0.420446	0.908029
-0.417793	0.908631
-0.41514	0.909228
-0.412488	0.909821
-0.409835	0.910409
-0.407182	0.910992
-0.40453	0.911571
-0.401877	0.912145
-0.399224	0.912714
-0.396572	0.91328
-0.393919	0.91384
-0.391266	0.914396
-0.388614	0.914948
-0.385961	0.915495
-0.383309	0.916038
-0.380656	0.916577
-0.378003	0.91711
-0.375351	0.91764
-0.372698	0.918165
-0.370045	0.918686
-0.367393	0.919203
-0.36474	0.919715
-0.362087	0.920223
-0.359435	0.920727
-0.356782	0.921227
-0.354129	0.921722
-0.351477	0.922213
-0.348824	0.9227
-0.346171	0.923182
-0.343519	0.923661
-0.340866	0.924135
-0.338213	0.924605
-0.335561	0.925071
-0.332908	0.925533
-0.330255	0.925991
-0.327603	0.926445
-0.32495	0.926895
-0.322297	0.92734
-0.319645	0.927782
-0.316992	0.92822
-0.31434	0.928653
-0.311687	0.929083
-0.309034	0.929508
-0.306382	0.92993
-0.303729	0.930348
-0.301076	0.930762
-0.298424	0.931172
-0.295771	0.931578
-0.293118	0.93198
-0.290466	0.932378
-0.287813	0.932773
-0.28516	0.933164
-0.282508	0.93355
-0.279855	0.933933
-0.277202	0.934313
-0.27455	0.934688
-0.271897	0.93506
-0.269244	0.935427
-0.266592	0.935791
-0.263939	0.936152
-0.261286	0.936508
-0.258634	0.936861
-0.255981	0.93721
-0.253328	0.937555
-0.250676	0.937897
-0.248023	0.938235
-0.245371	0.938569
-0.242718	0.9389
-0.240065	0.939227
-0.237413	0.93955
-0.23476	0.939869
-0.232107	0.940185
-0.229455	0.940497
-0.226802	0.940806
-0.224149	0.941111
-0.221497	0.941413
-0.218844	0.94171
-0.216191	0.942005
-0.213539	0.942295
-0.210886	0.942582
-0.208233	0.942866
-0.205581	0.943146
-0.202928	0.943422
-0.200275	0.943695
-0.197623	0.943964
-0.19497	0.94423
-0.192317	0.944492
-0.189665	0.944751
-0.187012	0.945006
-0.184359	0.945257
-0.181707	0.945505
-0.179054	0.94575
-0.176402	0.945991
-0.173749	0.946228
-0.171096	0.946462
-0.168444	0.946692
-0.165791	0.946919
-0.163138	0.947143
-0.160486	0.947363
-0.157833	0.947579
-0.15518	0.947792
-0.152528	0.948001
-0.149875	0.948207
-0.147222	0.948409
-0.14457	0.948608
-0.141917	0.948804
-0.139264	0.948995
-0.136612	0.949184
-0.133959	0.949369
-0.131306	0.94955
-0.128654	0.949728
-0.126001	0.949902
-0.123348	0.950073
-0.120696	0.95024
-0.118043	0.950404
-0.11539	0.950564
-0.112738	0.95072
-0.110085	0.950874
-0.107432	0.951023
-0.10478	0.951169
-0.102127	0.951312
-0.0994745	0.951451
-0.0968219	0.951587
-0.0941692	0.951719
-0.0915166	0.951847
-0.0888639	0.951972
-0.0862113	0.952093
-0.0835586	0.952211
-0.080906	0.952325
-0.0782533	0.952436
-0.0756006	0.952543
-0.072948	0.952646
-0.0702953	0.952746
-0.0676427	0.952843
-0.06499	0.952935
-0.0623374	0.953024
-0.0596847	0.953109
-0.0570321	0.953191
-0.0543794	0.953269
-0.0517268	0.953343
-0.0490741	0.953413
-0.0464214	0.953479
-0.0437688	0.953541
-0.0411161	0.9536
-0.0384635	0.953654
-0.0358108	0.953704
-0.0331582	0.95375
-0.0305055	0.953792
-0.0278529	0.95383
-0.0252002	0.953864
-0.0225476	0.953893
-0.0198949	0.953917
-0.0172423	0.953938
-0.0145896	0.953954
-0.0119369	0.953966
-0.00928429	0.953974
-0.00663164	0.953979
-0.00397898	0.953981
-0.00132633	0.953982
0	0.953982
)
