(title "UU Reynolds Stress vs. Y-Coordinate")
(labels "Y-Coordinate" "UU Reynolds Stress")

((xy/key/label "line")
-1	0.00671282
-0.999499	0.00516167
-0.998922	0.00319045
-0.998259	0.0033375
-0.997497	0.00422873
-0.99662	0.00518148
-0.995612	0.005968
-0.994452	0.00657744
-0.993119	0.00704488
-0.991585	0.00740484
-0.989821	0.00768322
-0.987793	0.00789854
-0.985461	0.00806388
-0.982808	0.00818737
-0.980156	0.00826733
-0.977503	0.00831855
-0.97485	0.00835012
-0.972198	0.00836785
-0.969545	0.00837549
-0.966892	0.00837559
-0.96424	0.00836988
-0.961587	0.00835965
-0.958934	0.00834589
-0.956282	0.00832934
-0.953629	0.00831055
-0.950977	0.00828994
-0.948324	0.00826785
-0.945671	0.00824454
-0.943019	0.00822024
-0.940366	0.00819511
-0.937713	0.0081693
-0.935061	0.00814293
-0.932408	0.00811609
-0.929755	0.00808887
-0.927103	0.00806134
-0.92445	0.00803355
-0.921797	0.00800555
-0.919145	0.00797738
-0.916492	0.00794908
-0.913839	0.00792068
-0.911187	0.0078922
-0.908534	0.00786366
-0.905881	0.00783508
-0.903229	0.00780648
-0.900576	0.00777788
-0.897923	0.00774928
-0.895271	0.00772069
-0.892618	0.00769212
-0.889966	0.00766359
-0.887313	0.00763509
-0.88466	0.00760664
-0.882008	0.00757823
-0.879355	0.00754987
-0.876702	0.00752157
-0.87405	0.00749333
-0.871397	0.00746515
-0.868744	0.00743703
-0.866092	0.00740898
-0.863439	0.00738099
-0.860786	0.00735307
-0.858134	0.00732522
-0.855481	0.00729744
-0.852828	0.00726973
-0.850176	0.0072421
-0.847523	0.00721453
-0.84487	0.00718703
-0.842218	0.00715961
-0.839565	0.00713226
-0.836912	0.00710499
-0.83426	0.00707779
-0.831607	0.00705066
-0.828954	0.0070236
-0.826302	0.00699662
-0.823649	0.0069697
-0.820997	0.00694286
-0.818344	0.00691609
-0.815691	0.00688939
-0.813039	0.00686276
-0.810386	0.0068362
-0.807733	0.00680971
-0.805081	0.00678329
-0.802428	0.00675695
-0.799775	0.00673067
-0.797123	0.00670446
-0.79447	0.00667831
-0.791817	0.00665223
-0.789165	0.00662622
-0.786512	0.00660027
-0.783859	0.00657439
-0.781207	0.00654857
-0.778554	0.00652282
-0.775901	0.00649713
-0.773249	0.00647151
-0.770596	0.00644595
-0.767943	0.00642045
-0.765291	0.00639503
-0.762638	0.00636966
-0.759985	0.00634436
-0.757333	0.00631911
-0.75468	0.00629393
-0.752028	0.00626881
-0.749375	0.00624375
-0.746722	0.00621875
-0.74407	0.00619381
-0.741417	0.00616893
-0.738764	0.00614411
-0.736112	0.00611935
-0.733459	0.00609465
-0.730806	0.00607
-0.728154	0.00604541
-0.725501	0.00602088
-0.722848	0.00599641
-0.720196	0.005972
-0.717543	0.00594764
-0.71489	0.00592334
-0.712238	0.00589909
-0.709585	0.0058749
-0.706932	0.00585077
-0.70428	0.0058267
-0.701627	0.00580268
-0.698974	0.00577871
-0.696322	0.0057548
-0.693669	0.00573094
-0.691016	0.00570714
-0.688364	0.00568339
-0.685711	0.0056597
-0.683059	0.00563606
-0.680406	0.00561248
-0.677753	0.00558896
-0.675101	0.00556548
-0.672448	0.00554206
-0.669795	0.00551869
-0.667143	0.00549538
-0.66449	0.00547212
-0.661837	0.00544892
-0.659185	0.00542576
-0.656532	0.00540266
-0.653879	0.00537962
-0.651227	0.00535663
-0.648574	0.00533369
-0.645921	0.0053108
-0.643269	0.00528797
-0.640616	0.00526519
-0.637963	0.00524247
-0.635311	0.00521979
-0.632658	0.00519717
-0.630005	0.00517461
-0.627353	0.0051521
-0.6247	0.00512964
-0.622047	0.00510724
-0.619395	0.00508488
-0.616742	0.00506258
-0.614089	0.00504033
-0.611437	0.00501814
-0.608784	0.00499599
-0.606131	0.0049739
-0.603479	0.00495187
-0.600826	0.00492989
-0.598174	0.00490796
-0.595521	0.00488608
-0.592868	0.00486426
-0.590216	0.00484249
-0.587563	0.00482078
-0.58491	0.00479912
-0.582258	0.00477751
-0.579605	0.00475596
-0.576952	0.00473447
-0.5743	0.00471303
-0.571647	0.00469165
-0.568994	0.00467032
-0.566342	0.00464905
-0.563689	0.00462783
-0.561036	0.00460667
-0.558384	0.00458556
-0.555731	0.00456451
-0.553078	0.00454352
-0.550426	0.00452259
-0.547773	0.00450171
-0.54512	0.00448089
-0.542468	0.00446013
-0.539815	0.00443943
-0.537162	0.00441879
-0.53451	0.0043982
-0.531857	0.00437768
-0.529205	0.00435721
-0.526552	0.00433681
-0.523899	0.00431646
-0.521247	0.00429618
-0.518594	0.00427595
-0.515941	0.00425579
-0.513289	0.00423569
-0.510636	0.00421565
-0.507983	0.00419567
-0.505331	0.00417576
-0.502678	0.00415591
-0.500025	0.00413612
-0.497373	0.00411639
-0.49472	0.00409673
-0.492067	0.00407713
-0.489415	0.0040576
-0.486762	0.00403813
-0.484109	0.00401872
-0.481457	0.00399938
-0.478804	0.00398011
-0.476151	0.00396091
-0.473499	0.00394177
-0.470846	0.0039227
-0.468193	0.0039037
-0.465541	0.00388476
-0.462888	0.00386589
-0.460236	0.0038471
-0.457583	0.00382837
-0.45493	0.00380971
-0.452278	0.00379113
-0.449625	0.00377261
-0.446972	0.00375417
-0.44432	0.0037358
-0.441667	0.0037175
-0.439014	0.00369928
-0.436362	0.00368113
-0.433709	0.00366305
-0.431056	0.00364505
-0.428404	0.00362713
-0.425751	0.00360928
-0.423098	0.0035915
-0.420446	0.0035738
-0.417793	0.00355618
-0.41514	0.00353863
-0.412488	0.00352117
-0.409835	0.00350378
-0.407182	0.00348647
-0.40453	0.00346924
-0.401877	0.00345209
-0.399224	0.00343502
-0.396572	0.00341803
-0.393919	0.00340112
-0.391266	0.0033843
-0.388614	0.00336756
-0.385961	0.00335091
-0.383309	0.00333434
-0.380656	0.00331786
-0.378003	0.00330146
-0.375351	0.00328515
-0.372698	0.00326892
-0.370045	0.00325279
-0.367393	0.00323674
-0.36474	0.00322078
-0.362087	0.00320491
-0.359435	0.00318913
-0.356782	0.00317344
-0.354129	0.00315785
-0.351477	0.00314234
-0.348824	0.00312693
-0.346171	0.00311161
-0.343519	0.00309638
-0.340866	0.00308124
-0.338213	0.0030662
-0.335561	0.00305126
-0.332908	0.00303641
-0.330255	0.00302166
-0.327603	0.003007
-0.32495	0.00299244
-0.322297	0.00297798
-0.319645	0.00296362
-0.316992	0.00294935
-0.31434	0.00293519
-0.311687	0.00292112
-0.309034	0.00290716
-0.306382	0.0028933
-0.303729	0.00287954
-0.301076	0.00286588
-0.298424	0.00285233
-0.295771	0.00283888
-0.293118	0.00282554
-0.290466	0.0028123
-0.287813	0.00279917
-0.28516	0.00278614
-0.282508	0.00277322
-0.279855	0.0027604
-0.277202	0.0027477
-0.27455	0.0027351
-0.271897	0.0027226
-0.269244	0.00271022
-0.266592	0.00269794
-0.263939	0.00268578
-0.261286	0.00267372
-0.258634	0.00266178
-0.255981	0.00264994
-0.253328	0.00263822
-0.250676	0.00262661
-0.248023	0.00261511
-0.245371	0.00260372
-0.242718	0.00259245
-0.240065	0.00258129
-0.237413	0.00257024
-0.23476	0.00255931
-0.232107	0.00254849
-0.229455	0.00253778
-0.226802	0.00252719
-0.224149	0.00251672
-0.221497	0.00250636
-0.218844	0.00249612
-0.216191	0.00248599
-0.213539	0.00247598
-0.210886	0.00246609
-0.208233	0.00245632
-0.205581	0.00244666
-0.202928	0.00243712
-0.200275	0.0024277
-0.197623	0.0024184
-0.19497	0.00240922
-0.192317	0.00240015
-0.189665	0.00239121
-0.187012	0.00238239
-0.184359	0.00237368
-0.181707	0.0023651
-0.179054	0.00235664
-0.176402	0.00234829
-0.173749	0.00234007
-0.171096	0.00233197
-0.168444	0.00232399
-0.165791	0.00231613
-0.163138	0.0023084
-0.160486	0.00230079
-0.157833	0.00229329
-0.15518	0.00228592
-0.152528	0.00227868
-0.149875	0.00227155
-0.147222	0.00226455
-0.14457	0.00225767
-0.141917	0.00225092
-0.139264	0.00224428
-0.136612	0.00223778
-0.133959	0.00223139
-0.131306	0.00222513
-0.128654	0.00221899
-0.126001	0.00221298
-0.123348	0.00220709
-0.120696	0.00220132
-0.118043	0.00219568
-0.11539	0.00219016
-0.112738	0.00218477
-0.110085	0.0021795
-0.107432	0.00217436
-0.10478	0.00216934
-0.102127	0.00216445
-0.0994745	0.00215968
-0.0968219	0.00215504
-0.0941692	0.00215052
-0.0915166	0.00214612
-0.0888639	0.00214186
-0.0862113	0.00213771
-0.0835586	0.00213369
-0.080906	0.0021298
-0.0782533	0.00212603
-0.0756006	0.00212238
-0.072948	0.00211887
-0.0702953	0.00211547
-0.0676427	0.0021122
-0.06499	0.00210906
-0.0623374	0.00210604
-0.0596847	0.00210314
-0.0570321	0.00210037
-0.0543794	0.00209773
-0.0517268	0.00209521
-0.0490741	0.00209282
-0.0464214	0.00209055
-0.0437688	0.00208841
-0.0411161	0.00208639
-0.0384635	0.0020845
-0.0358108	0.00208273
-0.0331582	0.00208109
-0.0305055	0.00207958
-0.0278529	0.00207819
-0.0252002	0.00207692
-0.0225476	0.00207578
-0.0198949	0.00207477
-0.0172423	0.00207388
-0.0145896	0.00207312
-0.0119369	0.00207248
-0.00928429	0.00207197
-0.00663164	0.00207158
-0.00397898	0.00207133
-0.00132633	0.00207119
0	0.00207119
)
