(title "UV Reynolds Stress vs. Y-Coordinate")
(labels "Y-Coordinate" "UV Reynolds Stress")

((xy/key/label "line")
-1	-0.00155899
-0.999499	-0.00114751
-0.998922	-0.000664113
-0.998259	-0.000764313
-0.997497	-0.00101821
-0.99662	-0.00126269
-0.995612	-0.00145293
-0.994452	-0.00159373
-0.993119	-0.0016979
-0.991585	-0.00177586
-0.989821	-0.00183483
-0.987793	-0.0018798
-0.985461	-0.00191418
-0.982808	-0.00194004
-0.980156	-0.00195713
-0.977503	-0.00196848
-0.97485	-0.00197599
-0.972198	-0.00198086
-0.969545	-0.00198386
-0.966892	-0.00198549
-0.96424	-0.00198607
-0.961587	-0.00198582
-0.958934	-0.00198492
-0.956282	-0.00198347
-0.953629	-0.00198159
-0.950977	-0.00197932
-0.948324	-0.00197673
-0.945671	-0.00197386
-0.943019	-0.00197074
-0.940366	-0.00196741
-0.937713	-0.00196389
-0.935061	-0.0019602
-0.932408	-0.00195636
-0.929755	-0.00195239
-0.927103	-0.00194831
-0.92445	-0.00194412
-0.921797	-0.00193983
-0.919145	-0.00193545
-0.916492	-0.00193099
-0.913839	-0.00192647
-0.911187	-0.00192187
-0.908534	-0.00191722
-0.905881	-0.00191251
-0.903229	-0.00190775
-0.900576	-0.00190294
-0.897923	-0.00189809
-0.895271	-0.0018932
-0.892618	-0.00188827
-0.889966	-0.0018833
-0.887313	-0.00187831
-0.88466	-0.00187328
-0.882008	-0.00186823
-0.879355	-0.00186315
-0.876702	-0.00185804
-0.87405	-0.00185291
-0.871397	-0.00184776
-0.868744	-0.00184258
-0.866092	-0.00183739
-0.863439	-0.00183218
-0.860786	-0.00182695
-0.858134	-0.0018217
-0.855481	-0.00181644
-0.852828	-0.00181117
-0.850176	-0.00180587
-0.847523	-0.00180057
-0.84487	-0.00179525
-0.842218	-0.00178992
-0.839565	-0.00178458
-0.836912	-0.00177923
-0.83426	-0.00177387
-0.831607	-0.0017685
-0.828954	-0.00176312
-0.826302	-0.00175773
-0.823649	-0.00175233
-0.820997	-0.00174692
-0.818344	-0.00174151
-0.815691	-0.00173608
-0.813039	-0.00173065
-0.810386	-0.00172521
-0.807733	-0.00171977
-0.805081	-0.00171432
-0.802428	-0.00170886
-0.799775	-0.0017034
-0.797123	-0.00169793
-0.79447	-0.00169245
-0.791817	-0.00168697
-0.789165	-0.00168149
-0.786512	-0.00167599
-0.783859	-0.0016705
-0.781207	-0.00166499
-0.778554	-0.00165949
-0.775901	-0.00165398
-0.773249	-0.00164846
-0.770596	-0.00164295
-0.767943	-0.00163742
-0.765291	-0.0016319
-0.762638	-0.00162637
-0.759985	-0.00162084
-0.757333	-0.0016153
-0.75468	-0.00160976
-0.752028	-0.00160422
-0.749375	-0.00159868
-0.746722	-0.00159313
-0.74407	-0.00158757
-0.741417	-0.00158202
-0.738764	-0.00157646
-0.736112	-0.0015709
-0.733459	-0.00156534
-0.730806	-0.00155977
-0.728154	-0.0015542
-0.725501	-0.00154863
-0.722848	-0.00154306
-0.720196	-0.00153749
-0.717543	-0.00153191
-0.71489	-0.00152633
-0.712238	-0.00152075
-0.709585	-0.00151516
-0.706932	-0.00150958
-0.70428	-0.00150399
-0.701627	-0.0014984
-0.698974	-0.00149281
-0.696322	-0.00148722
-0.693669	-0.00148162
-0.691016	-0.00147602
-0.688364	-0.00147043
-0.685711	-0.00146483
-0.683059	-0.00145923
-0.680406	-0.00145363
-0.677753	-0.00144802
-0.675101	-0.00144242
-0.672448	-0.00143681
-0.669795	-0.0014312
-0.667143	-0.00142559
-0.66449	-0.00141998
-0.661837	-0.00141437
-0.659185	-0.00140876
-0.656532	-0.00140314
-0.653879	-0.00139753
-0.651227	-0.00139191
-0.648574	-0.00138629
-0.645921	-0.00138067
-0.643269	-0.00137505
-0.640616	-0.00136943
-0.637963	-0.00136381
-0.635311	-0.00135819
-0.632658	-0.00135256
-0.630005	-0.00134694
-0.627353	-0.00134131
-0.6247	-0.00133569
-0.622047	-0.00133006
-0.619395	-0.00132443
-0.616742	-0.0013188
-0.614089	-0.00131317
-0.611437	-0.00130754
-0.608784	-0.0013019
-0.606131	-0.00129627
-0.603479	-0.00129063
-0.600826	-0.001285
-0.598174	-0.00127936
-0.595521	-0.00127373
-0.592868	-0.00126809
-0.590216	-0.00126245
-0.587563	-0.00125681
-0.58491	-0.00125117
-0.582258	-0.00124553
-0.579605	-0.00123988
-0.576952	-0.00123424
-0.5743	-0.0012286
-0.571647	-0.00122295
-0.568994	-0.00121731
-0.566342	-0.00121166
-0.563689	-0.00120602
-0.561036	-0.00120037
-0.558384	-0.00119472
-0.555731	-0.00118908
-0.553078	-0.00118343
-0.550426	-0.00117778
-0.547773	-0.00117213
-0.54512	-0.00116648
-0.542468	-0.00116083
-0.539815	-0.00115518
-0.537162	-0.00114953
-0.53451	-0.00114388
-0.531857	-0.00113823
-0.529205	-0.00113258
-0.526552	-0.00112692
-0.523899	-0.00112127
-0.521247	-0.00111562
-0.518594	-0.00110996
-0.515941	-0.00110431
-0.513289	-0.00109866
-0.510636	-0.001093
-0.507983	-0.00108735
-0.505331	-0.00108169
-0.502678	-0.00107603
-0.500025	-0.00107038
-0.497373	-0.00106472
-0.49472	-0.00105906
-0.492067	-0.0010534
-0.489415	-0.00104775
-0.486762	-0.00104209
-0.484109	-0.00103643
-0.481457	-0.00103076
-0.478804	-0.0010251
-0.476151	-0.00101944
-0.473499	-0.00101378
-0.470846	-0.00100812
-0.468193	-0.00100245
-0.465541	-0.000996791
-0.462888	-0.000991127
-0.460236	-0.000985464
-0.457583	-0.0009798
-0.45493	-0.000974135
-0.452278	-0.000968471
-0.449625	-0.000962806
-0.446972	-0.00095714
-0.44432	-0.000951475
-0.441667	-0.000945809
-0.439014	-0.000940142
-0.436362	-0.000934475
-0.433709	-0.000928809
-0.431056	-0.000923141
-0.428404	-0.000917474
-0.425751	-0.000911806
-0.423098	-0.000906138
-0.420446	-0.00090047
-0.417793	-0.0008948
-0.41514	-0.000889131
-0.412488	-0.000883461
-0.409835	-0.00087779
-0.407182	-0.000872119
-0.40453	-0.000866448
-0.401877	-0.000860776
-0.399224	-0.000855104
-0.396572	-0.000849432
-0.393919	-0.00084376
-0.391266	-0.000838087
-0.388614	-0.000832414
-0.385961	-0.00082674
-0.383309	-0.000821067
-0.380656	-0.000815393
-0.378003	-0.000809719
-0.375351	-0.000804045
-0.372698	-0.000798371
-0.370045	-0.000792696
-0.367393	-0.000787021
-0.36474	-0.000781347
-0.362087	-0.000775671
-0.359435	-0.000769996
-0.356782	-0.00076432
-0.354129	-0.000758645
-0.351477	-0.000752969
-0.348824	-0.000747293
-0.346171	-0.000741616
-0.343519	-0.000735939
-0.340866	-0.000730262
-0.338213	-0.000724585
-0.335561	-0.000718907
-0.332908	-0.00071323
-0.330255	-0.000707552
-0.327603	-0.000701874
-0.32495	-0.000696196
-0.322297	-0.000690517
-0.319645	-0.000684838
-0.316992	-0.000679159
-0.31434	-0.00067348
-0.311687	-0.000667801
-0.309034	-0.000662122
-0.306382	-0.000656442
-0.303729	-0.000650763
-0.301076	-0.000645084
-0.298424	-0.000639404
-0.295771	-0.000633725
-0.293118	-0.000628045
-0.290466	-0.000622365
-0.287813	-0.000616686
-0.28516	-0.000611006
-0.282508	-0.000605326
-0.279855	-0.000599647
-0.277202	-0.000593967
-0.27455	-0.000588286
-0.271897	-0.000582606
-0.269244	-0.000576925
-0.266592	-0.000571244
-0.263939	-0.000565563
-0.261286	-0.000559882
-0.258634	-0.000554201
-0.255981	-0.000548519
-0.253328	-0.000542838
-0.250676	-0.000537156
-0.248023	-0.000531474
-0.245371	-0.000525792
-0.242718	-0.00052011
-0.240065	-0.000514428
-0.237413	-0.000508746
-0.23476	-0.000503063
-0.232107	-0.000497381
-0.229455	-0.000491698
-0.226802	-0.000486016
-0.224149	-0.000480333
-0.221497	-0.00047465
-0.218844	-0.000468967
-0.216191	-0.000463283
-0.213539	-0.0004576
-0.210886	-0.000451917
-0.208233	-0.000446233
-0.205581	-0.000440549
-0.202928	-0.000434866
-0.200275	-0.000429182
-0.197623	-0.000423498
-0.19497	-0.000417814
-0.192317	-0.00041213
-0.189665	-0.000406446
-0.187012	-0.000400761
-0.184359	-0.000395077
-0.181707	-0.000389393
-0.179054	-0.000383708
-0.176402	-0.000378024
-0.173749	-0.000372339
-0.171096	-0.000366654
-0.168444	-0.00036097
-0.165791	-0.000355285
-0.163138	-0.0003496
-0.160486	-0.000343915
-0.157833	-0.00033823
-0.15518	-0.000332545
-0.152528	-0.00032686
-0.149875	-0.000321175
-0.147222	-0.00031549
-0.14457	-0.000309804
-0.141917	-0.000304119
-0.139264	-0.000298434
-0.136612	-0.000292749
-0.133959	-0.000287064
-0.131306	-0.000281378
-0.128654	-0.000275693
-0.126001	-0.000270008
-0.123348	-0.000264323
-0.120696	-0.000258637
-0.118043	-0.000252952
-0.11539	-0.000247267
-0.112738	-0.000241582
-0.110085	-0.000235896
-0.107432	-0.000230211
-0.10478	-0.000224525
-0.102127	-0.00021884
-0.0994745	-0.000213155
-0.0968219	-0.000207469
-0.0941692	-0.000201784
-0.0915166	-0.000196098
-0.0888639	-0.000190413
-0.0862113	-0.000184727
-0.0835586	-0.000179042
-0.080906	-0.000173356
-0.0782533	-0.00016767
-0.0756006	-0.000161984
-0.072948	-0.000156298
-0.0702953	-0.000150612
-0.0676427	-0.000144926
-0.06499	-0.000139239
-0.0623374	-0.000133553
-0.0596847	-0.000127867
-0.0570321	-0.00012218
-0.0543794	-0.000116494
-0.0517268	-0.000110807
-0.0490741	-0.00010512
-0.0464214	-9.94339e-05
-0.0437688	-9.37476e-05
-0.0411161	-8.80614e-05
-0.0384635	-8.23754e-05
-0.0358108	-7.66898e-05
-0.0331582	-7.10045e-05
-0.0305055	-6.53198e-05
-0.0278529	-5.96356e-05
-0.0252002	-5.39521e-05
-0.0225476	-4.82695e-05
-0.0198949	-4.25878e-05
-0.0172423	-3.69072e-05
-0.0145896	-3.12279e-05
-0.0119369	-2.555e-05
-0.00928429	-1.98734e-05
-0.00663164	-1.41983e-05
-0.00397898	-8.52438e-06
-0.00132633	-2.8514e-06
0	-1.50785e-08
)
