(title "UW Reynolds Stress vs. Y-Coordinate")
(labels "Y-Coordinate" "UW Reynolds Stress")

((xy/key/label "line")
-1	-3.31771e-17
-0.999499	-2.28717e-17
-0.998922	-7.34857e-18
-0.998259	-1.1412e-18
-0.997497	2.33303e-18
-0.99662	3.57771e-18
-0.995612	2.71571e-18
-0.994452	1.64122e-18
-0.993119	9.47374e-19
-0.991585	4.85282e-20
-0.989821	-8.53454e-19
-0.987793	-1.72066e-18
-0.985461	-2.566e-18
-0.982808	-3.39973e-18
-0.980156	-4.25949e-18
-0.977503	-4.6663e-18
-0.97485	-4.1164e-18
-0.972198	-3.25232e-18
-0.969545	-2.55248e-18
-0.966892	-1.9336e-18
-0.96424	-1.36294e-18
-0.961587	-7.8853e-19
-0.958934	-2.36692e-19
-0.956282	2.76876e-19
-0.953629	8.20566e-19
-0.950977	1.10995e-18
-0.948324	8.80023e-19
-0.945671	4.74137e-19
-0.943019	1.41179e-19
-0.940366	-2.13963e-19
-0.937713	-4.22362e-19
-0.935061	-2.41529e-19
-0.932408	9.92309e-20
-0.929755	3.96051e-19
-0.927103	6.9836e-19
-0.92445	9.08678e-19
-0.921797	9.40623e-19
-0.919145	9.09603e-19
-0.916492	9.10629e-19
-0.913839	9.55892e-19
-0.911187	8.28741e-19
-0.908534	3.47002e-19
-0.905881	-2.44722e-19
-0.903229	-7.83548e-19
-0.900576	-1.34822e-18
-0.897923	-1.78685e-18
-0.895271	-1.91823e-18
-0.892618	-1.93128e-18
-0.889966	-1.96279e-18
-0.887313	-2.03407e-18
-0.88466	-2.00251e-18
-0.882008	-1.66112e-18
-0.879355	-1.20738e-18
-0.876702	-7.90121e-19
-0.87405	-3.46574e-19
-0.871397	-1.67903e-20
-0.868744	6.86727e-20
-0.866092	6.56522e-20
-0.863439	8.35248e-20
-0.860786	1.00974e-19
-0.858134	1.26913e-19
-0.855481	1.51051e-19
-0.852828	1.71355e-19
-0.850176	1.95526e-19
-0.847523	2.01027e-19
-0.84487	2.46727e-19
-0.842218	4.14682e-19
-0.839565	6.48775e-19
-0.836912	8.76204e-19
-0.83426	1.11029e-18
-0.831607	1.24493e-18
-0.828954	1.14661e-18
-0.826302	9.54897e-19
-0.823649	7.87908e-19
-0.820997	6.18458e-19
-0.818344	4.86827e-19
-0.815691	4.31929e-19
-0.813039	4.03841e-19
-0.810386	3.6797e-19
-0.807733	3.34582e-19
-0.805081	3.16296e-19
-0.802428	3.23419e-19
-0.799775	3.39202e-19
-0.797123	3.52149e-19
-0.79447	3.68854e-19
-0.791817	3.82471e-19
-0.789165	3.78355e-19
-0.786512	3.62503e-19
-0.783859	3.46123e-19
-0.781207	3.32468e-19
-0.778554	3.25758e-19
-0.775901	3.25307e-19
-0.773249	3.24455e-19
-0.770596	3.21618e-19
-0.767943	3.218e-19
-0.765291	3.24424e-19
-0.762638	3.23406e-19
-0.759985	3.18721e-19
-0.757333	3.13814e-19
-0.75468	3.10946e-19
-0.752028	3.09768e-19
-0.749375	3.07059e-19
-0.746722	3.02673e-19
-0.74407	2.98515e-19
-0.741417	2.96315e-19
-0.738764	2.9545e-19
-0.736112	2.92472e-19
-0.733459	2.87034e-19
-0.730806	2.80641e-19
-0.728154	2.74056e-19
-0.725501	2.68363e-19
-0.722848	2.63231e-19
-0.720196	2.57516e-19
-0.717543	2.51326e-19
-0.71489	2.45543e-19
-0.712238	2.40658e-19
-0.709585	2.36168e-19
-0.706932	2.31406e-19
-0.70428	2.26521e-19
-0.701627	2.22125e-19
-0.698974	2.18997e-19
-0.696322	2.16978e-19
-0.693669	2.14889e-19
-0.691016	2.12417e-19
-0.688364	2.10214e-19
-0.685711	2.09168e-19
-0.683059	2.09156e-19
-0.680406	2.08992e-19
-0.677753	2.08479e-19
-0.675101	2.07877e-19
-0.672448	2.07672e-19
-0.669795	2.08335e-19
-0.667143	2.0907e-19
-0.66449	2.09415e-19
-0.661837	2.09809e-19
-0.659185	2.10303e-19
-0.656532	2.10503e-19
-0.653879	2.10303e-19
-0.651227	2.09997e-19
-0.648574	2.09484e-19
-0.645921	2.0859e-19
-0.643269	2.07578e-19
-0.640616	2.065e-19
-0.637963	2.05416e-19
-0.635311	2.04293e-19
-0.632658	2.03238e-19
-0.630005	2.02532e-19
-0.627353	2.01874e-19
-0.6247	2.01094e-19
-0.622047	2.00502e-19
-0.619395	2.00585e-19
-0.616742	2.01279e-19
-0.614089	2.01989e-19
-0.611437	2.02548e-19
-0.608784	2.03386e-19
-0.606131	2.04685e-19
-0.603479	2.05963e-19
-0.600826	2.0714e-19
-0.598174	2.08435e-19
-0.595521	2.10055e-19
-0.592868	2.12469e-19
-0.590216	2.15513e-19
-0.587563	2.18456e-19
-0.58491	2.21197e-19
-0.582258	2.23554e-19
-0.579605	2.25376e-19
-0.576952	2.27303e-19
-0.5743	2.29234e-19
-0.571647	2.30823e-19
-0.568994	2.32072e-19
-0.566342	2.33161e-19
-0.563689	2.34649e-19
-0.561036	2.36324e-19
-0.558384	2.37786e-19
-0.555731	2.39085e-19
-0.553078	2.40494e-19
-0.550426	2.4209e-19
-0.547773	2.43393e-19
-0.54512	2.44293e-19
-0.542468	2.44914e-19
-0.539815	2.45589e-19
-0.537162	2.4673e-19
-0.53451	2.47958e-19
-0.531857	2.48976e-19
-0.529205	2.49441e-19
-0.526552	2.49177e-19
-0.523899	2.48849e-19
-0.521247	2.48507e-19
-0.518594	2.48016e-19
-0.515941	2.47282e-19
-0.513289	2.46376e-19
-0.510636	2.45875e-19
-0.507983	2.45533e-19
-0.505331	2.44947e-19
-0.502678	2.43892e-19
-0.500025	2.42349e-19
-0.497373	2.40912e-19
-0.49472	2.39566e-19
-0.492067	2.38032e-19
-0.489415	2.36501e-19
-0.486762	2.35278e-19
-0.484109	2.34383e-19
-0.481457	2.33517e-19
-0.478804	2.32566e-19
-0.476151	2.31632e-19
-0.473499	2.30964e-19
-0.470846	2.306e-19
-0.468193	2.3023e-19
-0.465541	2.29801e-19
-0.462888	2.29214e-19
-0.460236	2.28387e-19
-0.457583	2.27605e-19
-0.45493	2.26889e-19
-0.452278	2.26093e-19
-0.449625	2.25268e-19
-0.446972	2.24658e-19
-0.44432	2.24343e-19
-0.441667	2.24038e-19
-0.439014	2.23648e-19
-0.436362	2.23224e-19
-0.433709	2.22811e-19
-0.431056	2.2251e-19
-0.428404	2.22201e-19
-0.425751	2.2175e-19
-0.423098	2.21279e-19
-0.420446	2.21009e-19
-0.417793	2.20992e-19
-0.41514	2.21012e-19
-0.412488	2.20972e-19
-0.409835	2.20766e-19
-0.407182	2.20328e-19
-0.40453	2.19866e-19
-0.401877	2.19344e-19
-0.399224	2.18688e-19
-0.396572	2.17808e-19
-0.393919	2.16669e-19
-0.391266	2.15544e-19
-0.388614	2.14452e-19
-0.385961	2.13356e-19
-0.383309	2.1213e-19
-0.380656	2.10672e-19
-0.378003	2.09204e-19
-0.375351	2.07664e-19
-0.372698	2.0595e-19
-0.370045	2.04113e-19
-0.367393	2.02202e-19
-0.36474	2.00358e-19
-0.362087	1.98514e-19
-0.359435	1.96591e-19
-0.356782	1.94526e-19
-0.354129	1.92288e-19
-0.351477	1.90059e-19
-0.348824	1.87869e-19
-0.346171	1.85688e-19
-0.343519	1.83556e-19
-0.340866	1.81516e-19
-0.338213	1.79597e-19
-0.335561	1.77676e-19
-0.332908	1.75677e-19
-0.330255	1.73678e-19
-0.327603	1.71764e-19
-0.32495	1.69924e-19
-0.322297	1.68051e-19
-0.319645	1.66113e-19
-0.316992	1.64137e-19
-0.31434	1.62196e-19
-0.311687	1.6035e-19
-0.309034	1.58489e-19
-0.306382	1.5657e-19
-0.303729	1.54482e-19
-0.301076	1.52131e-19
-0.298424	1.49735e-19
-0.295771	1.47292e-19
-0.293118	1.44692e-19
-0.290466	1.41938e-19
-0.287813	1.39058e-19
-0.28516	1.36216e-19
-0.282508	1.33358e-19
-0.279855	1.30392e-19
-0.277202	1.27069e-19
-0.27455	1.23187e-19
-0.271897	1.191e-19
-0.269244	1.14945e-19
-0.266592	1.10663e-19
-0.263939	1.06272e-19
-0.261286	1.01838e-19
-0.258634	9.74386e-20
-0.255981	9.29156e-20
-0.253328	8.82222e-20
-0.250676	8.33691e-20
-0.248023	7.8337e-20
-0.245371	7.32427e-20
-0.242718	6.81152e-20
-0.240065	6.29605e-20
-0.237413	5.78017e-20
-0.23476	5.26432e-20
-0.232107	4.75536e-20
-0.229455	4.25585e-20
-0.226802	3.76151e-20
-0.224149	3.27213e-20
-0.221497	2.79048e-20
-0.218844	2.31304e-20
-0.216191	1.84077e-20
-0.213539	1.37805e-20
-0.210886	9.25754e-21
-0.208233	4.85577e-21
-0.205581	5.55531e-22
-0.202928	-3.67449e-21
-0.200275	-7.88555e-21
-0.197623	-1.19573e-20
-0.19497	-1.57543e-20
-0.192317	-1.94036e-20
-0.189665	-2.2946e-20
-0.187012	-2.63707e-20
-0.184359	-2.96936e-20
-0.181707	-3.29004e-20
-0.179054	-3.60402e-20
-0.176402	-3.90941e-20
-0.173749	-4.20467e-20
-0.171096	-4.48916e-20
-0.168444	-4.75866e-20
-0.165791	-5.01891e-20
-0.163138	-5.27632e-20
-0.160486	-5.5317e-20
-0.157833	-5.78608e-20
-0.15518	-6.04238e-20
-0.152528	-6.29981e-20
-0.149875	-6.55384e-20
-0.147222	-6.8041e-20
-0.14457	-7.05046e-20
-0.141917	-7.29055e-20
-0.139264	-7.52504e-20
-0.136612	-7.75616e-20
-0.133959	-7.98595e-20
-0.131306	-8.21652e-20
-0.128654	-8.44862e-20
-0.126001	-8.68171e-20
-0.123348	-8.91212e-20
-0.120696	-9.13788e-20
-0.118043	-9.35732e-20
-0.11539	-9.56739e-20
-0.112738	-9.77134e-20
-0.110085	-9.97184e-20
-0.107432	-1.01706e-19
-0.10478	-1.03642e-19
-0.102127	-1.0548e-19
-0.0994745	-1.0729e-19
-0.0968219	-1.09108e-19
-0.0941692	-1.10915e-19
-0.0915166	-1.12687e-19
-0.0888639	-1.14406e-19
-0.0862113	-1.161e-19
-0.0835586	-1.17782e-19
-0.080906	-1.19459e-19
-0.0782533	-1.21104e-19
-0.0756006	-1.22681e-19
-0.072948	-1.24226e-19
-0.0702953	-1.25761e-19
-0.0676427	-1.27294e-19
-0.06499	-1.28831e-19
-0.0623374	-1.30358e-19
-0.0596847	-1.31882e-19
-0.0570321	-1.33414e-19
-0.0543794	-1.34958e-19
-0.0517268	-1.36529e-19
-0.0490741	-1.38127e-19
-0.0464214	-1.39738e-19
-0.0437688	-1.41366e-19
-0.0411161	-1.43024e-19
-0.0384635	-1.44704e-19
-0.0358108	-1.46391e-19
-0.0331582	-1.48085e-19
-0.0305055	-1.4979e-19
-0.0278529	-1.51507e-19
-0.0252002	-1.53245e-19
-0.0225476	-1.55014e-19
-0.0198949	-1.56801e-19
-0.0172423	-1.58601e-19
-0.0145896	-1.60414e-19
-0.0119369	-1.62241e-19
-0.00928429	-1.64081e-19
-0.00663164	-1.65936e-19
-0.00397898	-1.67807e-19
-0.00132633	-1.69692e-19
0	-1.70643e-19
)
