(title "VV Reynolds Stress vs. Y-Coordinate")
(labels "Y-Coordinate" "VV Reynolds Stress")

((xy/key/label "line")
-1	0.00151008
-0.999499	0.00131793
-0.998922	0.00106568
-0.998259	0.00108367
-0.997497	0.0012095
-0.99662	0.00133585
-0.995612	0.00143973
-0.994452	0.00152637
-0.993119	0.0016011
-0.991585	0.00166444
-0.989821	0.00171718
-0.987793	0.00176068
-0.985461	0.00179627
-0.982808	0.00182492
-0.980156	0.00184539
-0.977503	0.00186043
-0.97485	0.00187181
-0.972198	0.00188068
-0.969545	0.00188785
-0.966892	0.00189385
-0.96424	0.00189906
-0.961587	0.00190365
-0.958934	0.00190764
-0.956282	0.00191108
-0.953629	0.00191399
-0.950977	0.00191644
-0.948324	0.00191845
-0.945671	0.00192005
-0.943019	0.0019213
-0.940366	0.0019222
-0.937713	0.0019228
-0.935061	0.00192312
-0.932408	0.00192318
-0.929755	0.00192299
-0.927103	0.00192259
-0.92445	0.00192198
-0.921797	0.00192117
-0.919145	0.00192019
-0.916492	0.00191905
-0.913839	0.00191775
-0.911187	0.00191631
-0.908534	0.00191473
-0.905881	0.00191303
-0.903229	0.0019112
-0.900576	0.00190926
-0.897923	0.00190722
-0.895271	0.00190508
-0.892618	0.00190284
-0.889966	0.00190051
-0.887313	0.0018981
-0.88466	0.00189561
-0.882008	0.00189304
-0.879355	0.0018904
-0.876702	0.00188768
-0.87405	0.0018849
-0.871397	0.00188206
-0.868744	0.00187915
-0.866092	0.00187619
-0.863439	0.00187317
-0.860786	0.00187009
-0.858134	0.00186696
-0.855481	0.00186379
-0.852828	0.00186057
-0.850176	0.0018573
-0.847523	0.00185398
-0.84487	0.00185062
-0.842218	0.00184722
-0.839565	0.00184379
-0.836912	0.00184031
-0.83426	0.00183679
-0.831607	0.00183324
-0.828954	0.00182966
-0.826302	0.00182604
-0.823649	0.00182239
-0.820997	0.0018187
-0.818344	0.00181499
-0.815691	0.00181124
-0.813039	0.00180747
-0.810386	0.00180367
-0.807733	0.00179984
-0.805081	0.00179598
-0.802428	0.0017921
-0.799775	0.00178819
-0.797123	0.00178426
-0.79447	0.0017803
-0.791817	0.00177632
-0.789165	0.00177232
-0.786512	0.00176829
-0.783859	0.00176424
-0.781207	0.00176017
-0.778554	0.00175608
-0.775901	0.00175197
-0.773249	0.00174784
-0.770596	0.00174369
-0.767943	0.00173953
-0.765291	0.00173534
-0.762638	0.00173114
-0.759985	0.00172692
-0.757333	0.00172268
-0.75468	0.00171843
-0.752028	0.00171416
-0.749375	0.00170987
-0.746722	0.00170557
-0.74407	0.00170125
-0.741417	0.00169692
-0.738764	0.00169257
-0.736112	0.00168821
-0.733459	0.00168384
-0.730806	0.00167945
-0.728154	0.00167505
-0.725501	0.00167063
-0.722848	0.0016662
-0.720196	0.00166176
-0.717543	0.00165731
-0.71489	0.00165285
-0.712238	0.00164837
-0.709585	0.00164389
-0.706932	0.00163939
-0.70428	0.00163489
-0.701627	0.00163037
-0.698974	0.00162584
-0.696322	0.0016213
-0.693669	0.00161676
-0.691016	0.0016122
-0.688364	0.00160763
-0.685711	0.00160306
-0.683059	0.00159848
-0.680406	0.00159389
-0.677753	0.00158929
-0.675101	0.00158468
-0.672448	0.00158007
-0.669795	0.00157545
-0.667143	0.00157082
-0.66449	0.00156618
-0.661837	0.00156154
-0.659185	0.00155689
-0.656532	0.00155224
-0.653879	0.00154757
-0.651227	0.00154291
-0.648574	0.00153823
-0.645921	0.00153356
-0.643269	0.00152887
-0.640616	0.00152418
-0.637963	0.00151949
-0.635311	0.00151479
-0.632658	0.00151009
-0.630005	0.00150539
-0.627353	0.00150068
-0.6247	0.00149596
-0.622047	0.00149124
-0.619395	0.00148652
-0.616742	0.0014818
-0.614089	0.00147707
-0.611437	0.00147234
-0.608784	0.00146761
-0.606131	0.00146287
-0.603479	0.00145814
-0.600826	0.0014534
-0.598174	0.00144866
-0.595521	0.00144391
-0.592868	0.00143917
-0.590216	0.00143442
-0.587563	0.00142968
-0.58491	0.00142493
-0.582258	0.00142018
-0.579605	0.00141544
-0.576952	0.00141069
-0.5743	0.00140594
-0.571647	0.00140119
-0.568994	0.00139645
-0.566342	0.0013917
-0.563689	0.00138696
-0.561036	0.00138221
-0.558384	0.00137747
-0.555731	0.00137273
-0.553078	0.00136799
-0.550426	0.00136326
-0.547773	0.00135852
-0.54512	0.00135379
-0.542468	0.00134906
-0.539815	0.00134434
-0.537162	0.00133962
-0.53451	0.0013349
-0.531857	0.00133018
-0.529205	0.00132547
-0.526552	0.00132077
-0.523899	0.00131607
-0.521247	0.00131137
-0.518594	0.00130668
-0.515941	0.00130199
-0.513289	0.00129731
-0.510636	0.00129263
-0.507983	0.00128796
-0.505331	0.0012833
-0.502678	0.00127864
-0.500025	0.00127399
-0.497373	0.00126934
-0.49472	0.0012647
-0.492067	0.00126007
-0.489415	0.00125545
-0.486762	0.00125083
-0.484109	0.00124622
-0.481457	0.00124162
-0.478804	0.00123702
-0.476151	0.00123244
-0.473499	0.00122786
-0.470846	0.00122329
-0.468193	0.00121873
-0.465541	0.00121418
-0.462888	0.00120964
-0.460236	0.00120511
-0.457583	0.00120059
-0.45493	0.00119609
-0.452278	0.00119159
-0.449625	0.0011871
-0.446972	0.00118262
-0.44432	0.00117816
-0.441667	0.00117371
-0.439014	0.00116927
-0.436362	0.00116484
-0.433709	0.00116042
-0.431056	0.00115602
-0.428404	0.00115163
-0.425751	0.00114725
-0.423098	0.00114289
-0.420446	0.00113854
-0.417793	0.0011342
-0.41514	0.00112988
-0.412488	0.00112557
-0.409835	0.00112127
-0.407182	0.00111699
-0.40453	0.00111273
-0.401877	0.00110848
-0.399224	0.00110425
-0.396572	0.00110003
-0.393919	0.00109583
-0.391266	0.00109164
-0.388614	0.00108747
-0.385961	0.00108332
-0.383309	0.00107919
-0.380656	0.00107507
-0.378003	0.00107097
-0.375351	0.00106689
-0.372698	0.00106283
-0.370045	0.00105879
-0.367393	0.00105476
-0.36474	0.00105076
-0.362087	0.00104677
-0.359435	0.0010428
-0.356782	0.00103886
-0.354129	0.00103493
-0.351477	0.00103102
-0.348824	0.00102714
-0.346171	0.00102327
-0.343519	0.00101942
-0.340866	0.0010156
-0.338213	0.0010118
-0.335561	0.00100801
-0.332908	0.00100425
-0.330255	0.00100052
-0.327603	0.000996802
-0.32495	0.000993109
-0.322297	0.000989439
-0.319645	0.000985792
-0.316992	0.000982168
-0.31434	0.000978568
-0.311687	0.000974991
-0.309034	0.000971438
-0.306382	0.00096791
-0.303729	0.000964406
-0.301076	0.000960927
-0.298424	0.000957472
-0.295771	0.000954043
-0.293118	0.000950639
-0.290466	0.00094726
-0.287813	0.000943908
-0.28516	0.000940581
-0.282508	0.000937281
-0.279855	0.000934006
-0.277202	0.000930758
-0.27455	0.000927537
-0.271897	0.000924342
-0.269244	0.000921174
-0.266592	0.000918033
-0.263939	0.000914919
-0.261286	0.000911833
-0.258634	0.000908774
-0.255981	0.000905744
-0.253328	0.000902741
-0.250676	0.000899766
-0.248023	0.00089682
-0.245371	0.000893902
-0.242718	0.000891013
-0.240065	0.000888152
-0.237413	0.000885321
-0.23476	0.000882518
-0.232107	0.000879744
-0.229455	0.000877
-0.226802	0.000874286
-0.224149	0.0008716
-0.221497	0.000868945
-0.218844	0.00086632
-0.216191	0.000863724
-0.213539	0.000861158
-0.210886	0.000858623
-0.208233	0.000856117
-0.205581	0.000853642
-0.202928	0.000851198
-0.200275	0.000848784
-0.197623	0.000846401
-0.19497	0.000844049
-0.192317	0.000841727
-0.189665	0.000839436
-0.187012	0.000837177
-0.184359	0.000834948
-0.181707	0.00083275
-0.179054	0.000830584
-0.176402	0.000828449
-0.173749	0.000826346
-0.171096	0.000824274
-0.168444	0.000822233
-0.165791	0.000820224
-0.163138	0.000818247
-0.160486	0.000816302
-0.157833	0.000814388
-0.15518	0.000812506
-0.152528	0.000810656
-0.149875	0.000808838
-0.147222	0.000807052
-0.14457	0.000805298
-0.141917	0.000803576
-0.139264	0.000801886
-0.136612	0.000800229
-0.133959	0.000798604
-0.131306	0.00079701
-0.128654	0.000795449
-0.126001	0.00079392
-0.123348	0.000792423
-0.120696	0.000790959
-0.118043	0.000789528
-0.11539	0.000788128
-0.112738	0.000786761
-0.110085	0.000785425
-0.107432	0.000784123
-0.10478	0.000782852
-0.102127	0.000781614
-0.0994745	0.000780409
-0.0968219	0.000779236
-0.0941692	0.000778095
-0.0915166	0.000776987
-0.0888639	0.000775911
-0.0862113	0.000774867
-0.0835586	0.000773856
-0.080906	0.000772876
-0.0782533	0.000771929
-0.0756006	0.000771015
-0.072948	0.000770132
-0.0702953	0.000769281
-0.0676427	0.000768463
-0.06499	0.000767677
-0.0623374	0.000766923
-0.0596847	0.0007662
-0.0570321	0.00076551
-0.0543794	0.000764852
-0.0517268	0.000764227
-0.0490741	0.000763633
-0.0464214	0.000763071
-0.0437688	0.000762542
-0.0411161	0.000762044
-0.0384635	0.000761578
-0.0358108	0.000761144
-0.0331582	0.000760742
-0.0305055	0.000760372
-0.0278529	0.000760033
-0.0252002	0.000759726
-0.0225476	0.000759451
-0.0198949	0.000759207
-0.0172423	0.000758995
-0.0145896	0.000758815
-0.0119369	0.000758667
-0.00928429	0.00075855
-0.00663164	0.000758464
-0.00397898	0.00075841
-0.00132633	0.000758388
0	0.000758387
)
