(title "WW Reynolds Stress vs. Y-Coordinate")
(labels "Y-Coordinate" "WW Reynolds Stress")

((xy/key/label "line")
-1	0.00400446
-0.999499	0.00317835
-0.998922	0.00209955
-0.998259	0.0021316
-0.997497	0.00258787
-0.99662	0.00309313
-0.995612	0.0035184
-0.994452	0.00385309
-0.993119	0.00411363
-0.991585	0.00431773
-0.989821	0.00447853
-0.987793	0.0046053
-0.985461	0.00470453
-0.982808	0.00478015
-0.980156	0.00483025
-0.977503	0.00486324
-0.97485	0.00488433
-0.972198	0.00489688
-0.969545	0.00490309
-0.966892	0.00490446
-0.96424	0.00490204
-0.961587	0.00489666
-0.958934	0.00488896
-0.956282	0.00487942
-0.953629	0.00486841
-0.950977	0.00485621
-0.948324	0.00484304
-0.945671	0.00482909
-0.943019	0.00481448
-0.940366	0.00479935
-0.937713	0.00478377
-0.935061	0.00476783
-0.932408	0.0047516
-0.929755	0.00473512
-0.927103	0.00471845
-0.92445	0.00470161
-0.921797	0.00468465
-0.919145	0.00466758
-0.916492	0.00465044
-0.913839	0.00463323
-0.911187	0.00461599
-0.908534	0.00459871
-0.905881	0.00458142
-0.903229	0.00456412
-0.900576	0.00454683
-0.897923	0.00452954
-0.895271	0.00451228
-0.892618	0.00449504
-0.889966	0.00447782
-0.887313	0.00446064
-0.88466	0.0044435
-0.882008	0.0044264
-0.879355	0.00440934
-0.876702	0.00439232
-0.87405	0.00437535
-0.871397	0.00435843
-0.868744	0.00434156
-0.866092	0.00432474
-0.863439	0.00430797
-0.860786	0.00429125
-0.858134	0.00427459
-0.855481	0.00425798
-0.852828	0.00424143
-0.850176	0.00422493
-0.847523	0.00420849
-0.84487	0.00419211
-0.842218	0.00417578
-0.839565	0.0041595
-0.836912	0.00414328
-0.83426	0.00412712
-0.831607	0.00411101
-0.828954	0.00409496
-0.826302	0.00407897
-0.823649	0.00406303
-0.820997	0.00404714
-0.818344	0.00403131
-0.815691	0.00401554
-0.813039	0.00399981
-0.810386	0.00398414
-0.807733	0.00396853
-0.805081	0.00395297
-0.802428	0.00393746
-0.799775	0.003922
-0.797123	0.0039066
-0.79447	0.00389125
-0.791817	0.00387594
-0.789165	0.00386069
-0.786512	0.00384549
-0.783859	0.00383034
-0.781207	0.00381524
-0.778554	0.00380019
-0.775901	0.00378519
-0.773249	0.00377023
-0.770596	0.00375533
-0.767943	0.00374047
-0.765291	0.00372567
-0.762638	0.00371091
-0.759985	0.0036962
-0.757333	0.00368154
-0.75468	0.00366692
-0.752028	0.00365235
-0.749375	0.00363783
-0.746722	0.00362335
-0.74407	0.00360892
-0.741417	0.00359454
-0.738764	0.0035802
-0.736112	0.0035659
-0.733459	0.00355165
-0.730806	0.00353745
-0.728154	0.00352328
-0.725501	0.00350917
-0.722848	0.00349509
-0.720196	0.00348106
-0.717543	0.00346707
-0.71489	0.00345313
-0.712238	0.00343923
-0.709585	0.00342537
-0.706932	0.00341155
-0.70428	0.00339778
-0.701627	0.00338405
-0.698974	0.00337036
-0.696322	0.00335672
-0.693669	0.00334311
-0.691016	0.00332955
-0.688364	0.00331602
-0.685711	0.00330254
-0.683059	0.0032891
-0.680406	0.00327571
-0.677753	0.00326235
-0.675101	0.00324903
-0.672448	0.00323576
-0.669795	0.00322252
-0.667143	0.00320932
-0.66449	0.00319617
-0.661837	0.00318305
-0.659185	0.00316998
-0.656532	0.00315694
-0.653879	0.00314394
-0.651227	0.00313099
-0.648574	0.00311807
-0.645921	0.0031052
-0.643269	0.00309236
-0.640616	0.00307957
-0.637963	0.00306681
-0.635311	0.00305409
-0.632658	0.00304141
-0.630005	0.00302877
-0.627353	0.00301617
-0.6247	0.00300361
-0.622047	0.00299109
-0.619395	0.00297861
-0.616742	0.00296616
-0.614089	0.00295375
-0.611437	0.00294138
-0.608784	0.00292906
-0.606131	0.00291677
-0.603479	0.00290452
-0.600826	0.0028923
-0.598174	0.00288013
-0.595521	0.002868
-0.592868	0.0028559
-0.590216	0.00284384
-0.587563	0.00283183
-0.58491	0.00281985
-0.582258	0.00280791
-0.579605	0.002796
-0.576952	0.00278414
-0.5743	0.00277232
-0.571647	0.00276054
-0.568994	0.00274879
-0.566342	0.00273709
-0.563689	0.00272542
-0.561036	0.00271379
-0.558384	0.0027022
-0.555731	0.00269066
-0.553078	0.00267915
-0.550426	0.00266768
-0.547773	0.00265625
-0.54512	0.00264487
-0.542468	0.00263352
-0.539815	0.00262221
-0.537162	0.00261095
-0.53451	0.00259972
-0.531857	0.00258854
-0.529205	0.00257739
-0.526552	0.00256629
-0.523899	0.00255523
-0.521247	0.00254421
-0.518594	0.00253323
-0.515941	0.00252229
-0.513289	0.00251139
-0.510636	0.00250054
-0.507983	0.00248973
-0.505331	0.00247895
-0.502678	0.00246822
-0.500025	0.00245753
-0.497373	0.00244689
-0.49472	0.00243628
-0.492067	0.00242572
-0.489415	0.0024152
-0.486762	0.00240472
-0.484109	0.00239429
-0.481457	0.00238389
-0.478804	0.00237354
-0.476151	0.00236324
-0.473499	0.00235298
-0.470846	0.00234276
-0.468193	0.00233258
-0.465541	0.00232245
-0.462888	0.00231236
-0.460236	0.00230232
-0.457583	0.00229232
-0.45493	0.00228237
-0.452278	0.00227246
-0.449625	0.00226259
-0.446972	0.00225277
-0.44432	0.002243
-0.441667	0.00223327
-0.439014	0.00222359
-0.436362	0.00221395
-0.433709	0.00220436
-0.431056	0.00219482
-0.428404	0.00218532
-0.425751	0.00217587
-0.423098	0.00216647
-0.420446	0.00215712
-0.417793	0.00214781
-0.41514	0.00213855
-0.412488	0.00212933
-0.409835	0.00212016
-0.407182	0.00211104
-0.40453	0.00210197
-0.401877	0.00209295
-0.399224	0.00208398
-0.396572	0.00207505
-0.393919	0.00206618
-0.391266	0.00205736
-0.388614	0.00204858
-0.385961	0.00203986
-0.383309	0.00203118
-0.380656	0.00202256
-0.378003	0.00201399
-0.375351	0.00200546
-0.372698	0.00199699
-0.370045	0.00198858
-0.367393	0.00198021
-0.36474	0.00197189
-0.362087	0.00196363
-0.359435	0.00195542
-0.356782	0.00194726
-0.354129	0.00193916
-0.351477	0.00193111
-0.348824	0.00192311
-0.346171	0.00191516
-0.343519	0.00190727
-0.340866	0.00189944
-0.338213	0.00189165
-0.335561	0.00188392
-0.332908	0.00187625
-0.330255	0.00186863
-0.327603	0.00186106
-0.32495	0.00185355
-0.322297	0.0018461
-0.319645	0.0018387
-0.316992	0.00183136
-0.31434	0.00182407
-0.311687	0.00181684
-0.309034	0.00180966
-0.306382	0.00180254
-0.303729	0.00179548
-0.301076	0.00178848
-0.298424	0.00178153
-0.295771	0.00177464
-0.293118	0.00176781
-0.290466	0.00176104
-0.287813	0.00175433
-0.28516	0.00174767
-0.282508	0.00174107
-0.279855	0.00173453
-0.277202	0.00172805
-0.27455	0.00172163
-0.271897	0.00171527
-0.269244	0.00170896
-0.266592	0.00170272
-0.263939	0.00169653
-0.261286	0.00169041
-0.258634	0.00168434
-0.255981	0.00167833
-0.253328	0.00167239
-0.250676	0.0016665
-0.248023	0.00166067
-0.245371	0.00165491
-0.242718	0.0016492
-0.240065	0.00164356
-0.237413	0.00163797
-0.23476	0.00163245
-0.232107	0.00162699
-0.229455	0.00162158
-0.226802	0.00161624
-0.224149	0.00161096
-0.221497	0.00160575
-0.218844	0.00160059
-0.216191	0.00159549
-0.213539	0.00159046
-0.210886	0.00158549
-0.208233	0.00158057
-0.205581	0.00157573
-0.202928	0.00157094
-0.200275	0.00156621
-0.197623	0.00156155
-0.19497	0.00155694
-0.192317	0.0015524
-0.189665	0.00154793
-0.187012	0.00154351
-0.184359	0.00153915
-0.181707	0.00153486
-0.179054	0.00153063
-0.176402	0.00152647
-0.173749	0.00152236
-0.171096	0.00151832
-0.168444	0.00151434
-0.165791	0.00151042
-0.163138	0.00150656
-0.160486	0.00150277
-0.157833	0.00149904
-0.15518	0.00149537
-0.152528	0.00149176
-0.149875	0.00148822
-0.147222	0.00148474
-0.14457	0.00148132
-0.141917	0.00147796
-0.139264	0.00147467
-0.136612	0.00147144
-0.133959	0.00146827
-0.131306	0.00146516
-0.128654	0.00146212
-0.126001	0.00145913
-0.123348	0.00145621
-0.120696	0.00145336
-0.118043	0.00145056
-0.11539	0.00144783
-0.112738	0.00144516
-0.110085	0.00144255
-0.107432	0.00144001
-0.10478	0.00143753
-0.102127	0.00143511
-0.0994745	0.00143275
-0.0968219	0.00143045
-0.0941692	0.00142822
-0.0915166	0.00142605
-0.0888639	0.00142394
-0.0862113	0.00142189
-0.0835586	0.00141991
-0.080906	0.00141799
-0.0782533	0.00141613
-0.0756006	0.00141433
-0.072948	0.00141259
-0.0702953	0.00141092
-0.0676427	0.0014093
-0.06499	0.00140775
-0.0623374	0.00140626
-0.0596847	0.00140483
-0.0570321	0.00140347
-0.0543794	0.00140216
-0.0517268	0.00140092
-0.0490741	0.00139974
-0.0464214	0.00139862
-0.0437688	0.00139757
-0.0411161	0.00139657
-0.0384635	0.00139564
-0.0358108	0.00139477
-0.0331582	0.00139396
-0.0305055	0.00139321
-0.0278529	0.00139252
-0.0252002	0.0013919
-0.0225476	0.00139133
-0.0198949	0.00139083
-0.0172423	0.00139039
-0.0145896	0.00139001
-0.0119369	0.0013897
-0.00928429	0.00138944
-0.00663164	0.00138925
-0.00397898	0.00138912
-0.00132633	0.00138905
0	0.00138905
)
