(title "Static Pressure vs. Y-Coordinate")
(labels "Y-Coordinate" "Static Pressure")

((xy/key/label "line")
-1	-0.00149218
-0.994508	-0.00122261
-0.988193	-0.000737815
-0.98093	-0.000581262
-0.972577	-0.000746999
-0.962972	-0.000986504
-0.952331	-0.00118639
-0.941691	-0.00132421
-0.93105	-0.00142298
-0.92041	-0.00149504
-0.909769	-0.00154819
-0.899128	-0.00158742
-0.888488	-0.00161603
-0.877847	-0.00163626
-0.867207	-0.00164977
-0.856566	-0.00165774
-0.845926	-0.001661
-0.835285	-0.00166024
-0.824644	-0.00165604
-0.814004	-0.0016489
-0.803363	-0.00163917
-0.792723	-0.00162711
-0.782082	-0.00161299
-0.771442	-0.00159705
-0.760801	-0.00157945
-0.75016	-0.00156037
-0.73952	-0.00153995
-0.728879	-0.00151831
-0.718239	-0.00149557
-0.707598	-0.00147182
-0.696958	-0.00144716
-0.686317	-0.00142166
-0.675676	-0.0013954
-0.665036	-0.00136846
-0.654395	-0.00134088
-0.643755	-0.00131273
-0.633114	-0.00128407
-0.622474	-0.00125495
-0.611833	-0.00122542
-0.601192	-0.00119551
-0.590552	-0.00116528
-0.579911	-0.00113478
-0.569271	-0.00110403
-0.55863	-0.00107309
-0.54799	-0.00104198
-0.537349	-0.00101076
-0.526708	-0.000979449
-0.516068	-0.000948092
-0.505427	-0.000916725
-0.494787	-0.000885382
-0.484146	-0.000854101
-0.473506	-0.000822915
-0.462865	-0.000791861
-0.452224	-0.000760973
-0.441584	-0.000730287
-0.430943	-0.000699837
-0.420303	-0.000669657
-0.409662	-0.000639782
-0.399022	-0.000610246
-0.388381	-0.000581085
-0.37774	-0.000552329
-0.3671	-0.000524014
-0.356459	-0.000496172
-0.345819	-0.000468835
-0.335178	-0.000442036
-0.324537	-0.000415805
-0.313897	-0.000390174
-0.303256	-0.000365171
-0.292616	-0.000340825
-0.281975	-0.000317165
-0.271335	-0.000294216
-0.260694	-0.000272004
-0.250053	-0.000250552
-0.239413	-0.000229883
-0.228772	-0.00021002
-0.218132	-0.00019098
-0.207491	-0.000172782
-0.196851	-0.000155443
-0.18621	-0.000138978
-0.175569	-0.000123399
-0.164929	-0.000108719
-0.154288	-9.49474e-05
-0.143648	-8.20933e-05
-0.133007	-7.01637e-05
-0.122367	-5.91647e-05
-0.111726	-4.91011e-05
-0.101085	-3.99762e-05
-0.0904449	-3.1793e-05
-0.0798043	-2.4553e-05
-0.0691637	-1.82571e-05
-0.0585232	-1.29052e-05
-0.0478826	-8.49694e-06
-0.037242	-5.03139e-06
-0.0266014	-2.50514e-06
-0.0159609	-9.07424e-07
-0.00532029	-1.69325e-07
0	-1.69491e-07
)
