nodenumber,    x-coordinate,    y-coordinate,    z-coordinate,  total-pressure,      x-velocity,uu-reynolds-stress,vv-reynolds-stress,ww-reynolds-stress,uv-reynolds-stress,          y-plus,  dx-velocity-dy
         1, 0.000000000E+00,-1.000000000E+00, 0.000000000E+00,-9.747936274E-04, 0.000000000E+00, 1.263108570E-02, 2.841418842E-03, 7.534936536E-03,-2.933448879E-03, 5.007460117E-01, 9.170202255E+00
         2, 0.000000000E+00,-9.945081472E-01, 0.000000000E+00, 1.034567249E-04, 4.833805934E-02, 9.584957734E-03, 2.448997926E-03, 5.895530339E-03,-2.136607189E-03, 0.000000000E+00, 7.916892529E+00
         3, 0.000000000E+00,-9.881925583E-01, 0.000000000E+00, 3.928698134E-03, 9.266034514E-02, 5.528510548E-03, 1.902504126E-03, 3.641604912E-03,-1.161717926E-03, 0.000000000E+00, 7.313109875E+00
         4, 0.000000000E+00,-9.809296131E-01, 0.000000000E+00, 1.103784144E-02, 1.495453417E-01, 5.373133346E-03, 1.878594281E-03, 3.430110170E-03,-1.270729350E-03, 0.000000000E+00, 7.709326744E+00
         5, 1.734723476E-18,-9.725771546E-01, 0.000000000E+00, 2.115347236E-02, 2.074001133E-01, 6.680443417E-03, 2.100803889E-03, 4.051125608E-03,-1.692365622E-03, 0.000000000E+00, 6.388530254E+00
         6, 5.421010862E-19,-9.629719257E-01, 0.000000000E+00, 3.352197260E-02, 2.614910603E-01, 8.215071633E-03, 2.349451650E-03, 4.827934317E-03,-2.123880200E-03, 0.000000000E+00, 5.072349548E+00
         7, 1.301042607E-18,-9.523313642E-01, 0.000000000E+00, 4.699233919E-02, 3.096653223E-01, 9.450047277E-03, 2.547031501E-03, 5.468250718E-03,-2.450346947E-03, 0.000000000E+00, 4.061600685E+00
         8, 0.000000000E+00,-9.416908026E-01, 0.000000000E+00, 5.979897082E-02, 3.491763771E-01, 1.027367637E-02, 2.682636958E-03, 5.902247503E-03,-2.659155056E-03, 0.000000000E+00, 3.372921944E+00
         9, 0.000000000E+00,-9.310501814E-01, 0.000000000E+00, 7.182893157E-02, 3.824512959E-01, 1.081924140E-02, 2.778788330E-03, 6.193530280E-03,-2.793603577E-03, 0.000000000E+00, 2.879271507E+00
        10, 1.301042607E-18,-9.204096198E-01, 0.000000000E+00, 8.310863376E-02, 4.111313224E-01, 1.117995288E-02, 2.848970238E-03, 6.388398819E-03,-2.880897839E-03, 0.000000000E+00, 2.509629250E+00
        11, 4.336808690E-19,-9.097690582E-01, 0.000000000E+00, 9.371112287E-02, 4.363238811E-01, 1.141426619E-02, 2.900882158E-03, 6.516401656E-03,-2.937105019E-03, 0.000000000E+00, 2.224395752E+00
        12, 0.000000000E+00,-8.991284966E-01, 0.000000000E+00, 1.037153751E-01, 4.587945938E-01, 1.155947614E-02, 2.939297352E-03, 6.596670486E-03,-2.972012851E-03, 0.000000000E+00, 1.998477697E+00
        13, 0.000000000E+00,-8.884878755E-01,-3.469446952E-18, 1.131933406E-01, 4.790881276E-01, 1.164010540E-02, 2.967351349E-03, 6.641956512E-03,-2.991803922E-03, 0.000000000E+00, 1.815419912E+00
        14, 0.000000000E+00,-8.778473139E-01, 0.000000000E+00, 1.222068146E-01, 4.976019859E-01, 1.167277992E-02, 2.987205051E-03, 6.661019288E-03,-3.000523662E-03, 0.000000000E+00, 1.664146423E+00
        15, 0.000000000E+00,-8.672067523E-01, 0.000000000E+00, 1.308078170E-01, 5.146341324E-01, 1.166910306E-02, 3.000409808E-03, 6.660043262E-03,-3.000909928E-03, 0.000000000E+00, 1.537004828E+00
        16, 0.000000000E+00,-8.565661907E-01, 0.000000000E+00, 1.390398443E-01, 5.304124951E-01, 1.163737290E-02, 3.008109052E-03, 6.643503904E-03,-2.994868206E-03, 0.000000000E+00, 1.428549767E+00
        17, 0.000000000E+00,-8.459256291E-01, 3.469446952E-18, 1.469394267E-01, 5.451150537E-01, 1.158366725E-02, 3.011180088E-03, 6.614708342E-03,-2.983764745E-03, 0.000000000E+00, 1.334854364E+00
        18, 0.000000000E+00,-8.352850080E-01, 0.000000000E+00, 1.545374393E-01, 5.588836670E-01, 1.151252445E-02, 3.010313259E-03, 6.576154381E-03,-2.968605375E-03, 0.000000000E+00, 1.253022194E+00
        19, 0.000000000E+00,-8.246444464E-01, 0.000000000E+00, 1.618600488E-01, 5.718327761E-01, 1.142739691E-02, 3.006045241E-03, 6.529754959E-03,-2.950139344E-03, 0.000000000E+00, 1.180847526E+00
        20, 0.000000000E+00,-8.140038848E-01, 0.000000000E+00, 1.689296216E-01, 5.840562582E-01, 1.133095287E-02, 2.998813987E-03, 6.477000192E-03,-2.928941278E-03, 0.000000000E+00, 1.116645455E+00
        21, 0.000000000E+00,-8.033633232E-01, 0.000000000E+00, 1.757654846E-01, 5.956320763E-01, 1.122528501E-02, 2.988984343E-03, 6.419070065E-03,-2.905459609E-03, 0.000000000E+00, 1.059106112E+00
        22, 0.000000000E+00,-7.927227616E-01, 0.000000000E+00, 1.823844463E-01, 6.066254377E-01, 1.111205295E-02, 2.976856893E-03, 6.356903818E-03,-2.880048240E-03, 0.000000000E+00, 1.007191539E+00
        23, 0.000000000E+00,-7.820821404E-01, 0.000000000E+00, 1.888012886E-01, 6.170919538E-01, 1.099259593E-02, 2.962686820E-03, 6.291262805E-03,-2.852991689E-03, 0.000000000E+00, 9.600743055E-01
        24, 0.000000000E+00,-7.714415789E-01, 0.000000000E+00, 1.950289458E-01, 6.270790696E-01, 1.086799800E-02, 2.946690656E-03, 6.222768687E-03,-2.824520227E-03, 0.000000000E+00, 9.170912504E-01
        25,-8.673617380E-19,-7.608010173E-01, 0.000000000E+00, 2.010789365E-01, 6.366277933E-01, 1.073914580E-02, 2.929054201E-03, 6.151933223E-03,-2.794822678E-03, 0.000000000E+00, 8.776763678E-01
        26, 0.000000000E+00,-7.501604557E-01, 0.000000000E+00, 2.069614232E-01, 6.457735896E-01, 1.060677599E-02, 2.909938339E-03, 6.079180166E-03,-2.764055971E-03, 0.000000000E+00, 8.413555026E-01
        27, 0.000000000E+00,-7.395198941E-01, 0.000000000E+00, 2.126854211E-01, 6.545473933E-01, 1.047150325E-02, 2.889486030E-03, 6.004865281E-03,-2.732350491E-03, 0.000000000E+00, 8.077558279E-01
        28, 0.000000000E+00,-7.288792729E-01, 0.000000000E+00, 2.182590663E-01, 6.629763842E-01, 1.033383980E-02, 2.867820207E-03, 5.929286126E-03,-2.699816599E-03, 0.000000000E+00, 7.765572667E-01
        29, 0.000000000E+00,-7.182387114E-01, 0.000000000E+00, 2.236897051E-01, 6.710847616E-01, 1.019422617E-02, 2.845052630E-03, 5.852700211E-03,-2.666549291E-03, 0.000000000E+00, 7.474819422E-01
        30, 0.000000000E+00,-7.075981498E-01, 0.000000000E+00, 2.289839685E-01, 6.788939238E-01, 1.005303580E-02, 2.821282949E-03, 5.775325932E-03,-2.632628893E-03, 0.000000000E+00, 7.203140259E-01
        31, 0.000000000E+00,-6.969575882E-01, 0.000000000E+00, 2.341479063E-01, 6.864229441E-01, 9.910589084E-03, 2.796600107E-03, 5.697351415E-03,-2.598125022E-03, 0.000000000E+00, 6.948463321E-01
        32, 0.000000000E+00,-6.863170266E-01, 0.000000000E+00, 2.391869426E-01, 6.936890483E-01, 9.767164476E-03, 2.771084663E-03, 5.618939176E-03,-2.563097049E-03, 0.000000000E+00, 6.708833575E-01
        33, 0.000000000E+00,-6.756764054E-01, 0.000000000E+00, 2.441059500E-01, 7.007073760E-01, 9.623004124E-03, 2.744810190E-03, 5.540230311E-03,-2.527596429E-03, 0.000000000E+00, 6.482841969E-01
        34, 1.734723476E-18,-6.650358438E-01, 0.000000000E+00, 2.489094436E-01, 7.074918151E-01, 9.478322230E-03, 2.717846539E-03, 5.461351015E-03,-2.491669264E-03, 0.000000000E+00, 6.269131899E-01
        35, 0.000000000E+00,-6.543952823E-01, 0.000000000E+00, 2.536013722E-01, 7.140547037E-01, 9.333310649E-03, 2.690256108E-03, 5.382413510E-03,-2.455356065E-03, 0.000000000E+00, 6.066445112E-01
        36, 0.000000000E+00,-6.437547207E-01, 0.000000000E+00, 2.581854463E-01, 7.204072475E-01, 9.188137017E-03, 2.662096871E-03, 5.303516053E-03,-2.418692689E-03, 0.000000000E+00, 5.873823166E-01
        37, 0.000000000E+00,-6.331141591E-01, 0.000000000E+00, 2.626650929E-01, 7.265597582E-01, 9.042956866E-03, 2.633424243E-03, 5.224747118E-03,-2.381710801E-03, 0.000000000E+00, 5.690473318E-01
        38, 1.734723476E-18,-6.224735379E-01, 0.000000000E+00, 2.670434117E-01, 7.325217724E-01, 8.897908963E-03, 2.604289446E-03, 5.146189127E-03,-2.344438806E-03, 0.000000000E+00, 5.515531898E-01
        39, 0.000000000E+00,-6.118329763E-01, 0.000000000E+00, 2.713232636E-01, 7.383016348E-01, 8.753119037E-03, 2.574741840E-03, 5.067912862E-03,-2.306901850E-03, 0.000000000E+00, 5.348275304E-01
        40, 0.000000000E+00,-6.011924148E-01, 0.000000000E+00, 2.755073011E-01, 7.439072132E-01, 8.608706295E-03, 2.544827294E-03, 4.989986308E-03,-2.269122051E-03, 0.000000000E+00, 5.188059807E-01
        41, 0.000000000E+00,-5.905518532E-01, 0.000000000E+00, 2.795978785E-01, 7.493457794E-01, 8.464780636E-03, 2.514590509E-03, 4.912471399E-03,-2.231119666E-03, 0.000000000E+00, 5.034255385E-01
        42, 0.000000000E+00,-5.799112916E-01, 0.000000000E+00, 2.835971713E-01, 7.546238899E-01, 8.321443573E-03, 2.484074095E-03, 4.835425876E-03,-2.192912623E-03, 0.000000000E+00, 4.886376262E-01
        43, 0.000000000E+00,-5.692706704E-01, 0.000000000E+00, 2.875072360E-01, 7.597473860E-01, 8.178789169E-03, 2.453318797E-03, 4.758903757E-03,-2.154516988E-03, 0.000000000E+00, 4.743950069E-01
        44, 0.000000000E+00,-5.586301088E-01, 0.000000000E+00, 2.913298607E-01, 7.647220492E-01, 8.036911488E-03, 2.422364894E-03, 4.682954866E-03,-2.115947660E-03, 0.000000000E+00, 4.606407881E-01
        45, 1.734723476E-18,-5.479895473E-01, 0.000000000E+00, 2.950665951E-01, 7.695528269E-01, 7.895899005E-03, 2.391250804E-03, 4.607627634E-03,-2.077217679E-03, 0.000000000E+00, 4.473347068E-01
        46, 0.000000000E+00,-5.373489857E-01, 0.000000000E+00, 2.987189889E-01, 7.742441893E-01, 7.755840197E-03, 2.360016108E-03, 4.532970022E-03,-2.038340084E-03, 0.000000000E+00, 4.344619215E-01
        47, 0.000000000E+00,-5.267084241E-01, 0.000000000E+00, 3.022883832E-01, 7.788007259E-01, 7.616817951E-03, 2.328697592E-03, 4.459026735E-03,-1.999326050E-03, 0.000000000E+00, 4.219847322E-01
        48, 1.734723476E-18,-5.160678029E-01, 0.000000000E+00, 3.057761490E-01, 7.832264900E-01, 7.478915155E-03, 2.297332510E-03, 4.385840148E-03,-1.960185822E-03, 0.000000000E+00, 4.098668098E-01
        49, 0.000000000E+00,-5.054272413E-01, 0.000000000E+00, 3.091833591E-01, 7.875250578E-01, 7.342212833E-03, 2.265956020E-03, 4.313452169E-03,-1.920927898E-03, 0.000000000E+00, 3.980884254E-01
        50, 0.000000000E+00,-4.947866797E-01, 0.000000000E+00, 3.125110567E-01, 7.916998863E-01, 7.206789218E-03, 2.234604442E-03, 4.241903313E-03,-1.881561009E-03, 0.000000000E+00, 3.866181970E-01
        51, 0.000000000E+00,-4.841461182E-01, 0.000000000E+00, 3.157603145E-01, 7.957543135E-01, 7.072724868E-03, 2.203313634E-03, 4.171234090E-03,-1.842093188E-03, 0.000000000E+00, 3.754410148E-01
        52, 0.000000000E+00,-4.735055268E-01, 0.000000000E+00, 3.189319670E-01, 7.996912003E-01, 6.940099411E-03, 2.172119450E-03, 4.101484083E-03,-1.802531071E-03, 0.000000000E+00, 3.645440638E-01
        53, 0.000000000E+00,-4.628649652E-01, 0.000000000E+00, 3.220269084E-01, 8.035135269E-01, 6.808992475E-03, 2.141056582E-03, 4.032693338E-03,-1.762881177E-03, 0.000000000E+00, 3.539009690E-01
        54, 0.000000000E+00,-4.522243738E-01, 0.000000000E+00, 3.250458837E-01, 8.072238564E-01, 6.679484621E-03, 2.110160422E-03, 3.964900039E-03,-1.723149442E-03, 0.000000000E+00, 3.434897959E-01
        55, 0.000000000E+00,-4.415838122E-01, 0.000000000E+00, 3.279894888E-01, 8.108245134E-01, 6.551652215E-03, 2.079465427E-03, 3.898140742E-03,-1.683340757E-03, 0.000000000E+00, 3.332974315E-01
        56, 0.000000000E+00,-4.309432209E-01, 0.000000000E+00, 3.308584690E-01, 8.143179417E-01, 6.425578147E-03, 2.049006522E-03, 3.832454327E-03,-1.643460011E-03, 0.000000000E+00, 3.233151436E-01
        57, 0.000000000E+00,-4.203026593E-01, 0.000000000E+00, 3.336533308E-01, 8.177061081E-01, 6.301341578E-03, 2.018818399E-03, 3.767877817E-03,-1.603511628E-03, 0.000000000E+00, 3.135255575E-01
        58, 0.000000000E+00,-4.096620977E-01, 0.000000000E+00, 3.363747299E-01, 8.209911585E-01, 6.179022137E-03, 1.988935284E-03, 3.704448463E-03,-1.563499449E-03, 0.000000000E+00, 3.039238453E-01
        59, 8.673617380E-19,-3.990215063E-01, 0.000000000E+00, 3.390230536E-01, 8.241748810E-01, 6.058701314E-03, 1.959391404E-03, 3.642203752E-03,-1.523427200E-03, 0.000000000E+00, 2.944929600E-01
        60, 0.000000000E+00,-3.883809447E-01, 0.000000000E+00, 3.415988684E-01, 8.272590637E-01, 5.940460600E-03, 1.930221217E-03, 3.581180703E-03,-1.483298023E-03, 0.000000000E+00, 2.852108777E-01
        61, 0.000000000E+00,-3.777403533E-01, 0.000000000E+00, 3.441024423E-01, 8.302453756E-01, 5.824379623E-03, 1.901457668E-03, 3.521413542E-03,-1.443114830E-03, 0.000000000E+00, 2.760907114E-01
        62, 0.000000000E+00,-3.670997918E-01, 0.000000000E+00, 3.465342224E-01, 8.331353068E-01, 5.710540339E-03, 1.873134635E-03, 3.462939290E-03,-1.402880764E-03, 0.000000000E+00, 2.671107054E-01
        63, 0.000000000E+00,-3.564592302E-01, 0.000000000E+00, 3.488946259E-01, 8.359304667E-01, 5.599022843E-03, 1.845284831E-03, 3.405792871E-03,-1.362598268E-03, 0.000000000E+00, 2.582617402E-01
        64, 0.000000000E+00,-3.458186388E-01, 0.000000000E+00, 3.511839807E-01, 8.386321664E-01, 5.489907227E-03, 1.817940269E-03, 3.350008279E-03,-1.322269440E-03, 0.000000000E+00, 2.495529503E-01
        65, 0.000000000E+00,-3.351780772E-01, 0.000000000E+00, 3.534027338E-01, 8.412418962E-01, 5.383273121E-03, 1.791133196E-03, 3.295619041E-03,-1.281896606E-03, 0.000000000E+00, 2.409710586E-01
        66, 0.000000000E+00,-3.245374858E-01, 0.000000000E+00, 3.555512130E-01, 8.437609673E-01, 5.279198289E-03, 1.764894929E-03, 3.242658684E-03,-1.241481979E-03, 0.000000000E+00, 2.325029671E-01
        67, 0.000000000E+00,-3.138969243E-01, 0.000000000E+00, 3.576296568E-01, 8.461904526E-01, 5.177761428E-03, 1.739255851E-03, 3.191158641E-03,-1.201027771E-03, 0.000000000E+00, 2.241400182E-01
        68, 0.000000000E+00,-3.032563627E-01, 0.000000000E+00, 3.596383631E-01, 8.485314846E-01, 5.079037510E-03, 1.714245416E-03, 3.141148947E-03,-1.160535496E-03, 0.000000000E+00, 2.158906162E-01
        69, 0.000000000E+00,-2.926157713E-01, 0.000000000E+00, 3.615776896E-01, 8.507853746E-01, 4.983102437E-03, 1.689892961E-03, 3.092660103E-03,-1.120007480E-03, 0.000000000E+00, 2.077463567E-01
        70, 0.000000000E+00,-2.819752097E-01, 0.000000000E+00, 3.634478450E-01, 8.529529572E-01, 4.890026525E-03, 1.666225842E-03, 3.045720980E-03,-1.079445472E-03, 0.000000000E+00, 1.996896267E-01
        71, 0.000000000E+00,-2.713346183E-01, 0.000000000E+00, 3.652490973E-01, 8.550354242E-01, 4.799881484E-03, 1.643270603E-03, 3.000358585E-03,-1.038851449E-03, 0.000000000E+00, 1.917204261E-01
        72, 0.000000000E+00,-2.606940567E-01, 0.000000000E+00, 3.669816852E-01, 8.570334911E-01, 4.712732974E-03, 1.621052390E-03, 2.956597600E-03,-9.982276242E-04, 0.000000000E+00, 1.838388145E-01
        73, 0.000000000E+00,-2.500534952E-01, 0.000000000E+00, 3.686458468E-01, 8.589481711E-01, 4.628647119E-03, 1.599595649E-03, 2.914462239E-03,-9.575758013E-04, 0.000000000E+00, 1.760402024E-01
        74, 0.000000000E+00,-2.394129038E-01, 0.000000000E+00, 3.702417016E-01, 8.607801199E-01, 4.547683522E-03, 1.578922500E-03, 2.873974387E-03,-9.168979013E-04, 0.000000000E+00, 1.683029383E-01
        75, 0.000000000E+00,-2.287723422E-01, 0.000000000E+00, 3.717694879E-01, 8.625301719E-01, 4.469899461E-03, 1.559054013E-03, 2.835153835E-03,-8.761960780E-04, 0.000000000E+00, 1.606269926E-01
        76, 0.000000000E+00,-2.181317657E-01, 0.000000000E+00, 3.732292056E-01, 8.641988635E-01, 4.395350348E-03, 1.540009864E-03, 2.798018511E-03,-8.354723686E-04, 0.000000000E+00, 1.530209780E-01
        77, 0.000000000E+00,-2.074911892E-01, 0.000000000E+00, 3.746209741E-01, 8.657869101E-01, 4.324086942E-03, 1.521808561E-03, 2.762586111E-03,-7.947291015E-04, 0.000000000E+00, 1.454631537E-01
        78, 0.000000000E+00,-1.968506128E-01, 0.000000000E+00, 3.759449124E-01, 8.672946692E-01, 4.256156273E-03, 1.504466170E-03, 2.728870604E-03,-7.539683720E-04, 0.000000000E+00, 1.379490793E-01
        79, 0.000000000E+00,-1.862100363E-01, 0.000000000E+00, 3.772009015E-01, 8.687227964E-01, 4.191599786E-03, 1.487997128E-03, 2.696884796E-03,-7.131925086E-04, 0.000000000E+00, 1.304700077E-01
        80, 0.000000000E+00,-1.755694598E-01, 0.000000000E+00, 3.783890009E-01, 8.700714111E-01, 4.130457528E-03, 1.472415519E-03, 2.666639164E-03,-6.724036066E-04, 0.000000000E+00, 1.230259836E-01
        81, 0.000000000E+00,-1.649288982E-01, 0.000000000E+00, 3.795090914E-01, 8.713410497E-01, 4.072764888E-03, 1.457733102E-03, 2.638143720E-03,-6.316040526E-04, 0.000000000E+00, 1.156038269E-01
        82, 0.000000000E+00,-1.542883217E-01, 0.000000000E+00, 3.805609941E-01, 8.725316525E-01, 4.018552601E-03, 1.443959540E-03, 2.611405682E-03,-5.907957675E-04, 0.000000000E+00, 1.081903726E-01
        83, 0.000000000E+00,-1.436477453E-01, 0.000000000E+00, 3.815444708E-01, 8.736433983E-01, 3.967848606E-03, 1.431103796E-03, 2.586431336E-03,-5.499810795E-04, 0.000000000E+00, 1.007769555E-01
        84, 0.000000000E+00,-1.330071688E-01, 0.000000000E+00, 3.824592233E-01, 8.746762276E-01, 3.920677118E-03, 1.419172972E-03, 2.563224640E-03,-5.091619678E-04, 0.000000000E+00, 9.335479140E-02
        85, 0.000000000E+00,-1.223665997E-01, 0.000000000E+00, 3.833048642E-01, 8.756300211E-01, 3.877059789E-03, 1.408173237E-03, 2.541789319E-03,-4.683407024E-04, 0.000000000E+00, 8.590637147E-02
        86, 0.000000000E+00,-1.117260233E-01, 0.000000000E+00, 3.840808272E-01, 8.765042424E-01, 3.837013151E-03, 1.398108667E-03, 2.522126772E-03,-4.275192041E-04, 0.000000000E+00, 7.842291892E-02
        87, 0.000000000E+00,-1.010854468E-01, 0.000000000E+00, 3.847864270E-01, 8.772985339E-01, 3.800554201E-03, 1.388983568E-03, 2.504238859E-03,-3.866999759E-04, 0.000000000E+00, 7.086947560E-02
        88, 0.000000000E+00,-9.044487774E-02, 0.000000000E+00, 3.854207098E-01, 8.780118823E-01, 3.767694347E-03, 1.380800037E-03, 2.488125814E-03,-3.458857536E-04, 0.000000000E+00, 6.321974099E-02
        89, 0.000000000E+00,-7.980430126E-02, 0.000000000E+00, 3.859824836E-01, 8.786432743E-01, 3.738445695E-03, 1.373559935E-03, 2.473788103E-03,-3.050801461E-04, 0.000000000E+00, 5.544746667E-02
        90, 0.000000000E+00,-6.916373223E-02, 0.000000000E+00, 3.864701986E-01, 8.791910410E-01, 3.712818027E-03, 1.367263962E-03, 2.461225959E-03,-2.642876352E-04, 0.000000000E+00, 4.750452191E-02
        91, 0.000000000E+00,-5.852315575E-02, 0.000000000E+00, 3.868819177E-01, 8.796530962E-01, 3.690819256E-03, 1.361912116E-03, 2.450439380E-03,-2.235143911E-04, 0.000000000E+00, 3.936025873E-02
        92, 0.000000000E+00,-4.788258299E-02, 0.000000000E+00, 3.872155547E-01, 8.800272942E-01, 3.672457300E-03, 1.357503817E-03, 2.441428602E-03,-1.827682718E-04, 0.000000000E+00, 3.097968549E-02
        93, 0.000000000E+00,-3.724200651E-02, 0.000000000E+00, 3.874691129E-01, 8.803114891E-01, 3.657736816E-03, 1.354037551E-03, 2.434193157E-03,-1.420595800E-04, 0.000000000E+00, 2.242843248E-02
        94, 0.000000000E+00,-2.660143375E-02, 0.000000000E+00, 3.876421750E-01, 8.805052042E-01, 3.646662924E-03, 1.351511106E-03, 2.428733511E-03,-1.014001100E-04, 0.000000000E+00, 1.396470889E-02
        95, 0.000000000E+00,-1.596086100E-02, 0.000000000E+00, 3.877394497E-01, 8.806138039E-01, 3.639236558E-03, 1.349920873E-03, 2.425049199E-03,-6.080029925E-05, 0.000000000E+00, 6.411249749E-03
        96, 0.000000000E+00,-5.320286844E-03, 0.000000000E+00, 3.877775967E-01, 8.806563020E-01, 3.635457018E-03, 1.349262428E-03, 2.423139755E-03,-2.025951289E-05, 0.000000000E+00, 1.509816502E-03
        97, 0.000000000E+00,-3.046188302E-12, 0.000000000E+00, 3.877775967E-01, 8.806563020E-01, 3.635456786E-03, 1.349262311E-03, 2.423139755E-03,-2.647539077E-09, 0.000000000E+00, 0.000000000E+00
