(title "X Velocity vs. Y-Coordinate")
(labels "Y-Coordinate" "X Velocity")

((xy/key/label "line")
-1	0
-0.994508	0.0483381
-0.988193	0.0926603
-0.98093	0.149545
-0.972577	0.2074
-0.962972	0.261491
-0.952331	0.309665
-0.941691	0.349176
-0.93105	0.382451
-0.92041	0.411131
-0.909769	0.436324
-0.899128	0.458795
-0.888488	0.479088
-0.877847	0.497602
-0.867207	0.514634
-0.856566	0.530412
-0.845926	0.545115
-0.835285	0.558884
-0.824644	0.571833
-0.814004	0.584056
-0.803363	0.595632
-0.792723	0.606625
-0.782082	0.617092
-0.771442	0.627079
-0.760801	0.636628
-0.75016	0.645774
-0.73952	0.654547
-0.728879	0.662976
-0.718239	0.671085
-0.707598	0.678894
-0.696958	0.686423
-0.686317	0.693689
-0.675676	0.700707
-0.665036	0.707492
-0.654395	0.714055
-0.643755	0.720407
-0.633114	0.72656
-0.622474	0.732522
-0.611833	0.738302
-0.601192	0.743907
-0.590552	0.749346
-0.579911	0.754624
-0.569271	0.759747
-0.55863	0.764722
-0.54799	0.769553
-0.537349	0.774244
-0.526708	0.778801
-0.516068	0.783226
-0.505427	0.787525
-0.494787	0.7917
-0.484146	0.795754
-0.473506	0.799691
-0.462865	0.803514
-0.452224	0.807224
-0.441584	0.810825
-0.430943	0.814318
-0.420303	0.817706
-0.409662	0.820991
-0.399022	0.824175
-0.388381	0.827259
-0.37774	0.830245
-0.3671	0.833135
-0.356459	0.83593
-0.345819	0.838632
-0.335178	0.841242
-0.324537	0.843761
-0.313897	0.84619
-0.303256	0.848531
-0.292616	0.850785
-0.281975	0.852953
-0.271335	0.855035
-0.260694	0.857033
-0.250053	0.858948
-0.239413	0.86078
-0.228772	0.86253
-0.218132	0.864199
-0.207491	0.865787
-0.196851	0.867295
-0.18621	0.868723
-0.175569	0.870071
-0.164929	0.871341
-0.154288	0.872532
-0.143648	0.873643
-0.133007	0.874676
-0.122367	0.87563
-0.111726	0.876504
-0.101085	0.877299
-0.0904449	0.878012
-0.0798043	0.878643
-0.0691637	0.879191
-0.0585232	0.879653
-0.0478826	0.880027
-0.037242	0.880311
-0.0266014	0.880505
-0.0159609	0.880614
-0.00532029	0.880656
0	0.880656
)
