(title "UU Reynolds Stress vs. Y-Coordinate")
(labels "Y-Coordinate" "UU Reynolds Stress")

((xy/key/label "line")
-1	0.0126311
-0.994508	0.00958496
-0.988193	0.00552851
-0.98093	0.00537313
-0.972577	0.00668044
-0.962972	0.00821507
-0.952331	0.00945005
-0.941691	0.0102737
-0.93105	0.0108192
-0.92041	0.01118
-0.909769	0.0114143
-0.899128	0.0115595
-0.888488	0.0116401
-0.877847	0.0116728
-0.867207	0.0116691
-0.856566	0.0116374
-0.845926	0.0115837
-0.835285	0.0115125
-0.824644	0.0114274
-0.814004	0.011331
-0.803363	0.0112253
-0.792723	0.0111121
-0.782082	0.0109926
-0.771442	0.010868
-0.760801	0.0107391
-0.75016	0.0106068
-0.73952	0.0104715
-0.728879	0.0103338
-0.718239	0.0101942
-0.707598	0.010053
-0.696958	0.00991059
-0.686317	0.00976716
-0.675676	0.009623
-0.665036	0.00947832
-0.654395	0.00933331
-0.643755	0.00918814
-0.633114	0.00904296
-0.622474	0.00889791
-0.611833	0.00875312
-0.601192	0.00860871
-0.590552	0.00846478
-0.579911	0.00832144
-0.569271	0.00817879
-0.55863	0.00803691
-0.54799	0.0078959
-0.537349	0.00775584
-0.526708	0.00761682
-0.516068	0.00747892
-0.505427	0.00734221
-0.494787	0.00720679
-0.484146	0.00707272
-0.473506	0.0069401
-0.462865	0.00680899
-0.452224	0.00667948
-0.441584	0.00655165
-0.430943	0.00642558
-0.420303	0.00630134
-0.409662	0.00617902
-0.399022	0.0060587
-0.388381	0.00594046
-0.37774	0.00582438
-0.3671	0.00571054
-0.356459	0.00559902
-0.345819	0.00548991
-0.335178	0.00538327
-0.324537	0.0052792
-0.313897	0.00517776
-0.303256	0.00507904
-0.292616	0.0049831
-0.281975	0.00489003
-0.271335	0.00479988
-0.260694	0.00471273
-0.250053	0.00462865
-0.239413	0.00454768
-0.228772	0.0044699
-0.218132	0.00439535
-0.207491	0.00432409
-0.196851	0.00425616
-0.18621	0.0041916
-0.175569	0.00413046
-0.164929	0.00407276
-0.154288	0.00401855
-0.143648	0.00396785
-0.133007	0.00392068
-0.122367	0.00387706
-0.111726	0.00383701
-0.101085	0.00380055
-0.0904449	0.00376769
-0.0798043	0.00373845
-0.0691637	0.00371282
-0.0585232	0.00369082
-0.0478826	0.00367246
-0.037242	0.00365774
-0.0266014	0.00364666
-0.0159609	0.00363924
-0.00532029	0.00363546
0	0.00363546
)
