(title "UV Reynolds Stress vs. Y-Coordinate")
(labels "Y-Coordinate" "UV Reynolds Stress")

((xy/key/label "line")
-1	-0.00293345
-0.994508	-0.00213661
-0.988193	-0.00116172
-0.98093	-0.00127073
-0.972577	-0.00169237
-0.962972	-0.00212388
-0.952331	-0.00245035
-0.941691	-0.00265916
-0.93105	-0.0027936
-0.92041	-0.0028809
-0.909769	-0.00293711
-0.899128	-0.00297201
-0.888488	-0.0029918
-0.877847	-0.00300052
-0.867207	-0.00300091
-0.856566	-0.00299487
-0.845926	-0.00298376
-0.835285	-0.00296861
-0.824644	-0.00295014
-0.814004	-0.00292894
-0.803363	-0.00290546
-0.792723	-0.00288005
-0.782082	-0.00285299
-0.771442	-0.00282452
-0.760801	-0.00279482
-0.75016	-0.00276406
-0.73952	-0.00273235
-0.728879	-0.00269982
-0.718239	-0.00266655
-0.707598	-0.00263263
-0.696958	-0.00259813
-0.686317	-0.0025631
-0.675676	-0.0025276
-0.665036	-0.00249167
-0.654395	-0.00245536
-0.643755	-0.00241869
-0.633114	-0.00238171
-0.622474	-0.00234444
-0.611833	-0.0023069
-0.601192	-0.00226912
-0.590552	-0.00223112
-0.579911	-0.00219291
-0.569271	-0.00215452
-0.55863	-0.00211595
-0.54799	-0.00207722
-0.537349	-0.00203834
-0.526708	-0.00199933
-0.516068	-0.00196019
-0.505427	-0.00192093
-0.494787	-0.00188156
-0.484146	-0.00184209
-0.473506	-0.00180253
-0.462865	-0.00176288
-0.452224	-0.00172315
-0.441584	-0.00168334
-0.430943	-0.00164346
-0.420303	-0.00160351
-0.409662	-0.0015635
-0.399022	-0.00152343
-0.388381	-0.0014833
-0.37774	-0.00144311
-0.3671	-0.00140288
-0.356459	-0.0013626
-0.345819	-0.00132227
-0.335178	-0.0012819
-0.324537	-0.00124148
-0.313897	-0.00120103
-0.303256	-0.00116054
-0.292616	-0.00112001
-0.281975	-0.00107945
-0.271335	-0.00103885
-0.260694	-0.000998228
-0.250053	-0.000957576
-0.239413	-0.000916898
-0.228772	-0.000876196
-0.218132	-0.000835472
-0.207491	-0.000794729
-0.196851	-0.000753968
-0.18621	-0.000713193
-0.175569	-0.000672404
-0.164929	-0.000631604
-0.154288	-0.000590796
-0.143648	-0.000549981
-0.133007	-0.000509162
-0.122367	-0.000468341
-0.111726	-0.000427519
-0.101085	-0.0003867
-0.0904449	-0.000345886
-0.0798043	-0.00030508
-0.0691637	-0.000264288
-0.0585232	-0.000223514
-0.0478826	-0.000182768
-0.037242	-0.00014206
-0.0266014	-0.0001014
-0.0159609	-6.08003e-05
-0.00532029	-2.02595e-05
0	-2.64754e-09
)
