(title "UW Reynolds Stress vs. Y-Coordinate")
(labels "Y-Coordinate" "UW Reynolds Stress")

((xy/key/label "line")
-1	-2.18315e-17
-0.994508	-1.49343e-17
-0.988193	-4.91285e-18
-0.98093	-1.73381e-18
-0.972577	-2.82549e-19
-0.962972	3.65119e-19
-0.952331	1.69261e-19
-0.941691	-2.48893e-20
-0.93105	-5.53697e-20
-0.92041	-2.16956e-19
-0.909769	-4.03344e-19
-0.899128	-4.47026e-19
-0.888488	-4.05542e-19
-0.877847	-3.59147e-19
-0.867207	-3.32671e-19
-0.856566	-3.19918e-19
-0.845926	-2.9628e-19
-0.835285	-2.84622e-19
-0.824644	-2.94389e-19
-0.814004	-3.10888e-19
-0.803363	-3.27083e-19
-0.792723	-3.39092e-19
-0.782082	-3.44659e-19
-0.771442	-3.49392e-19
-0.760801	-3.526e-19
-0.75016	-3.38352e-19
-0.73952	-3.07687e-19
-0.728879	-2.75942e-19
-0.718239	-2.40282e-19
-0.707598	-1.97454e-19
-0.696958	-1.60411e-19
-0.686317	-1.3043e-19
-0.675676	-9.94915e-20
-0.665036	-7.65311e-20
-0.654395	-6.88561e-20
-0.643755	-6.00982e-20
-0.633114	-4.1401e-20
-0.622474	-2.17916e-20
-0.611833	6.70077e-22
-0.601192	2.49616e-20
-0.590552	3.86567e-20
-0.579911	4.58697e-20
-0.569271	5.68178e-20
-0.55863	6.31098e-20
-0.54799	5.51075e-20
-0.537349	4.59594e-20
-0.526708	4.58909e-20
-0.516068	4.75184e-20
-0.505427	4.96059e-20
-0.494787	5.27152e-20
-0.484146	5.28781e-20
-0.473506	5.23957e-20
-0.462865	5.34646e-20
-0.452224	5.68273e-20
-0.441584	6.06694e-20
-0.430943	5.88719e-20
-0.420303	5.28464e-20
-0.409662	4.65574e-20
-0.399022	4.14649e-20
-0.388381	3.51508e-20
-0.37774	2.26879e-20
-0.3671	6.65276e-21
-0.356459	-8.261e-21
-0.345819	-2.54255e-20
-0.335178	-4.62013e-20
-0.324537	-6.46771e-20
-0.313897	-8.0944e-20
-0.303256	-9.81012e-20
-0.292616	-1.14547e-19
-0.281975	-1.27431e-19
-0.271335	-1.38834e-19
-0.260694	-1.5269e-19
-0.250053	-1.6804e-19
-0.239413	-1.80997e-19
-0.228772	-1.88224e-19
-0.218132	-1.9477e-19
-0.207491	-2.06843e-19
-0.196851	-2.21042e-19
-0.18621	-2.33284e-19
-0.175569	-2.40703e-19
-0.164929	-2.45681e-19
-0.154288	-2.54928e-19
-0.143648	-2.67172e-19
-0.133007	-2.76889e-19
-0.122367	-2.8157e-19
-0.111726	-2.84155e-19
-0.101085	-2.8784e-19
-0.0904449	-2.92372e-19
-0.0798043	-2.9631e-19
-0.0691637	-2.97519e-19
-0.0585232	-2.97208e-19
-0.0478826	-2.98227e-19
-0.037242	-3.00308e-19
-0.0266014	-3.02796e-19
-0.0159609	-3.05856e-19
-0.00532029	-3.09282e-19
0	-3.11174e-19
)
