(title "VW Reynolds Stress vs. Y-Coordinate")
(labels "Y-Coordinate" "VW Reynolds Stress")

((xy/key/label "line")
-1	1.25666e-17
-0.994508	8.23279e-18
-0.988193	2.09699e-18
-0.98093	4.33438e-19
-0.972577	-4.03662e-19
-0.962972	-7.96214e-19
-0.952331	-3.51747e-19
-0.941691	-7.056e-20
-0.93105	-6.81165e-20
-0.92041	1.23078e-19
-0.909769	3.58839e-19
-0.899128	3.96086e-19
-0.888488	3.20517e-19
-0.877847	2.4726e-19
-0.867207	2.08916e-19
-0.856566	1.9328e-19
-0.845926	1.61316e-19
-0.835285	1.47448e-19
-0.824644	1.66024e-19
-0.814004	1.94831e-19
-0.803363	2.23693e-19
-0.792723	2.47193e-19
-0.782082	2.6222e-19
-0.771442	2.77725e-19
-0.760801	2.928e-19
-0.75016	2.82665e-19
-0.73952	2.48699e-19
-0.728879	2.14375e-19
-0.718239	1.74756e-19
-0.707598	1.24263e-19
-0.696958	8.27143e-20
-0.686317	5.17428e-20
-0.675676	1.85113e-20
-0.665036	-3.07595e-21
-0.654395	-1.5415e-21
-0.643755	-2.61978e-21
-0.633114	-2.02192e-20
-0.622474	-4.00766e-20
-0.611833	-6.53692e-20
-0.601192	-9.45651e-20
-0.590552	-1.07959e-19
-0.579911	-1.12138e-19
-0.569271	-1.23408e-19
-0.55863	-1.28256e-19
-0.54799	-1.11084e-19
-0.537349	-9.29715e-20
-0.526708	-9.03194e-20
-0.516068	-9.10738e-20
-0.505427	-9.32195e-20
-0.494787	-9.76454e-20
-0.484146	-9.78067e-20
-0.473506	-9.75e-20
-0.462865	-1.00346e-19
-0.452224	-1.07624e-19
-0.441584	-1.16281e-19
-0.430943	-1.15938e-19
-0.420303	-1.08971e-19
-0.409662	-1.02114e-19
-0.399022	-9.78806e-20
-0.388381	-9.19663e-20
-0.37774	-7.5568e-20
-0.3671	-5.31865e-20
-0.356459	-3.31766e-20
-0.345819	-9.20788e-21
-0.335178	2.13161e-20
-0.324537	4.73582e-20
-0.313897	6.91959e-20
-0.303256	9.28456e-20
-0.292616	1.15158e-19
-0.281975	1.30323e-19
-0.271335	1.42648e-19
-0.260694	1.60413e-19
-0.250053	1.81604e-19
-0.239413	1.97527e-19
-0.228772	2.00308e-19
-0.218132	2.01857e-19
-0.207491	2.17255e-19
-0.196851	2.3805e-19
-0.18621	2.5364e-19
-0.175569	2.55583e-19
-0.164929	2.50656e-19
-0.154288	2.58988e-19
-0.143648	2.76624e-19
-0.133007	2.84865e-19
-0.122367	2.73826e-19
-0.111726	2.54199e-19
-0.101085	2.38523e-19
-0.0904449	2.25684e-19
-0.0798043	2.07843e-19
-0.0691637	1.71278e-19
-0.0585232	1.22846e-19
-0.0478826	8.24831e-20
-0.037242	4.74805e-20
-0.0266014	1.239e-20
-0.0159609	-2.09828e-20
-0.00532029	-5.93003e-20
0	-8.22486e-20
)
