(title "WW Reynolds Stress vs. Y-Coordinate")
(labels "Y-Coordinate" "WW Reynolds Stress")

((xy/key/label "line")
-1	0.00753494
-0.994508	0.00589553
-0.988193	0.0036416
-0.98093	0.00343011
-0.972577	0.00405113
-0.962972	0.00482793
-0.952331	0.00546825
-0.941691	0.00590225
-0.93105	0.00619353
-0.92041	0.0063884
-0.909769	0.0065164
-0.899128	0.00659667
-0.888488	0.00664196
-0.877847	0.00666102
-0.867207	0.00666004
-0.856566	0.0066435
-0.845926	0.00661471
-0.835285	0.00657615
-0.824644	0.00652975
-0.814004	0.006477
-0.803363	0.00641907
-0.792723	0.0063569
-0.782082	0.00629126
-0.771442	0.00622277
-0.760801	0.00615193
-0.75016	0.00607918
-0.73952	0.00600487
-0.728879	0.00592929
-0.718239	0.0058527
-0.707598	0.00577533
-0.696958	0.00569735
-0.686317	0.00561894
-0.675676	0.00554023
-0.665036	0.00546135
-0.654395	0.00538241
-0.643755	0.00530352
-0.633114	0.00522475
-0.622474	0.00514619
-0.611833	0.00506791
-0.601192	0.00498999
-0.590552	0.00491247
-0.579911	0.00483543
-0.569271	0.0047589
-0.55863	0.00468295
-0.54799	0.00460763
-0.537349	0.00453297
-0.526708	0.00445903
-0.516068	0.00438584
-0.505427	0.00431345
-0.494787	0.0042419
-0.484146	0.00417123
-0.473506	0.00410148
-0.462865	0.00403269
-0.452224	0.0039649
-0.441584	0.00389814
-0.430943	0.00383245
-0.420303	0.00376788
-0.409662	0.00370445
-0.399022	0.0036422
-0.388381	0.00358118
-0.37774	0.00352141
-0.3671	0.00346294
-0.356459	0.00340579
-0.345819	0.00335001
-0.335178	0.00329562
-0.324537	0.00324266
-0.313897	0.00319116
-0.303256	0.00314115
-0.292616	0.00309266
-0.281975	0.00304572
-0.271335	0.00300036
-0.260694	0.0029566
-0.250053	0.00291446
-0.239413	0.00287397
-0.228772	0.00283515
-0.218132	0.00279802
-0.207491	0.00276259
-0.196851	0.00272887
-0.18621	0.00269688
-0.175569	0.00266664
-0.164929	0.00263814
-0.154288	0.00261141
-0.143648	0.00258643
-0.133007	0.00256322
-0.122367	0.00254179
-0.111726	0.00252213
-0.101085	0.00250424
-0.0904449	0.00248813
-0.0798043	0.00247379
-0.0691637	0.00246123
-0.0585232	0.00245044
-0.0478826	0.00244143
-0.037242	0.00243419
-0.0266014	0.00242873
-0.0159609	0.00242505
-0.00532029	0.00242314
0	0.00242314
)
