nodenumber,    x-coordinate,    y-coordinate,    z-coordinate,  dy-velocity-dx
         1, 0.000000000E+00, 5.370426326E-13, 0.000000000E+00,-4.977064460E-25
         2, 0.000000000E+00, 1.995329279E-03, 0.000000000E+00,-6.327051002E-25
         3, 0.000000000E+00, 5.985987838E-03, 0.000000000E+00,-4.509471596E-25
         4, 0.000000000E+00, 9.976646863E-03,-3.469446952E-18,-2.797251466E-28
         5, 0.000000000E+00, 1.396730542E-02, 0.000000000E+00, 3.324617307E-28
         6, 0.000000000E+00, 1.795796305E-02, 0.000000000E+00,-1.783221925E-25
         7, 0.000000000E+00, 2.194862254E-02, 0.000000000E+00,-8.896723369E-26
         8, 0.000000000E+00, 2.593928017E-02, 0.000000000E+00, 0.000000000E+00
         9, 0.000000000E+00, 2.992993966E-02, 0.000000000E+00,-8.827728855E-26
        10, 0.000000000E+00, 3.392059729E-02, 0.000000000E+00,-1.762894089E-25
        11, 0.000000000E+00, 3.791125491E-02, 0.000000000E+00,-8.801211419E-26
        12, 0.000000000E+00, 4.190191627E-02, 0.000000000E+00,-8.744273534E-26
        13, 0.000000000E+00, 4.589257389E-02, 0.000000000E+00,-2.619802382E-25
        14, 0.000000000E+00, 4.988323152E-02, 0.000000000E+00,-2.616048144E-25
        15, 0.000000000E+00, 5.387388915E-02, 0.000000000E+00,-8.706739779E-26
        16, 0.000000000E+00, 5.786455050E-02, 0.000000000E+00, 0.000000000E+00
        17, 0.000000000E+00, 6.185520813E-02, 0.000000000E+00,-8.605266382E-26
        18, 0.000000000E+00, 6.584586948E-02, 0.000000000E+00,-1.718401594E-25
        19, 0.000000000E+00, 6.983652711E-02, 0.000000000E+00,-8.578741550E-26
        20, 0.000000000E+00, 7.382718474E-02, 0.000000000E+00,-1.703173621E-25
        21, 0.000000000E+00, 7.781784236E-02, 0.000000000E+00,-3.396833825E-25
        22, 0.000000000E+00, 8.180849999E-02,-3.469446952E-18,-3.379374608E-25
        23, 0.000000000E+00, 8.579915762E-02, 0.000000000E+00,-2.525475326E-25
        24, 0.000000000E+00, 8.978981525E-02,-3.469446952E-18,-8.397627098E-26
        25, 0.000000000E+00, 9.378047287E-02, 0.000000000E+00,-1.665761153E-25
        26, 0.000000000E+00, 9.777113795E-02, 0.000000000E+00,-2.493620629E-25
        27, 0.000000000E+00, 1.017617956E-01, 0.000000000E+00,-8.278587371E-26
        28, 0.000000000E+00, 1.057524532E-01, 0.000000000E+00,-8.205702170E-26
        29, 0.000000000E+00, 1.097431108E-01, 0.000000000E+00,-2.456044719E-25
        30, 0.000000000E+00, 1.137337685E-01, 0.000000000E+00,-2.449909107E-25
        31, 0.000000000E+00, 1.177244261E-01, 0.000000000E+00,-8.144328175E-26
        32, 0.000000000E+00, 1.217150837E-01, 0.000000000E+00, 0.000000000E+00
        33, 0.000000000E+00, 1.257057488E-01, 0.000000000E+00, 0.000000000E+00
        34, 0.000000000E+00, 1.296963990E-01, 0.000000000E+00, 0.000000000E+00
        35, 0.000000000E+00, 1.336870641E-01, 0.000000000E+00, 0.000000000E+00
        36, 0.000000000E+00, 1.376777142E-01, 0.000000000E+00, 0.000000000E+00
        37, 0.000000000E+00, 1.416683793E-01, 0.000000000E+00,-7.889365249E-26
        38, 0.000000000E+00, 1.456590444E-01, 0.000000000E+00,-1.575126705E-25
        39, 5.421010862E-20, 1.496496946E-01, 0.000000000E+00,-1.569719310E-25
        40, 6.030568138E-33, 1.536403596E-01, 0.000000000E+00,-1.563800264E-25
        41, 0.000000000E+00, 1.576310098E-01, 0.000000000E+00,-1.555977599E-25
        42, 0.000000000E+00, 1.616216749E-01, 0.000000000E+00,-1.547537527E-25
        43, 1.084202172E-19, 1.656123251E-01, 0.000000000E+00,-7.718317402E-26
        44, 0.000000000E+00, 1.696029902E-01, 0.000000000E+00, 0.000000000E+00
        45, 1.626303259E-19, 1.735936403E-01, 0.000000000E+00,-7.620034578E-26
        46, 3.252606517E-19, 1.775843054E-01, 0.000000000E+00,-2.275959361E-25
        47, 0.000000000E+00, 1.815749705E-01, 0.000000000E+00,-2.267114258E-25
        48, 2.413047750E-32, 1.855656207E-01, 0.000000000E+00,-1.503402978E-25
        49, 0.000000000E+00, 1.895562857E-01, 0.000000000E+00,-2.245605472E-25
        50, 4.336808690E-19, 1.935469359E-01, 0.000000000E+00,-2.240254530E-25
        51, 2.168404345E-19, 1.975376010E-01, 0.000000000E+00,-7.448935578E-26
        52, 0.000000000E+00, 2.015282512E-01, 0.000000000E+00, 0.000000000E+00
        53, 0.000000000E+00, 2.055189162E-01, 0.000000000E+00,-7.363643074E-26
        54, 0.000000000E+00, 2.095095813E-01, 0.000000000E+00,-1.471068802E-25
        55, 0.000000000E+00, 2.135002315E-01, 0.000000000E+00,-7.347038168E-26
        56, 0.000000000E+00, 2.174908966E-01, 0.000000000E+00, 0.000000000E+00
        57, 0.000000000E+00, 2.214815468E-01, 0.000000000E+00,-7.250537676E-26
        58, 0.000000000E+00, 2.254722118E-01, 0.000000000E+00,-1.447726161E-25
        59, 0.000000000E+00, 2.294628620E-01, 0.000000000E+00,-7.226717159E-26
        60, 0.000000000E+00, 2.334535271E-01, 0.000000000E+00, 0.000000000E+00
        61, 0.000000000E+00, 2.374441773E-01, 0.000000000E+00,-7.150865101E-26
        62, 0.000000000E+00, 2.414348423E-01, 0.000000000E+00,-1.427243881E-25
        63, 0.000000000E+00, 2.454255074E-01, 0.000000000E+00,-7.121567547E-26
        64, 0.000000000E+00, 2.494161576E-01, 0.000000000E+00, 0.000000000E+00
        65, 0.000000000E+00, 2.534068227E-01, 0.000000000E+00,-7.044088463E-26
        66, 8.673617380E-19, 2.573974729E-01, 0.000000000E+00,-1.404393785E-25
        67, 0.000000000E+00, 2.613881230E-01, 0.000000000E+00,-6.999841995E-26
        68, 0.000000000E+00, 2.653788030E-01, 0.000000000E+00, 0.000000000E+00
        69, 8.267041565E-19, 2.693694532E-01, 0.000000000E+00,-6.921680054E-26
        70, 8.131516294E-19, 2.733601034E-01, 0.000000000E+00,-2.069793768E-25
        71, 7.995991022E-19, 2.773507833E-01, 0.000000000E+00,-2.062192600E-25
        72, 7.860465751E-19, 2.813414335E-01, 0.000000000E+00,-2.727639175E-25
        73, 7.724940479E-19, 2.853320837E-01, 0.000000000E+00,-5.436135654E-25
        74, 7.589415207E-19, 2.893227339E-01, 0.000000000E+00,-6.094166937E-25
        75, 3.794707604E-19, 2.933134139E-01, 0.000000000E+00,-4.043244200E-25
        76, 0.000000000E+00, 2.973040640E-01, 0.000000000E+00,-1.342133678E-25
        77, 3.523657061E-19, 3.012947142E-01, 0.000000000E+00,-6.601300221E-26
        78, 7.047314121E-19, 3.052853942E-01, 0.000000000E+00,-1.316096708E-25
        79, 1.176743196E-31, 3.092760444E-01, 0.000000000E+00,-6.559708762E-26
        80, 6.776263578E-19, 3.132666945E-01, 0.000000000E+00, 0.000000000E+00
        81, 6.640738306E-19, 3.172573447E-01, 0.000000000E+00,-6.400445758E-26
        82, 6.505213035E-19, 3.212480247E-01, 0.000000000E+00,-1.275079515E-25
        83, 6.369687763E-19, 3.252386749E-01, 0.000000000E+00,-6.350343229E-26
        84, 6.234162492E-19, 3.292293251E-01, 0.000000000E+00, 0.000000000E+00
        85, 6.098637220E-19, 3.332199752E-01, 0.000000000E+00,-6.229383735E-26
        86, 0.000000000E+00, 3.372106552E-01, 0.000000000E+00,-1.240585832E-25
        87, 0.000000000E+00, 3.412013054E-01, 0.000000000E+00,-6.176468425E-26
        88, 5.692061406E-19, 3.451919556E-01, 0.000000000E+00, 0.000000000E+00
        89, 5.556536134E-19, 3.491826355E-01, 0.000000000E+00,-6.084180327E-26
        90, 5.421010862E-19, 3.531732857E-01, 0.000000000E+00,-1.212951419E-25
        91, 0.000000000E+00, 3.571639359E-01, 0.000000000E+00,-6.045328311E-26
        92, 2.710505431E-19, 3.611545861E-01, 0.000000000E+00, 0.000000000E+00
        93, 0.000000000E+00, 3.651452661E-01, 0.000000000E+00,-5.915428805E-26
        94, 2.262967685E-32, 3.691359162E-01, 0.000000000E+00,-1.768442493E-25
        95, 0.000000000E+00, 3.731265664E-01, 0.000000000E+00,-1.761272487E-25
        96, 2.413047750E-32, 3.771172464E-01, 0.000000000E+00,-1.163050913E-25
        97, 0.000000000E+00, 3.811078966E-01, 0.000000000E+00,-1.726625469E-25
        98, 4.336808690E-19, 3.850985467E-01, 0.000000000E+00,-1.718660686E-25
        99, 7.241496591E-32, 3.890891969E-01, 0.000000000E+00,-5.707090640E-26
       100, 0.000000000E+00, 3.930798769E-01, 0.000000000E+00,-5.638569442E-26
       101, 1.084202172E-19, 3.970705271E-01, 0.000000000E+00,-2.796993607E-25
       102, 1.734723476E-18, 4.010611773E-01, 0.000000000E+00,-3.894828896E-25
       103, 1.734723476E-18, 4.050518572E-01, 0.000000000E+00,-1.661695438E-25
       104, 0.000000000E+00, 4.090425074E-01, 0.000000000E+00,-5.476605205E-26
       105, 0.000000000E+00, 4.130331576E-01, 0.000000000E+00,-1.091671203E-25
       106, 1.734723476E-18, 4.170238078E-01, 0.000000000E+00,-4.756954518E-28
       107,-1.734723476E-18, 4.210144877E-01, 0.000000000E+00,-5.332572762E-26
       108, 0.000000000E+00, 4.250051379E-01, 0.000000000E+00,-4.814906212E-25
       109, 0.000000000E+00, 4.289957881E-01, 0.000000000E+00,-8.537013273E-25
       110, 0.000000000E+00, 4.329864681E-01, 0.000000000E+00,-9.565336851E-25
       111,-1.734723476E-18, 4.369771183E-01, 0.000000000E+00,-6.874317338E-25
       112, 0.000000000E+00, 4.409677684E-01, 0.000000000E+00,-3.150271652E-25
       113, 0.000000000E+00, 4.449584186E-01, 0.000000000E+00,-3.654640718E-25
       114, 0.000000000E+00, 4.489490986E-01, 0.000000000E+00,-4.685895900E-25
       115, 1.734723476E-18, 4.529397488E-01, 0.000000000E+00,-2.594240084E-25
       116, 0.000000000E+00, 4.569303989E-01, 0.000000000E+00,-1.540505079E-25
       117, 0.000000000E+00, 4.609210789E-01, 0.000000000E+00,-4.586423005E-25
       118, 0.000000000E+00, 4.649117291E-01, 0.000000000E+00,-8.628709479E-25
       119, 0.000000000E+00, 4.689023793E-01, 0.000000000E+00,-7.080846054E-25
       120, 0.000000000E+00, 4.728930295E-01, 0.000000000E+00,-4.012338109E-25
       121, 1.734723476E-18, 4.768837094E-01, 0.000000000E+00,-6.429219336E-25
       122, 0.000000000E+00, 4.808743596E-01, 0.000000000E+00,-6.873235613E-25
       123, 0.000000000E+00, 4.848650098E-01, 0.000000000E+00,-2.928668051E-25
       124, 0.000000000E+00, 4.888556600E-01, 0.000000000E+00,-2.024568372E-28
       125, 1.734723476E-18, 4.928463399E-01, 0.000000000E+00, 1.446908581E-25
       126, 0.000000000E+00, 4.968369901E-01, 0.000000000E+00, 1.436915686E-25
       127, 0.000000000E+00, 5.008276701E-01, 0.000000000E+00, 9.459249603E-26
       128, 0.000000000E+00, 5.048183203E-01,-3.469446952E-18, 9.410554083E-26
       129, 0.000000000E+00, 5.088089705E-01, 0.000000000E+00, 4.697932007E-26
       130, 0.000000000E+00, 5.127996206E-01, 0.000000000E+00, 0.000000000E+00
       131, 0.000000000E+00, 5.167902708E-01, 0.000000000E+00, 0.000000000E+00
       132, 1.734723476E-18, 5.207809210E-01, 0.000000000E+00,-1.350632668E-25
       133, 0.000000000E+00, 5.247716308E-01, 0.000000000E+00,-4.480289166E-25
       134, 0.000000000E+00, 5.287622809E-01, 0.000000000E+00,-7.130210011E-25
       135, 0.000000000E+00, 5.327529311E-01, 0.000000000E+00,-6.201911038E-25
       136, 1.734723476E-18, 5.367435813E-01, 0.000000000E+00,-1.767888811E-25
       137, 0.000000000E+00, 5.407342315E-01, 0.000000000E+00, 3.514190443E-28
       138, 0.000000000E+00, 5.447248816E-01, 0.000000000E+00,-1.285426905E-25
       139, 0.000000000E+00, 5.487155318E-01, 0.000000000E+00,-8.554623977E-26
       140, 0.000000000E+00, 5.527061820E-01, 0.000000000E+00,-1.263115083E-25
       141, 0.000000000E+00, 5.566968918E-01, 0.000000000E+00,-5.818623739E-25
       142, 0.000000000E+00, 5.606875420E-01, 0.000000000E+00,-9.478947707E-25
       143, 0.000000000E+00, 5.646781921E-01, 0.000000000E+00,-6.553235666E-25
       144, 0.000000000E+00, 5.686688423E-01, 0.000000000E+00,-2.841457752E-25
       145, 0.000000000E+00, 5.726594925E-01, 0.000000000E+00,-4.008496603E-25
       146, 0.000000000E+00, 5.766501427E-01, 0.000000000E+00,-5.945692960E-25
       147, 3.469446952E-18, 5.806407928E-01, 0.000000000E+00,-5.095612505E-25
       148, 6.938893904E-18, 5.846315026E-01, 0.000000000E+00,-2.334679702E-25
       149, 3.469446952E-18, 5.886221528E-01, 0.000000000E+00,-3.860621915E-25
       150, 0.000000000E+00, 5.926128030E-01, 0.000000000E+00,-8.458219874E-25
       151, 0.000000000E+00, 5.966034532E-01, 0.000000000E+00,-8.003666387E-25
       152, 0.000000000E+00, 6.005941033E-01, 0.000000000E+00,-4.515081876E-25
       153, 1.734723476E-18, 6.045847535E-01, 0.000000000E+00,-3.731405266E-25
       154, 0.000000000E+00, 6.085754037E-01, 0.000000000E+00,-5.564143620E-25
       155, 1.734723476E-18, 6.125661135E-01, 0.000000000E+00,-5.155505783E-25
       156, 8.673617380E-18, 6.165567636E-01, 0.000000000E+00,-3.260197693E-25
       157, 0.000000000E+00, 6.205474138E-01, 0.000000000E+00,-5.328964956E-25
       158, 0.000000000E+00, 6.245380640E-01, 0.000000000E+00,-8.472124533E-25
       159, 0.000000000E+00, 6.285287142E-01, 0.000000000E+00,-7.365200335E-25
       160, 1.734723476E-18, 6.325193644E-01, 0.000000000E+00,-6.227061896E-25
       161, 0.000000000E+00, 6.365100145E-01, 0.000000000E+00,-8.493378418E-25
       162, 0.000000000E+00, 6.405007243E-01, 0.000000000E+00,-1.003268763E-24
       163, 0.000000000E+00, 6.444913745E-01, 0.000000000E+00,-7.943906230E-25
       164, 0.000000000E+00, 6.484820247E-01, 0.000000000E+00,-4.920117577E-25
       165, 0.000000000E+00, 6.524726748E-01, 0.000000000E+00,-5.479198092E-25
       166, 0.000000000E+00, 6.564633250E-01, 0.000000000E+00,-7.276039824E-25
       167, 0.000000000E+00, 6.604539752E-01, 0.000000000E+00,-4.984582304E-25
       168, 0.000000000E+00, 6.644446254E-01, 0.000000000E+00,-1.232875826E-25
       169, 0.000000000E+00, 6.684353352E-01, 0.000000000E+00,-9.070996918E-26
       170, 0.000000000E+00, 6.724259853E-01, 0.000000000E+00,-2.990649592E-25
       171, 0.000000000E+00, 6.764166355E-01, 0.000000000E+00,-3.246731344E-25
       172, 0.000000000E+00, 6.804072857E-01, 0.000000000E+00,-1.163165544E-25
       173, 0.000000000E+00, 6.843979359E-01, 0.000000000E+00,-1.145505660E-25
       174, 0.000000000E+00, 6.883885860E-01, 0.000000000E+00,-2.282071554E-25
       175, 0.000000000E+00, 6.923792362E-01, 0.000000000E+00,-1.136556280E-25
       176, 8.673617380E-19, 6.963699460E-01, 0.000000000E+00,-5.435216508E-26
       177, 0.000000000E+00, 7.003605962E-01, 0.000000000E+00,-1.881283499E-25
       178, 0.000000000E+00, 7.043512464E-01, 0.000000000E+00,-3.199961507E-25
       179, 0.000000000E+00, 7.083418965E-01, 0.000000000E+00,-2.917798534E-25
       180, 0.000000000E+00, 7.123325467E-01, 0.000000000E+00,-1.575028837E-25
       181, 0.000000000E+00, 7.163231969E-01, 0.000000000E+00,-2.033740483E-25
       182, 0.000000000E+00, 7.203138471E-01, 0.000000000E+00,-3.005927116E-25
       183, 1.734723476E-18, 7.243045568E-01, 0.000000000E+00,-1.987932193E-25
       184, 0.000000000E+00, 7.282952070E-01, 0.000000000E+00,-4.963165840E-26
       185, 0.000000000E+00, 7.322858572E-01, 0.000000000E+00,-1.199683148E-25
       186, 0.000000000E+00, 7.362765074E-01, 0.000000000E+00,-3.299092233E-25
       187, 0.000000000E+00, 7.402671576E-01, 0.000000000E+00,-3.009587184E-25
       188, 0.000000000E+00, 7.442578077E-01, 0.000000000E+00,-1.363564317E-25
       189, 0.000000000E+00, 7.482484579E-01, 0.000000000E+00,-1.797849872E-25
       190, 0.000000000E+00, 7.522391677E-01, 0.000000000E+00,-3.102783704E-25
       191, 0.000000000E+00, 7.562298179E-01, 0.000000000E+00,-2.610270477E-25
       192, 0.000000000E+00, 7.602204680E-01, 0.000000000E+00,-1.690782588E-25
       193, 0.000000000E+00, 7.642111182E-01, 0.000000000E+00,-2.518844703E-25
       194, 0.000000000E+00, 7.682017684E-01, 0.000000000E+00,-3.346329718E-25
       195, 0.000000000E+00, 7.721924186E-01, 0.000000000E+00,-2.476835641E-25
       196, 0.000000000E+00, 7.761830688E-01, 0.000000000E+00,-1.591715463E-25
       197, 0.000000000E+00, 7.801737785E-01, 0.000000000E+00,-2.300542239E-25
       198, 0.000000000E+00, 7.841644287E-01, 0.000000000E+00,-3.029830834E-25
       199, 0.000000000E+00, 7.881550789E-01, 0.000000000E+00,-2.254802605E-25
       200, 0.000000000E+00, 7.921457291E-01, 0.000000000E+00,-7.443076437E-26
       201, 0.000000000E+00, 7.961363792E-01, 0.000000000E+00,-5.187970244E-26
       202, 0.000000000E+00, 8.001270294E-01, 0.000000000E+00,-1.025588202E-25
       203, 0.000000000E+00, 8.041176796E-01, 0.000000000E+00,-6.754228303E-26
       204, 0.000000000E+00, 8.081083298E-01, 0.000000000E+00,-1.167395811E-25
       205, 0.000000000E+00, 8.120990396E-01, 0.000000000E+00,-2.447537840E-25
       206, 0.000000000E+00, 8.160896897E-01, 0.000000000E+00,-2.957629107E-25
       207, 0.000000000E+00, 8.200803399E-01, 0.000000000E+00,-2.383542239E-25
       208, 0.000000000E+00, 8.240709901E-01, 0.000000000E+00,-1.450747252E-25
       209, 0.000000000E+00, 8.280616403E-01, 0.000000000E+00,-1.708247352E-25
       210, 0.000000000E+00, 8.320522904E-01, 0.000000000E+00,-2.360689185E-25
       211, 0.000000000E+00, 8.360429406E-01, 0.000000000E+00,-1.990398123E-25
       212, 0.000000000E+00, 8.400336504E-01, 0.000000000E+00,-1.008744604E-25
       213, 0.000000000E+00, 8.440243006E-01, 0.000000000E+00,-4.892662937E-26
       214, 0.000000000E+00, 8.480149508E-01, 0.000000000E+00,-3.614221088E-26
       215, 0.000000000E+00, 8.520056009E-01, 0.000000000E+00,-2.326901317E-26
       216, 0.000000000E+00, 8.559962511E-01, 0.000000000E+00,-6.341904883E-26
       217, 0.000000000E+00, 8.599869013E-01, 0.000000000E+00,-1.624568685E-25
       218, 0.000000000E+00, 8.639775515E-01, 0.000000000E+00,-2.197274183E-25
       219, 0.000000000E+00, 8.679682612E-01, 0.000000000E+00,-1.670166448E-25
       220, 0.000000000E+00, 8.719589114E-01, 0.000000000E+00,-1.104518420E-25
       221, 0.000000000E+00, 8.759495616E-01, 0.000000000E+00,-1.144936201E-25
       222, 1.301042607E-18, 8.799402118E-01, 0.000000000E+00,-1.164047343E-25
       223, 0.000000000E+00, 8.839308619E-01, 0.000000000E+00,-9.514864914E-26
       224, 0.000000000E+00, 8.879215121E-01, 0.000000000E+00,-9.140231788E-26
       225, 0.000000000E+00, 8.919121623E-01, 0.000000000E+00,-1.251364877E-25
       226, 0.000000000E+00, 8.959028721E-01, 0.000000000E+00,-1.350600374E-25
       227, 0.000000000E+00, 8.998935223E-01, 0.000000000E+00,-9.206751868E-26
       228, 0.000000000E+00, 9.038841724E-01, 0.000000000E+00,-5.544825649E-26
       229, 8.673617380E-19, 9.078748226E-01, 0.000000000E+00,-4.867923828E-26
       230, 0.000000000E+00, 9.118654728E-01, 0.000000000E+00,-3.277598732E-26
       231, 0.000000000E+00, 9.158561230E-01, 0.000000000E+00, 4.694508936E-27
       232, 0.000000000E+00, 9.198467731E-01, 0.000000000E+00, 2.874332729E-26
       233, 0.000000000E+00, 9.238374829E-01, 0.000000000E+00, 4.383898190E-26
       234, 0.000000000E+00, 9.278281331E-01, 0.000000000E+00, 6.392947265E-26
       235,-2.168404345E-19, 9.318187833E-01, 0.000000000E+00, 6.634665340E-26
       236, 0.000000000E+00, 9.358094335E-01, 0.000000000E+00, 8.524162852E-26
       237, 0.000000000E+00, 9.398000836E-01, 0.000000000E+00, 1.557279713E-25
       238, 2.168404345E-19, 9.437907338E-01, 0.000000000E+00, 2.081251233E-25
       239, 0.000000000E+00, 9.477813840E-01, 0.000000000E+00, 1.717861964E-25
       240, 0.000000000E+00, 9.517720938E-01, 0.000000000E+00, 6.467699847E-26
       241, 0.000000000E+00, 9.557627439E-01, 0.000000000E+00, 0.000000000E+00
       242,-4.336808690E-19, 9.597533941E-01, 0.000000000E+00, 0.000000000E+00
       243, 0.000000000E+00, 9.637440443E-01, 0.000000000E+00, 0.000000000E+00
       244, 4.336808690E-19, 9.677346945E-01, 0.000000000E+00, 0.000000000E+00
       245, 0.000000000E+00, 9.717253447E-01, 0.000000000E+00, 0.000000000E+00
       246, 6.505213035E-19, 9.757159948E-01, 0.000000000E+00, 0.000000000E+00
       247, 9.757819552E-19, 9.797067046E-01, 0.000000000E+00, 2.582733993E-26
       248, 1.084202172E-19, 9.832227230E-01, 0.000000000E+00, 3.435805403E-26
       249, 1.029992064E-18, 9.862802029E-01, 0.000000000E+00, 1.022714715E-26
       250,-4.336808690E-19, 9.889388680E-01, 0.000000000E+00, 1.457954698E-26
       251, 3.794707604E-19, 9.912507534E-01, 0.000000000E+00, 6.397033318E-26
       252, 0.000000000E+00, 9.932610989E-01, 0.000000000E+00, 8.780093366E-26
       253, 0.000000000E+00, 9.950091839E-01, 0.000000000E+00, 4.294847195E-26
       254,-4.743384505E-19, 9.965292811E-01, 0.000000000E+00, 4.682233829E-27
       255, 7.386127300E-19, 9.978510737E-01, 0.000000000E+00, 0.000000000E+00
       256, 1.378969638E-18, 9.990004897E-01, 0.000000000E+00, 0.000000000E+00
       257, 0.000000000E+00, 1.000000000E+00, 0.000000000E+00, 0.000000000E+00
