(title "dX-Velocity/dy vs. Y-Coordinate")
(labels "Y-Coordinate" "dX-Velocity/dy")

((xy/key/label "line")
-1	92.4179
-0.999499	92.4175
-0.998922	92.1329
-0.998259	89.7821
-0.997497	82.1963
-0.99662	68.6893
-0.995612	53.1523
-0.994452	39.9171
-0.993119	30.0931
-0.991585	22.9203
-0.989821	17.6745
-0.987793	13.8684
-0.985461	11.0664
-0.982808	8.94954
-0.980156	7.49456
-0.977503	6.44678
-0.97485	5.654
-0.972198	5.03227
-0.969545	4.53233
-0.966892	4.12192
-0.96424	3.77918
-0.961587	3.48879
-0.958934	3.23967
-0.956282	3.02365
-0.953629	2.83461
-0.950977	2.66778
-0.948324	2.51951
-0.945671	2.38688
-0.943019	2.26751
-0.940366	2.15953
-0.937713	2.06138
-0.935061	1.9718
-0.932408	1.88968
-0.929755	1.81414
-0.927103	1.74443
-0.92445	1.67991
-0.921797	1.62
-0.919145	1.5642
-0.916492	1.51211
-0.913839	1.46342
-0.911187	1.41776
-0.908534	1.37487
-0.905881	1.33449
-0.903229	1.2964
-0.900576	1.26045
-0.897923	1.22643
-0.895271	1.19417
-0.892618	1.16357
-0.889966	1.13451
-0.887313	1.10686
-0.88466	1.08052
-0.882008	1.05536
-0.879355	1.03137
-0.876702	1.00844
-0.87405	0.986492
-0.871397	0.965445
-0.868744	0.945278
-0.866092	0.925933
-0.863439	0.907343
-0.860786	0.889472
-0.858134	0.872303
-0.855481	0.855782
-0.852828	0.839825
-0.850176	0.824432
-0.847523	0.809616
-0.84487	0.795274
-0.842218	0.781424
-0.839565	0.768097
-0.836912	0.755142
-0.83426	0.742593
-0.831607	0.730463
-0.828954	0.718701
-0.826302	0.707326
-0.823649	0.696284
-0.820997	0.685556
-0.818344	0.675111
-0.815691	0.664984
-0.813039	0.655171
-0.810386	0.645604
-0.807733	0.636283
-0.805081	0.62724
-0.802428	0.618462
-0.799775	0.609863
-0.797123	0.601472
-0.79447	0.593327
-0.791817	0.585374
-0.789165	0.577633
-0.786512	0.5701
-0.783859	0.562692
-0.781207	0.555461
-0.778554	0.548422
-0.775901	0.541541
-0.773249	0.534835
-0.770596	0.528267
-0.767943	0.521825
-0.765291	0.515542
-0.762638	0.509381
-0.759985	0.503359
-0.757333	0.497479
-0.75468	0.491686
-0.752028	0.486031
-0.749375	0.480502
-0.746722	0.475062
-0.74407	0.469725
-0.741417	0.464511
-0.738764	0.459403
-0.736112	0.454363
-0.733459	0.44943
-0.730806	0.444604
-0.728154	0.439847
-0.725501	0.435178
-0.722848	0.430613
-0.720196	0.426119
-0.717543	0.421694
-0.71489	0.417358
-0.712238	0.413076
-0.709585	0.408863
-0.706932	0.404755
-0.70428	0.400718
-0.701627	0.396714
-0.698974	0.392782
-0.696322	0.388904
-0.693669	0.385094
-0.691016	0.381373
-0.688364	0.377686
-0.685711	0.374053
-0.683059	0.370488
-0.680406	0.366977
-0.677753	0.363502
-0.675101	0.360062
-0.672448	0.356691
-0.669795	0.353391
-0.667143	0.350124
-0.66449	0.346894
-0.661837	0.343718
-0.659185	0.340558
-0.656532	0.337486
-0.653879	0.334449
-0.651227	0.331395
-0.648574	0.328445
-0.645921	0.325531
-0.643269	0.322618
-0.640616	0.319756
-0.637963	0.31693
-0.635311	0.314156
-0.632658	0.311417
-0.630005	0.308661
-0.627353	0.306011
-0.6247	0.303378
-0.622047	0.300762
-0.619395	0.298164
-0.616742	0.295566
-0.614089	0.293072
-0.611437	0.290562
-0.608784	0.288053
-0.606131	0.285613
-0.603479	0.283225
-0.600826	0.280873
-0.598174	0.27852
-0.595521	0.276132
-0.592868	0.273816
-0.590216	0.271569
-0.587563	0.269287
-0.58491	0.26704
-0.582258	0.264863
-0.579605	0.262633
-0.576952	0.260439
-0.5743	0.258333
-0.571647	0.256191
-0.568994	0.254102
-0.566342	0.252013
-0.563689	0.249976
-0.561036	0.24794
-0.558384	0.245834
-0.555731	0.243833
-0.553078	0.241884
-0.550426	0.239936
-0.547773	0.237987
-0.54512	0.23602
-0.542468	0.234089
-0.539815	0.232212
-0.537162	0.230316
-0.53451	0.22849
-0.531857	0.226647
-0.529205	0.224768
-0.526552	0.222942
-0.523899	0.22117
-0.521247	0.219379
-0.518594	0.217571
-0.515941	0.215851
-0.513289	0.214095
-0.510636	0.212357
-0.507983	0.210654
-0.505331	0.208952
-0.502678	0.207267
-0.500025	0.205564
-0.497373	0.203931
-0.49472	0.202281
-0.492067	0.200613
-0.489415	0.198998
-0.486762	0.197401
-0.484109	0.195786
-0.481457	0.194206
-0.478804	0.192643
-0.476151	0.191046
-0.473499	0.189484
-0.470846	0.187974
-0.468193	0.186465
-0.465541	0.184867
-0.462888	0.183322
-0.460236	0.1819
-0.457583	0.180443
-0.45493	0.178898
-0.452278	0.177406
-0.449625	0.175967
-0.446972	0.174527
-0.44432	0.173105
-0.441667	0.171631
-0.439014	0.170191
-0.436362	0.168787
-0.433709	0.1674
-0.431056	0.165996
-0.428404	0.164574
-0.425751	0.163187
-0.423098	0.161818
-0.420446	0.160501
-0.417793	0.159132
-0.41514	0.157763
-0.412488	0.156446
-0.409835	0.155094
-0.407182	0.15376
-0.40453	0.152444
-0.401877	0.151127
-0.399224	0.149863
-0.396572	0.148547
-0.393919	0.147247
-0.391266	0.145966
-0.388614	0.144702
-0.385961	0.143438
-0.383309	0.142157
-0.380656	0.140893
-0.378003	0.139629
-0.375351	0.138435
-0.372698	0.137206
-0.370045	0.13596
-0.367393	0.134731
-0.36474	0.133502
-0.362087	0.132291
-0.359435	0.131115
-0.356782	0.129886
-0.354129	0.128675
-0.351477	0.127534
-0.348824	0.126322
-0.346171	0.125129
-0.343519	0.123988
-0.340866	0.122811
-0.338213	0.121653
-0.335561	0.120494
-0.332908	0.119371
-0.330255	0.118212
-0.327603	0.117019
-0.32495	0.11593
-0.322297	0.114824
-0.319645	0.113648
-0.316992	0.112542
-0.31434	0.111471
-0.311687	0.110348
-0.309034	0.109224
-0.306382	0.108136
-0.303729	0.10703
-0.301076	0.105924
-0.298424	0.104818
-0.295771	0.103765
-0.293118	0.102694
-0.290466	0.101606
-0.287813	0.10057
-0.28516	0.0994641
-0.282508	0.098358
-0.279855	0.0973223
-0.277202	0.0963219
-0.27455	0.0952684
-0.271897	0.0942151
-0.269244	0.0931621
-0.266592	0.0921088
-0.263939	0.0910904
-0.261286	0.0900547
-0.258634	0.0890016
-0.255981	0.0879833
-0.253328	0.0870002
-0.250676	0.0859822
-0.248023	0.0849464
-0.245371	0.0839458
-0.242718	0.0829101
-0.240065	0.081892
-0.237413	0.0809439
-0.23476	0.0799785
-0.232107	0.0789603
-0.229455	0.0779071
-0.226802	0.0769065
-0.224149	0.0759584
-0.221497	0.0750106
-0.218844	0.0740275
-0.216191	0.0730444
-0.213539	0.0720614
-0.210886	0.0710959
-0.208233	0.0701304
-0.205581	0.0691298
-0.202928	0.0682345
-0.200275	0.0672866
-0.197623	0.0662333
-0.19497	0.0653205
-0.192317	0.0644076
-0.189665	0.063407
-0.187012	0.0624942
-0.184359	0.0615813
-0.181707	0.0606158
-0.179054	0.0596328
-0.176402	0.0587199
-0.173749	0.0578071
-0.171096	0.0568416
-0.168444	0.0559638
-0.165791	0.0550511
-0.163138	0.054068
-0.160486	0.0531376
-0.157833	0.0522423
-0.15518	0.0513294
-0.152528	0.0503991
-0.149875	0.0495038
-0.147222	0.048626
-0.14457	0.047643
-0.141917	0.0467302
-0.139264	0.0459051
-0.136612	0.0449396
-0.133959	0.0440268
-0.131306	0.0432193
-0.128654	0.0422713
-0.126001	0.0413058
-0.123348	0.0404457
-0.120696	0.0395504
-0.118043	0.0386726
-0.11539	0.0377949
-0.112738	0.0368821
-0.110085	0.0360219
-0.107432	0.0351442
-0.10478	0.0342313
-0.102127	0.0333185
-0.0994745	0.0324408
-0.0968219	0.0315806
-0.0941692	0.030738
-0.0915166	0.0298076
-0.0888639	0.0289123
-0.0862113	0.0280873
-0.0835586	0.0272095
-0.080906	0.0263494
-0.0782533	0.0254716
-0.0756006	0.0245764
-0.072948	0.023646
-0.0702953	0.0228033
-0.0676427	0.0219783
-0.06499	0.0211006
-0.0623374	0.0202228
-0.0596847	0.0193451
-0.0570321	0.0185025
-0.0543794	0.0176423
-0.0517268	0.0167821
-0.0490741	0.0159044
-0.0464214	0.0150267
-0.0437688	0.0141841
-0.0411161	0.0133063
-0.0384635	0.0124462
-0.0358108	0.0116211
-0.0331582	0.0107434
-0.0305055	0.00986565
-0.0278529	0.00898793
-0.0252002	0.00812775
-0.0225476	0.00730269
-0.0198949	0.00644252
-0.0172423	0.00556479
-0.0145896	0.00472217
-0.0119369	0.003862
-0.00928429	0.00298427
-0.00663164	0.00215921
-0.00397898	0.00126393
-0.00132633	0.0003862
0	0
)
