(title "X Velocity vs. Y-Coordinate")
(labels "Y-Coordinate" "X Velocity")

((xy/key/label "line")
-1	0
-0.999499	0.0462935
-0.998922	0.0993987
-0.998259	0.159558
-0.997497	0.224873
-0.99662	0.290387
-0.995612	0.350688
-0.994452	0.403446
-0.993119	0.449171
-0.991585	0.489064
-0.989821	0.524219
-0.987793	0.555667
-0.985461	0.584329
-0.982808	0.610674
-0.980156	0.632462
-0.977503	0.650958
-0.97485	0.667014
-0.972198	0.681191
-0.969545	0.693878
-0.966892	0.705358
-0.96424	0.715838
-0.961587	0.725479
-0.958934	0.734403
-0.956282	0.74271
-0.953629	0.750481
-0.950977	0.757779
-0.948324	0.764659
-0.945671	0.771166
-0.943019	0.77734
-0.940366	0.783211
-0.937713	0.78881
-0.935061	0.794159
-0.932408	0.799281
-0.929755	0.804193
-0.927103	0.808913
-0.92445	0.813455
-0.921797	0.817832
-0.919145	0.822055
-0.916492	0.826135
-0.913839	0.830082
-0.911187	0.833903
-0.908534	0.837607
-0.905881	0.8412
-0.903229	0.84469
-0.900576	0.848081
-0.897923	0.85138
-0.895271	0.85459
-0.892618	0.857717
-0.889966	0.860765
-0.887313	0.863738
-0.88466	0.866639
-0.882008	0.869472
-0.879355	0.87224
-0.876702	0.874945
-0.87405	0.877591
-0.871397	0.88018
-0.868744	0.882714
-0.866092	0.885196
-0.863439	0.887628
-0.860786	0.890011
-0.858134	0.892348
-0.855481	0.89464
-0.852828	0.896888
-0.850176	0.899096
-0.847523	0.901263
-0.84487	0.903392
-0.842218	0.905483
-0.839565	0.907538
-0.836912	0.909558
-0.83426	0.911545
-0.831607	0.913499
-0.828954	0.915421
-0.826302	0.917312
-0.823649	0.919174
-0.820997	0.921007
-0.818344	0.922811
-0.815691	0.924589
-0.813039	0.92634
-0.810386	0.928065
-0.807733	0.929765
-0.805081	0.931441
-0.802428	0.933093
-0.799775	0.934722
-0.797123	0.936329
-0.79447	0.937914
-0.791817	0.939477
-0.789165	0.94102
-0.786512	0.942542
-0.783859	0.944044
-0.781207	0.945527
-0.778554	0.946991
-0.775901	0.948437
-0.773249	0.949865
-0.770596	0.951275
-0.767943	0.952667
-0.765291	0.954043
-0.762638	0.955403
-0.759985	0.956746
-0.757333	0.958073
-0.75468	0.959385
-0.752028	0.960682
-0.749375	0.961964
-0.746722	0.963231
-0.74407	0.964484
-0.741417	0.965724
-0.738764	0.966949
-0.736112	0.968161
-0.733459	0.96936
-0.730806	0.970545
-0.728154	0.971719
-0.725501	0.972879
-0.722848	0.974027
-0.720196	0.975164
-0.717543	0.976288
-0.71489	0.977401
-0.712238	0.978502
-0.709585	0.979593
-0.706932	0.980672
-0.70428	0.98174
-0.701627	0.982798
-0.698974	0.983845
-0.696322	0.984882
-0.693669	0.985908
-0.691016	0.986925
-0.688364	0.987932
-0.685711	0.988929
-0.683059	0.989916
-0.680406	0.990894
-0.677753	0.991863
-0.675101	0.992823
-0.672448	0.993773
-0.669795	0.994715
-0.667143	0.995648
-0.66449	0.996573
-0.661837	0.997489
-0.659185	0.998396
-0.656532	0.999296
-0.653879	1.00019
-0.651227	1.00107
-0.648574	1.00195
-0.645921	1.00281
-0.643269	1.00367
-0.640616	1.00452
-0.637963	1.00537
-0.635311	1.00621
-0.632658	1.00704
-0.630005	1.00786
-0.627353	1.00867
-0.6247	1.00948
-0.622047	1.01028
-0.619395	1.01108
-0.616742	1.01186
-0.614089	1.01265
-0.611437	1.01342
-0.608784	1.01419
-0.606131	1.01495
-0.603479	1.0157
-0.600826	1.01645
-0.598174	1.01719
-0.595521	1.01793
-0.592868	1.01866
-0.590216	1.01938
-0.587563	1.0201
-0.58491	1.02081
-0.582258	1.02151
-0.579605	1.02221
-0.576952	1.02291
-0.5743	1.0236
-0.571647	1.02428
-0.568994	1.02496
-0.566342	1.02563
-0.563689	1.02629
-0.561036	1.02695
-0.558384	1.02761
-0.555731	1.02826
-0.553078	1.0289
-0.550426	1.02954
-0.547773	1.03017
-0.54512	1.0308
-0.542468	1.03143
-0.539815	1.03205
-0.537162	1.03266
-0.53451	1.03327
-0.531857	1.03387
-0.529205	1.03447
-0.526552	1.03506
-0.523899	1.03565
-0.521247	1.03624
-0.518594	1.03682
-0.515941	1.03739
-0.513289	1.03796
-0.510636	1.03853
-0.507983	1.03909
-0.505331	1.03964
-0.502678	1.0402
-0.500025	1.04074
-0.497373	1.04129
-0.49472	1.04183
-0.492067	1.04236
-0.489415	1.04289
-0.486762	1.04342
-0.484109	1.04394
-0.481457	1.04445
-0.478804	1.04497
-0.476151	1.04548
-0.473499	1.04598
-0.470846	1.04648
-0.468193	1.04698
-0.465541	1.04747
-0.462888	1.04796
-0.460236	1.04844
-0.457583	1.04892
-0.45493	1.0494
-0.452278	1.04987
-0.449625	1.05034
-0.446972	1.05081
-0.44432	1.05127
-0.441667	1.05173
-0.439014	1.05218
-0.436362	1.05263
-0.433709	1.05307
-0.431056	1.05352
-0.428404	1.05396
-0.425751	1.05439
-0.423098	1.05482
-0.420446	1.05525
-0.417793	1.05567
-0.41514	1.05609
-0.412488	1.05651
-0.409835	1.05692
-0.407182	1.05733
-0.40453	1.05774
-0.401877	1.05814
-0.399224	1.05854
-0.396572	1.05894
-0.393919	1.05933
-0.391266	1.05972
-0.388614	1.0601
-0.385961	1.06048
-0.383309	1.06086
-0.380656	1.06124
-0.378003	1.06161
-0.375351	1.06198
-0.372698	1.06235
-0.370045	1.06271
-0.367393	1.06307
-0.36474	1.06342
-0.362087	1.06378
-0.359435	1.06412
-0.356782	1.06447
-0.354129	1.06481
-0.351477	1.06515
-0.348824	1.06549
-0.346171	1.06582
-0.343519	1.06615
-0.340866	1.06648
-0.338213	1.06681
-0.335561	1.06713
-0.332908	1.06745
-0.330255	1.06776
-0.327603	1.06807
-0.32495	1.06838
-0.322297	1.06869
-0.319645	1.06899
-0.316992	1.06929
-0.31434	1.06959
-0.311687	1.06988
-0.309034	1.07017
-0.306382	1.07046
-0.303729	1.07075
-0.301076	1.07103
-0.298424	1.07131
-0.295771	1.07158
-0.293118	1.07186
-0.290466	1.07213
-0.287813	1.0724
-0.28516	1.07266
-0.282508	1.07293
-0.279855	1.07319
-0.277202	1.07344
-0.27455	1.0737
-0.271897	1.07395
-0.269244	1.0742
-0.266592	1.07444
-0.263939	1.07468
-0.261286	1.07492
-0.258634	1.07516
-0.255981	1.0754
-0.253328	1.07563
-0.250676	1.07586
-0.248023	1.07609
-0.245371	1.07631
-0.242718	1.07653
-0.240065	1.07675
-0.237413	1.07697
-0.23476	1.07718
-0.232107	1.07739
-0.229455	1.0776
-0.226802	1.0778
-0.224149	1.07801
-0.221497	1.07821
-0.218844	1.0784
-0.216191	1.0786
-0.213539	1.07879
-0.210886	1.07898
-0.208233	1.07917
-0.205581	1.07935
-0.202928	1.07954
-0.200275	1.07971
-0.197623	1.07989
-0.19497	1.08007
-0.192317	1.08024
-0.189665	1.08041
-0.187012	1.08057
-0.184359	1.08074
-0.181707	1.0809
-0.179054	1.08106
-0.176402	1.08122
-0.173749	1.08137
-0.171096	1.08152
-0.168444	1.08167
-0.165791	1.08182
-0.163138	1.08197
-0.160486	1.08211
-0.157833	1.08225
-0.15518	1.08239
-0.152528	1.08252
-0.149875	1.08265
-0.147222	1.08278
-0.14457	1.08291
-0.141917	1.08304
-0.139264	1.08316
-0.136612	1.08328
-0.133959	1.0834
-0.131306	1.08351
-0.128654	1.08363
-0.126001	1.08374
-0.123348	1.08385
-0.120696	1.08395
-0.118043	1.08406
-0.11539	1.08416
-0.112738	1.08426
-0.110085	1.08435
-0.107432	1.08445
-0.10478	1.08454
-0.102127	1.08463
-0.0994745	1.08472
-0.0968219	1.0848
-0.0941692	1.08488
-0.0915166	1.08496
-0.0888639	1.08504
-0.0862113	1.08512
-0.0835586	1.08519
-0.080906	1.08526
-0.0782533	1.08533
-0.0756006	1.0854
-0.072948	1.08546
-0.0702953	1.08552
-0.0676427	1.08558
-0.06499	1.08564
-0.0623374	1.08569
-0.0596847	1.08575
-0.0570321	1.0858
-0.0543794	1.08584
-0.0517268	1.08589
-0.0490741	1.08593
-0.0464214	1.08597
-0.0437688	1.08601
-0.0411161	1.08605
-0.0384635	1.08608
-0.0358108	1.08612
-0.0331582	1.08615
-0.0305055	1.08617
-0.0278529	1.0862
-0.0252002	1.08622
-0.0225476	1.08624
-0.0198949	1.08626
-0.0172423	1.08628
-0.0145896	1.08629
-0.0119369	1.0863
-0.00928429	1.08631
-0.00663164	1.08632
-0.00397898	1.08632
-0.00132633	1.08632
0	1.08632
)
