(title "Static Pressure vs. Y-Coordinate")
(labels "Y-Coordinate" "Static Pressure")

((xy/key/label "line")
-1	-7.55664e-10
-0.999499	-7.55438e-10
-0.998922	-7.55207e-10
-0.998259	-7.55509e-10
-0.997497	-7.55348e-10
-0.99662	-7.55904e-10
-0.995612	-7.5671e-10
-0.994452	-7.56533e-10
-0.993119	-7.58414e-10
-0.991585	-7.62228e-10
-0.989821	-7.63138e-10
-0.987793	-7.62263e-10
-0.985461	-7.66473e-10
-0.982808	-7.96261e-10
-0.980156	-8.44377e-10
-0.977503	-8.66244e-10
-0.97485	-8.35479e-10
-0.972198	-7.98735e-10
-0.969545	-8.29121e-10
-0.966892	-8.5865e-10
-0.96424	-8.09031e-10
-0.961587	-7.49974e-10
-0.958934	-7.4975e-10
-0.956282	-7.99192e-10
-0.953629	-8.15666e-10
-0.950977	-7.89492e-10
-0.948324	-7.81176e-10
-0.945671	-7.2846e-10
-0.943019	-6.34104e-10
-0.940366	-5.79775e-10
-0.937713	-5.43146e-10
-0.935061	-5.35882e-10
-0.932408	-6.22426e-10
-0.929755	-7.1834e-10
-0.927103	-6.89873e-10
-0.92445	-6.37466e-10
-0.921797	-6.95825e-10
-0.919145	-7.88393e-10
-0.916492	-8.70926e-10
-0.913839	-9.48706e-10
-0.911187	-9.38491e-10
-0.908534	-8.24132e-10
-0.905881	-6.80525e-10
-0.903229	-5.39416e-10
-0.900576	-4.28798e-10
-0.897923	-3.63048e-10
-0.895271	-2.97963e-10
-0.892618	-2.26767e-10
-0.889966	-1.99341e-10
-0.887313	-2.22628e-10
-0.88466	-2.8372e-10
-0.882008	-3.77777e-10
-0.879355	-4.59293e-10
-0.876702	-4.7828e-10
-0.87405	-4.20194e-10
-0.871397	-3.02741e-10
-0.868744	-1.82616e-10
-0.866092	-5.72376e-11
-0.863439	7.7754e-11
-0.860786	1.48727e-10
-0.858134	1.67178e-10
-0.855481	1.82404e-10
-0.852828	2.38366e-10
-0.850176	3.05298e-10
-0.847523	3.07296e-10
-0.84487	2.51219e-10
-0.842218	1.29778e-10
-0.839565	-5.7471e-11
-0.836912	-2.67446e-10
-0.83426	-3.83012e-10
-0.831607	-4.29758e-10
-0.828954	-5.81141e-10
-0.826302	-7.11272e-10
-0.823649	-6.76115e-10
-0.820997	-5.73402e-10
-0.818344	-4.71082e-10
-0.815691	-4.43428e-10
-0.813039	-5.17015e-10
-0.810386	-6.46888e-10
-0.807733	-7.7509e-10
-0.805081	-8.06349e-10
-0.802428	-7.64224e-10
-0.799775	-7.46036e-10
-0.797123	-8.56118e-10
-0.79447	-1.09239e-09
-0.791817	-1.30607e-09
-0.789165	-1.43927e-09
-0.786512	-1.4503e-09
-0.783859	-1.31869e-09
-0.781207	-1.14847e-09
-0.778554	-1.04446e-09
-0.775901	-1.07539e-09
-0.773249	-1.27473e-09
-0.770596	-1.59344e-09
-0.767943	-1.91351e-09
-0.765291	-2.13228e-09
-0.762638	-2.19311e-09
-0.759985	-2.11074e-09
-0.757333	-1.91852e-09
-0.75468	-1.69003e-09
-0.752028	-1.53249e-09
-0.749375	-1.45159e-09
-0.746722	-1.41129e-09
-0.74407	-1.43396e-09
-0.741417	-1.42265e-09
-0.738764	-1.20648e-09
-0.736112	-8.41592e-10
-0.733459	-4.96724e-10
-0.730806	-2.19096e-10
-0.728154	-6.73568e-11
-0.725501	-6.07552e-11
-0.722848	-1.25483e-11
-0.720196	1.47292e-10
-0.717543	3.26422e-10
-0.71489	5.04022e-10
-0.712238	6.91281e-10
-0.709585	9.14737e-10
-0.706932	1.14414e-09
-0.70428	1.31253e-09
-0.701627	1.41527e-09
-0.698974	1.41814e-09
-0.696322	1.2935e-09
-0.693669	1.06022e-09
-0.691016	8.03815e-10
-0.688364	6.77053e-10
-0.685711	7.05189e-10
-0.683059	7.51851e-10
-0.680406	7.1285e-10
-0.677753	5.2452e-10
-0.675101	1.30813e-10
-0.672448	-3.17488e-10
-0.669795	-5.70624e-10
-0.667143	-6.65057e-10
-0.66449	-7.00271e-10
-0.661837	-6.45627e-10
-0.659185	-5.38313e-10
-0.656532	-4.53608e-10
-0.653879	-3.74055e-10
-0.651227	-3.13588e-10
-0.648574	-3.4623e-10
-0.645921	-4.0027e-10
-0.643269	-4.14135e-10
-0.640616	-4.78263e-10
-0.637963	-5.72245e-10
-0.635311	-6.85962e-10
-0.632658	-8.36396e-10
-0.630005	-9.38506e-10
-0.627353	-9.91962e-10
-0.6247	-1.0197e-09
-0.622047	-9.92072e-10
-0.619395	-1.00094e-09
-0.616742	-1.16904e-09
-0.614089	-1.4318e-09
-0.611437	-1.72982e-09
-0.608784	-2.0161e-09
-0.606131	-2.22777e-09
-0.603479	-2.31933e-09
-0.600826	-2.30324e-09
-0.598174	-2.35619e-09
-0.595521	-2.48897e-09
-0.592868	-2.49536e-09
-0.590216	-2.32207e-09
-0.587563	-2.15681e-09
-0.58491	-2.05963e-09
-0.582258	-1.90632e-09
-0.579605	-1.62978e-09
-0.576952	-1.3053e-09
-0.5743	-1.09345e-09
-0.571647	-9.89026e-10
-0.568994	-9.97311e-10
-0.566342	-1.06912e-09
-0.563689	-9.90043e-10
-0.561036	-7.62808e-10
-0.558384	-5.7145e-10
-0.555731	-5.1416e-10
-0.553078	-5.80038e-10
-0.550426	-6.43382e-10
-0.547773	-6.62351e-10
-0.54512	-7.63155e-10
-0.542468	-9.00828e-10
-0.539815	-9.64144e-10
-0.537162	-9.7645e-10
-0.53451	-9.24234e-10
-0.531857	-8.52817e-10
-0.529205	-8.5188e-10
-0.526552	-8.12277e-10
-0.523899	-7.03073e-10
-0.521247	-5.97325e-10
-0.518594	-3.95919e-10
-0.515941	-1.55313e-10
-0.513289	3.6653e-12
-0.510636	6.98421e-11
-0.507983	1.35122e-10
-0.505331	2.08648e-10
-0.502678	7.29398e-11
-0.500025	-3.1651e-10
-0.497373	-7.49001e-10
-0.49472	-1.07581e-09
-0.492067	-1.32449e-09
-0.489415	-1.44268e-09
-0.486762	-1.35799e-09
-0.484109	-1.11373e-09
-0.481457	-8.50319e-10
-0.478804	-6.29759e-10
-0.476151	-4.28462e-10
-0.473499	-2.76286e-10
-0.470846	-2.07229e-10
-0.468193	-1.72826e-10
-0.465541	-1.96238e-10
-0.462888	-3.4464e-10
-0.460236	-5.09766e-10
-0.457583	-5.88486e-10
-0.45493	-6.44128e-10
-0.452278	-7.09145e-10
-0.449625	-7.5052e-10
-0.446972	-8.27239e-10
-0.44432	-9.23044e-10
-0.441667	-9.87183e-10
-0.439014	-9.82282e-10
-0.436362	-8.20929e-10
-0.433709	-6.49311e-10
-0.431056	-5.93424e-10
-0.428404	-5.12135e-10
-0.425751	-4.66253e-10
-0.423098	-5.75976e-10
-0.420446	-8.60261e-10
-0.417793	-1.29149e-09
-0.41514	-1.70571e-09
-0.412488	-2.03395e-09
-0.409835	-2.24132e-09
-0.407182	-2.22758e-09
-0.40453	-2.07329e-09
-0.401877	-1.88732e-09
-0.399224	-1.65108e-09
-0.396572	-1.39431e-09
-0.393919	-1.1993e-09
-0.391266	-1.14344e-09
-0.388614	-1.1436e-09
-0.385961	-1.01347e-09
-0.383309	-6.70785e-10
-0.380656	-3.19857e-10
-0.378003	-2.89887e-10
-0.375351	-4.96195e-10
-0.372698	-6.19551e-10
-0.370045	-4.60329e-10
-0.367393	-2.11059e-10
-0.36474	-2.06005e-10
-0.362087	-3.19292e-10
-0.359435	-4.14387e-10
-0.356782	-4.2552e-10
-0.354129	-3.41203e-10
-0.351477	-4.01803e-10
-0.348824	-5.97967e-10
-0.346171	-8.18578e-10
-0.343519	-1.05166e-09
-0.340866	-1.21005e-09
-0.338213	-1.33977e-09
-0.335561	-1.4487e-09
-0.332908	-1.45196e-09
-0.330255	-1.33571e-09
-0.327603	-1.19083e-09
-0.32495	-1.20537e-09
-0.322297	-1.31971e-09
-0.319645	-1.31635e-09
-0.316992	-1.07795e-09
-0.31434	-8.33726e-10
-0.311687	-8.57165e-10
-0.309034	-9.22183e-10
-0.306382	-7.72614e-10
-0.303729	-3.79484e-10
-0.301076	4.37877e-11
-0.298424	3.26662e-10
-0.295771	5.30871e-10
-0.293118	6.41494e-10
-0.290466	7.14083e-10
-0.287813	6.58778e-10
-0.28516	2.81261e-10
-0.282508	-2.21057e-10
-0.279855	-6.74203e-10
-0.277202	-1.08242e-09
-0.27455	-1.29534e-09
-0.271897	-1.28177e-09
-0.269244	-1.14135e-09
-0.266592	-1.01195e-09
-0.263939	-1.01981e-09
-0.261286	-1.16519e-09
-0.258634	-1.3534e-09
-0.255981	-1.5566e-09
-0.253328	-1.79936e-09
-0.250676	-1.87953e-09
-0.248023	-1.61648e-09
-0.245371	-1.12106e-09
-0.242718	-6.21958e-10
-0.240065	-3.20884e-10
-0.237413	-1.92465e-10
-0.23476	-1.32731e-10
-0.232107	-1.36876e-10
-0.229455	-1.71177e-10
-0.226802	-2.39958e-10
-0.224149	-3.03719e-10
-0.221497	-3.60075e-10
-0.218844	-4.06431e-10
-0.216191	-3.97537e-10
-0.213539	-4.29927e-10
-0.210886	-4.4179e-10
-0.208233	-3.81453e-10
-0.205581	-4.6439e-10
-0.202928	-6.93417e-10
-0.200275	-8.24473e-10
-0.197623	-6.82338e-10
-0.19497	-5.40114e-10
-0.192317	-7.05643e-10
-0.189665	-1.03772e-09
-0.187012	-1.33171e-09
-0.184359	-1.56793e-09
-0.181707	-1.74008e-09
-0.179054	-1.88414e-09
-0.176402	-2.08334e-09
-0.173749	-2.18999e-09
-0.171096	-2.19878e-09
-0.168444	-2.28298e-09
-0.165791	-2.48537e-09
-0.163138	-2.64448e-09
-0.160486	-2.63244e-09
-0.157833	-2.43687e-09
-0.15518	-2.15709e-09
-0.152528	-1.9617e-09
-0.149875	-1.78521e-09
-0.147222	-1.6639e-09
-0.14457	-1.64014e-09
-0.141917	-1.62991e-09
-0.139264	-1.59325e-09
-0.136612	-1.46778e-09
-0.133959	-1.37577e-09
-0.131306	-1.33115e-09
-0.128654	-1.32876e-09
-0.126001	-1.38046e-09
-0.123348	-1.39487e-09
-0.120696	-1.39426e-09
-0.118043	-1.38772e-09
-0.11539	-1.33931e-09
-0.112738	-1.25274e-09
-0.110085	-1.20564e-09
-0.107432	-1.19385e-09
-0.10478	-1.11705e-09
-0.102127	-1.12915e-09
-0.0994745	-1.31613e-09
-0.0968219	-1.53067e-09
-0.0941692	-1.59887e-09
-0.0915166	-1.3371e-09
-0.0888639	-1.04369e-09
-0.0862113	-1.09179e-09
-0.0835586	-1.47167e-09
-0.080906	-1.99462e-09
-0.0782533	-2.53447e-09
-0.0756006	-2.99505e-09
-0.072948	-3.32311e-09
-0.0702953	-3.40983e-09
-0.0676427	-3.11297e-09
-0.06499	-2.61562e-09
-0.0623374	-2.10233e-09
-0.0596847	-1.61623e-09
-0.0570321	-1.1449e-09
-0.0543794	-7.79681e-10
-0.0517268	-5.43367e-10
-0.0490741	-4.75221e-10
-0.0464214	-6.82746e-10
-0.0437688	-1.06466e-09
-0.0411161	-1.35678e-09
-0.0384635	-1.24594e-09
-0.0358108	-9.01132e-10
-0.0331582	-7.49603e-10
-0.0305055	-7.1585e-10
-0.0278529	-5.73503e-10
-0.0252002	-4.12811e-10
-0.0225476	-3.92982e-10
-0.0198949	-4.83584e-10
-0.0172423	-4.11496e-10
-0.0145896	-1.74018e-10
-0.0119369	2.18582e-11
-0.00928429	8.00392e-11
-0.00663164	1.57296e-11
-0.00397898	1.71084e-11
-0.00132633	3.07472e-11
0	3.21549e-12
)
