(title "Wall Yplus vs. Y-Coordinate")
(labels "Y-Coordinate" "Wall Yplus")

((xy/key/label "line")
-1	0.502317
-0.999499	0
-0.998922	0
-0.998259	0
-0.997497	0
-0.99662	0
-0.995612	0
-0.994452	0
-0.993119	0
-0.991585	0
-0.989821	0
-0.987793	0
-0.985461	0
-0.982808	0
-0.980156	0
-0.977503	0
-0.97485	0
-0.972198	0
-0.969545	0
-0.966892	0
-0.96424	0
-0.961587	0
-0.958934	0
-0.956282	0
-0.953629	0
-0.950977	0
-0.948324	0
-0.945671	0
-0.943019	0
-0.940366	0
-0.937713	0
-0.935061	0
-0.932408	0
-0.929755	0
-0.927103	0
-0.92445	0
-0.921797	0
-0.919145	0
-0.916492	0
-0.913839	0
-0.911187	0
-0.908534	0
-0.905881	0
-0.903229	0
-0.900576	0
-0.897923	0
-0.895271	0
-0.892618	0
-0.889966	0
-0.887313	0
-0.88466	0
-0.882008	0
-0.879355	0
-0.876702	0
-0.87405	0
-0.871397	0
-0.868744	0
-0.866092	0
-0.863439	0
-0.860786	0
-0.858134	0
-0.855481	0
-0.852828	0
-0.850176	0
-0.847523	0
-0.84487	0
-0.842218	0
-0.839565	0
-0.836912	0
-0.83426	0
-0.831607	0
-0.828954	0
-0.826302	0
-0.823649	0
-0.820997	0
-0.818344	0
-0.815691	0
-0.813039	0
-0.810386	0
-0.807733	0
-0.805081	0
-0.802428	0
-0.799775	0
-0.797123	0
-0.79447	0
-0.791817	0
-0.789165	0
-0.786512	0
-0.783859	0
-0.781207	0
-0.778554	0
-0.775901	0
-0.773249	0
-0.770596	0
-0.767943	0
-0.765291	0
-0.762638	0
-0.759985	0
-0.757333	0
-0.75468	0
-0.752028	0
-0.749375	0
-0.746722	0
-0.74407	0
-0.741417	0
-0.738764	0
-0.736112	0
-0.733459	0
-0.730806	0
-0.728154	0
-0.725501	0
-0.722848	0
-0.720196	0
-0.717543	0
-0.71489	0
-0.712238	0
-0.709585	0
-0.706932	0
-0.70428	0
-0.701627	0
-0.698974	0
-0.696322	0
-0.693669	0
-0.691016	0
-0.688364	0
-0.685711	0
-0.683059	0
-0.680406	0
-0.677753	0
-0.675101	0
-0.672448	0
-0.669795	0
-0.667143	0
-0.66449	0
-0.661837	0
-0.659185	0
-0.656532	0
-0.653879	0
-0.651227	0
-0.648574	0
-0.645921	0
-0.643269	0
-0.640616	0
-0.637963	0
-0.635311	0
-0.632658	0
-0.630005	0
-0.627353	0
-0.6247	0
-0.622047	0
-0.619395	0
-0.616742	0
-0.614089	0
-0.611437	0
-0.608784	0
-0.606131	0
-0.603479	0
-0.600826	0
-0.598174	0
-0.595521	0
-0.592868	0
-0.590216	0
-0.587563	0
-0.58491	0
-0.582258	0
-0.579605	0
-0.576952	0
-0.5743	0
-0.571647	0
-0.568994	0
-0.566342	0
-0.563689	0
-0.561036	0
-0.558384	0
-0.555731	0
-0.553078	0
-0.550426	0
-0.547773	0
-0.54512	0
-0.542468	0
-0.539815	0
-0.537162	0
-0.53451	0
-0.531857	0
-0.529205	0
-0.526552	0
-0.523899	0
-0.521247	0
-0.518594	0
-0.515941	0
-0.513289	0
-0.510636	0
-0.507983	0
-0.505331	0
-0.502678	0
-0.500025	0
-0.497373	0
-0.49472	0
-0.492067	0
-0.489415	0
-0.486762	0
-0.484109	0
-0.481457	0
-0.478804	0
-0.476151	0
-0.473499	0
-0.470846	0
-0.468193	0
-0.465541	0
-0.462888	0
-0.460236	0
-0.457583	0
-0.45493	0
-0.452278	0
-0.449625	0
-0.446972	0
-0.44432	0
-0.441667	0
-0.439014	0
-0.436362	0
-0.433709	0
-0.431056	0
-0.428404	0
-0.425751	0
-0.423098	0
-0.420446	0
-0.417793	0
-0.41514	0
-0.412488	0
-0.409835	0
-0.407182	0
-0.40453	0
-0.401877	0
-0.399224	0
-0.396572	0
-0.393919	0
-0.391266	0
-0.388614	0
-0.385961	0
-0.383309	0
-0.380656	0
-0.378003	0
-0.375351	0
-0.372698	0
-0.370045	0
-0.367393	0
-0.36474	0
-0.362087	0
-0.359435	0
-0.356782	0
-0.354129	0
-0.351477	0
-0.348824	0
-0.346171	0
-0.343519	0
-0.340866	0
-0.338213	0
-0.335561	0
-0.332908	0
-0.330255	0
-0.327603	0
-0.32495	0
-0.322297	0
-0.319645	0
-0.316992	0
-0.31434	0
-0.311687	0
-0.309034	0
-0.306382	0
-0.303729	0
-0.301076	0
-0.298424	0
-0.295771	0
-0.293118	0
-0.290466	0
-0.287813	0
-0.28516	0
-0.282508	0
-0.279855	0
-0.277202	0
-0.27455	0
-0.271897	0
-0.269244	0
-0.266592	0
-0.263939	0
-0.261286	0
-0.258634	0
-0.255981	0
-0.253328	0
-0.250676	0
-0.248023	0
-0.245371	0
-0.242718	0
-0.240065	0
-0.237413	0
-0.23476	0
-0.232107	0
-0.229455	0
-0.226802	0
-0.224149	0
-0.221497	0
-0.218844	0
-0.216191	0
-0.213539	0
-0.210886	0
-0.208233	0
-0.205581	0
-0.202928	0
-0.200275	0
-0.197623	0
-0.19497	0
-0.192317	0
-0.189665	0
-0.187012	0
-0.184359	0
-0.181707	0
-0.179054	0
-0.176402	0
-0.173749	0
-0.171096	0
-0.168444	0
-0.165791	0
-0.163138	0
-0.160486	0
-0.157833	0
-0.15518	0
-0.152528	0
-0.149875	0
-0.147222	0
-0.14457	0
-0.141917	0
-0.139264	0
-0.136612	0
-0.133959	0
-0.131306	0
-0.128654	0
-0.126001	0
-0.123348	0
-0.120696	0
-0.118043	0
-0.11539	0
-0.112738	0
-0.110085	0
-0.107432	0
-0.10478	0
-0.102127	0
-0.0994745	0
-0.0968219	0
-0.0941692	0
-0.0915166	0
-0.0888639	0
-0.0862113	0
-0.0835586	0
-0.080906	0
-0.0782533	0
-0.0756006	0
-0.072948	0
-0.0702953	0
-0.0676427	0
-0.06499	0
-0.0623374	0
-0.0596847	0
-0.0570321	0
-0.0543794	0
-0.0517268	0
-0.0490741	0
-0.0464214	0
-0.0437688	0
-0.0411161	0
-0.0384635	0
-0.0358108	0
-0.0331582	0
-0.0305055	0
-0.0278529	0
-0.0252002	0
-0.0225476	0
-0.0198949	0
-0.0172423	0
-0.0145896	0
-0.0119369	0
-0.00928429	0
-0.00663164	0
-0.00397898	0
-0.00132633	0
0	0
)
