(title "Static Pressure vs. Y-Coordinate")
(labels "Y-Coordinate" "Static Pressure")

((xy/key/label "line")
-1	-6.37808e-12
-0.999807	-6.4453e-12
-0.999585	-6.60943e-12
-0.99933	-6.86394e-12
-0.999037	-6.96342e-12
-0.9987	-6.38775e-12
-0.998312	-5.02642e-12
-0.997866	-3.8583e-12
-0.997353	-4.74275e-12
-0.996763	-6.8616e-12
-0.996085	-6.55769e-12
-0.995305	-6.92746e-12
-0.994408	-9.47713e-12
-0.993376	-1.04191e-11
-0.992189	-7.19142e-12
-0.990873	-2.0815e-12
-0.989556	2.421e-12
-0.988239	8.9357e-12
-0.986922	1.43829e-11
-0.985606	1.81023e-11
-0.984289	1.38422e-11
-0.982972	-2.51839e-12
-0.981655	-1.62707e-11
-0.980338	-1.82553e-11
-0.979022	-1.1501e-11
-0.977705	-3.85072e-12
-0.976388	-8.6208e-12
-0.975071	-1.83983e-11
-0.973755	-2.40672e-11
-0.972438	-3.07032e-11
-0.971121	-2.70406e-11
-0.969804	-2.07496e-11
-0.968488	-2.40709e-11
-0.967171	-2.79015e-11
-0.965854	-3.22825e-11
-0.964537	-3.02026e-11
-0.96322	-2.66461e-11
-0.961904	-2.89916e-11
-0.960587	-3.14546e-11
-0.95927	-3.37941e-11
-0.957953	-3.19986e-11
-0.956637	-2.95163e-11
-0.95532	-3.07398e-11
-0.954003	-3.19204e-11
-0.952686	-3.27531e-11
-0.951369	-3.0751e-11
-0.950053	-2.89402e-11
-0.948736	-2.99329e-11
-0.947419	-3.04555e-11
-0.946102	-3.04405e-11
-0.944786	-2.8433e-11
-0.943469	-2.68517e-11
-0.942152	-2.73947e-11
-0.940835	-2.7543e-11
-0.939518	-2.7185e-11
-0.938202	-2.54797e-11
-0.936885	-2.45227e-11
-0.935568	-2.52897e-11
-0.934251	-2.56273e-11
-0.932935	-2.53429e-11
-0.931618	-2.39696e-11
-0.930301	-2.31961e-11
-0.928984	-2.35272e-11
-0.927667	-2.33257e-11
-0.926351	-2.26098e-11
-0.925034	-2.14844e-11
-0.923717	-2.12854e-11
-0.9224	-2.19571e-11
-0.921084	-2.20744e-11
-0.919767	-2.13947e-11
-0.91845	-2.01917e-11
-0.917133	-1.99552e-11
-0.915817	-2.05242e-11
-0.9145	-2.05744e-11
-0.913183	-1.99657e-11
-0.911866	-1.90052e-11
-0.910549	-1.89467e-11
-0.909233	-1.95245e-11
-0.907916	-1.94579e-11
-0.906599	-1.85282e-11
-0.905282	-1.73164e-11
-0.903966	-1.73277e-11
-0.902649	-1.80458e-11
-0.901332	-1.79967e-11
-0.900015	-1.71591e-11
-0.898698	-1.61476e-11
-0.897382	-1.62094e-11
-0.896065	-1.69832e-11
-0.894748	-1.70916e-11
-0.893431	-1.62189e-11
-0.892115	-1.53018e-11
-0.890798	-1.57945e-11
-0.889481	-1.6906e-11
-0.888164	-1.73357e-11
-0.886847	-1.7007e-11
-0.885531	-1.65465e-11
-0.884214	-1.71778e-11
-0.882897	-1.81863e-11
-0.88158	-1.82272e-11
-0.880264	-1.73182e-11
-0.878947	-1.62486e-11
-0.87763	-1.63655e-11
-0.876313	-1.71395e-11
-0.874997	-1.71576e-11
-0.87368	-1.63143e-11
-0.872363	-1.56321e-11
-0.871046	-1.62109e-11
-0.869729	-1.70943e-11
-0.868413	-1.70232e-11
-0.867096	-1.60569e-11
-0.865779	-1.52205e-11
-0.864462	-1.55226e-11
-0.863146	-1.61978e-11
-0.861829	-1.61219e-11
-0.860512	-1.52712e-11
-0.859195	-1.46277e-11
-0.857878	-1.50911e-11
-0.856562	-1.5864e-11
-0.855245	-1.59075e-11
-0.853928	-1.52157e-11
-0.852611	-1.46422e-11
-0.851295	-1.51225e-11
-0.849978	-1.59072e-11
-0.848661	-1.58542e-11
-0.847344	-1.50149e-11
-0.846027	-1.4381e-11
-0.844711	-1.46447e-11
-0.843394	-1.50475e-11
-0.842077	-1.47473e-11
-0.84076	-1.37481e-11
-0.839444	-1.32165e-11
-0.838127	-1.40485e-11
-0.83681	-1.50353e-11
-0.835493	-1.50243e-11
-0.834177	-1.41441e-11
-0.83286	-1.35913e-11
-0.831543	-1.42965e-11
-0.830226	-1.52186e-11
-0.828909	-1.53195e-11
-0.827593	-1.46728e-11
-0.826276	-1.43385e-11
-0.824959	-1.52325e-11
-0.823642	-1.62719e-11
-0.822326	-1.62989e-11
-0.821009	-1.55119e-11
-0.819692	-1.49161e-11
-0.818375	-1.53893e-11
-0.817058	-1.61865e-11
-0.815742	-1.62681e-11
-0.814425	-1.5653e-11
-0.813108	-1.53232e-11
-0.811791	-1.61271e-11
-0.810475	-1.71033e-11
-0.809158	-1.72213e-11
-0.807841	-1.65947e-11
-0.806524	-1.61238e-11
-0.805207	-1.66527e-11
-0.803891	-1.74349e-11
-0.802574	-1.7506e-11
-0.801257	-1.69115e-11
-0.79994	-1.66049e-11
-0.798624	-1.72281e-11
-0.797307	-1.78231e-11
-0.79599	-1.75484e-11
-0.794673	-1.64668e-11
-0.793357	-1.5625e-11
-0.79204	-1.58693e-11
-0.790723	-1.62992e-11
-0.789406	-1.6015e-11
-0.788089	-1.50535e-11
-0.786773	-1.44057e-11
-0.785456	-1.49271e-11
-0.784139	-1.57236e-11
-0.782822	-1.57848e-11
-0.781506	-1.51135e-11
-0.780189	-1.45472e-11
-0.778872	-1.4814e-11
-0.777555	-1.52408e-11
-0.776238	-1.51048e-11
-0.774922	-1.43306e-11
-0.773605	-1.37171e-11
-0.772288	-1.40234e-11
-0.770971	-1.4497e-11
-0.769655	-1.4398e-11
-0.768338	-1.36667e-11
-0.767021	-1.32303e-11
-0.765704	-1.3833e-11
-0.764387	-1.44882e-11
-0.763071	-1.44478e-11
-0.761754	-1.38486e-11
-0.760437	-1.34255e-11
-0.75912	-1.37889e-11
-0.757804	-1.42466e-11
-0.756487	-1.39854e-11
-0.75517	-1.30214e-11
-0.753853	-1.24057e-11
-0.752537	-1.27933e-11
-0.75122	-1.33034e-11
-0.749903	-1.32368e-11
-0.748586	-1.25914e-11
-0.747269	-1.20963e-11
-0.745953	-1.24634e-11
-0.744636	-1.29967e-11
-0.743319	-1.29418e-11
-0.742002	-1.2297e-11
-0.740686	-1.18394e-11
-0.739369	-1.2256e-11
-0.738052	-1.27776e-11
-0.736735	-1.26993e-11
-0.735418	-1.20664e-11
-0.734102	-1.15731e-11
-0.732785	-1.19322e-11
-0.731468	-1.24614e-11
-0.730151	-1.24114e-11
-0.728835	-1.18434e-11
-0.727518	-1.14404e-11
-0.726201	-1.18947e-11
-0.724884	-1.25433e-11
-0.723567	-1.25349e-11
-0.722251	-1.18445e-11
-0.720934	-1.13493e-11
-0.719617	-1.17493e-11
-0.7183	-1.22692e-11
-0.716984	-1.22129e-11
-0.715667	-1.16172e-11
-0.71435	-1.12149e-11
-0.713033	-1.16895e-11
-0.711717	-1.23409e-11
-0.7104	-1.23744e-11
-0.709083	-1.17684e-11
-0.707766	-1.13616e-11
-0.706449	-1.17895e-11
-0.705133	-1.22956e-11
-0.703816	-1.22269e-11
-0.702499	-1.1578e-11
-0.701182	-1.11698e-11
-0.699866	-1.16313e-11
-0.698549	-1.21572e-11
-0.697232	-1.20999e-11
-0.695915	-1.14928e-11
-0.694598	-1.10941e-11
-0.693282	-1.15159e-11
-0.691965	-1.20252e-11
-0.690648	-1.19495e-11
-0.689331	-1.12318e-11
-0.688015	-1.08692e-11
-0.686698	-1.15795e-11
-0.685381	-1.22728e-11
-0.684064	-1.22302e-11
-0.682747	-1.15176e-11
-0.681431	-1.09506e-11
-0.680114	-1.13032e-11
-0.678797	-1.18114e-11
-0.67748	-1.17358e-11
-0.676164	-1.10281e-11
-0.674847	-1.04632e-11
-0.67353	-1.08111e-11
-0.672213	-1.13291e-11
-0.670897	-1.1283e-11
-0.66958	-1.07542e-11
-0.668263	-1.0488e-11
-0.666946	-1.09869e-11
-0.665629	-1.15112e-11
-0.664313	-1.14465e-11
-0.662996	-1.08091e-11
-0.661679	-1.03974e-11
-0.660362	-1.08553e-11
-0.659046	-1.13969e-11
-0.657729	-1.13475e-11
-0.656412	-1.07412e-11
-0.655095	-1.03266e-11
-0.653778	-1.08481e-11
-0.652462	-1.15648e-11
-0.651145	-1.16287e-11
-0.649828	-1.11104e-11
-0.648511	-1.08474e-11
-0.647195	-1.13561e-11
-0.645878	-1.18686e-11
-0.644561	-1.17944e-11
-0.643244	-1.11043e-11
-0.641927	-1.05019e-11
-0.640611	-1.07996e-11
-0.639294	-1.13008e-11
-0.637977	-1.12197e-11
-0.63666	-1.06016e-11
-0.635344	-1.01747e-11
-0.634027	-1.06703e-11
-0.63271	-1.13217e-11
-0.631393	-1.12767e-11
-0.630077	-1.06019e-11
-0.62876	-1.01469e-11
-0.627443	-1.06069e-11
-0.626126	-1.11731e-11
-0.624809	-1.11045e-11
-0.623493	-1.0395e-11
-0.622176	-9.8171e-12
-0.620859	-1.01614e-11
-0.619542	-1.06754e-11
-0.618226	-1.06244e-11
-0.616909	-1.0095e-11
-0.615592	-9.79229e-12
-0.614275	-1.03064e-11
-0.612958	-1.08778e-11
-0.611642	-1.08397e-11
-0.610325	-1.03258e-11
-0.609008	-1.00647e-11
-0.607691	-1.05887e-11
-0.606375	-1.11286e-11
-0.605058	-1.10379e-11
-0.603741	-1.03191e-11
-0.602424	-9.75746e-12
-0.601107	-1.01146e-11
-0.599791	-1.06322e-11
-0.598474	-1.05579e-11
-0.597157	-9.8712e-12
-0.59584	-9.31076e-12
-0.594524	-9.65047e-12
-0.593207	-1.01727e-11
-0.59189	-1.01028e-11
-0.590573	-9.4505e-12
-0.589257	-8.99431e-12
-0.58794	-9.45097e-12
-0.586623	-1.00269e-11
-0.585306	-9.97903e-12
-0.583989	-9.35815e-12
-0.582673	-8.88965e-12
-0.581356	-9.26983e-12
-0.580039	-9.78353e-12
-0.578722	-9.71504e-12
-0.577406	-9.09843e-12
-0.576089	-8.61024e-12
-0.574772	-8.98663e-12
-0.573455	-9.52721e-12
-0.572138	-9.44993e-12
-0.570822	-8.76607e-12
-0.569505	-8.17375e-12
-0.568188	-8.47629e-12
-0.566871	-8.99816e-12
-0.565555	-8.94747e-12
-0.564238	-8.35973e-12
-0.562921	-7.92075e-12
-0.561604	-8.31373e-12
-0.560287	-8.85271e-12
-0.558971	-8.80921e-12
-0.557654	-8.21747e-12
-0.556337	-7.79364e-12
-0.55502	-8.22867e-12
-0.553704	-8.80732e-12
-0.552387	-8.88468e-12
-0.55107	-8.58006e-12
-0.549753	-8.39678e-12
-0.548437	-8.88994e-12
-0.54712	-9.47647e-12
-0.545803	-9.54855e-12
-0.544486	-9.2154e-12
-0.543169	-9.00111e-12
-0.541853	-9.44536e-12
-0.540536	-9.95179e-12
-0.539219	-9.87118e-12
-0.537902	-9.25728e-12
-0.536586	-8.80351e-12
-0.535269	-9.1905e-12
-0.533952	-9.70986e-12
-0.532635	-9.58848e-12
-0.531318	-8.93545e-12
-0.530002	-8.54865e-12
-0.528685	-8.98615e-12
-0.527368	-9.49733e-12
-0.526051	-9.4347e-12
-0.524735	-8.82853e-12
-0.523418	-8.37635e-12
-0.522101	-8.78095e-12
-0.520784	-9.30844e-12
-0.519467	-9.21849e-12
-0.518151	-8.58464e-12
-0.516834	-8.09563e-12
-0.515517	-8.47603e-12
-0.5142	-9.02366e-12
-0.512884	-8.9665e-12
-0.511567	-8.37964e-12
-0.51025	-7.92949e-12
-0.508933	-8.30071e-12
-0.507617	-8.83397e-12
-0.5063	-8.79803e-12
-0.504983	-8.2334e-12
-0.503666	-7.78406e-12
-0.502349	-8.06744e-12
-0.501033	-8.41919e-12
-0.499716	-8.25338e-12
-0.498399	-7.6405e-12
-0.497082	-7.16663e-12
-0.495766	-7.45249e-12
-0.494449	-7.82329e-12
-0.493132	-7.65837e-12
-0.491815	-7.04375e-12
-0.490498	-6.60256e-12
-0.489182	-7.01579e-12
-0.487865	-7.57479e-12
-0.486548	-7.5223e-12
-0.485231	-6.92441e-12
-0.483915	-6.47716e-12
-0.482598	-6.76981e-12
-0.481281	-7.11045e-12
-0.479964	-6.92991e-12
-0.478647	-6.29154e-12
-0.477331	-5.85181e-12
-0.476014	-6.29892e-12
-0.474697	-6.88339e-12
-0.47338	-6.83192e-12
-0.472064	-6.22421e-12
-0.470747	-5.76888e-12
-0.46943	-6.16466e-12
-0.468113	-6.71593e-12
-0.466796	-6.67001e-12
-0.46548	-6.06414e-12
-0.464163	-5.6033e-12
-0.462846	-6.01276e-12
-0.461529	-6.60321e-12
-0.460213	-6.70106e-12
-0.458896	-6.40928e-12
-0.457579	-6.22943e-12
-0.456262	-6.70059e-12
-0.454946	-7.24288e-12
-0.453629	-7.21171e-12
-0.452312	-6.64468e-12
-0.450995	-6.22486e-12
-0.449678	-6.64736e-12
-0.448362	-7.21127e-12
-0.447045	-7.1852e-12
-0.445728	-6.61052e-12
-0.444411	-6.18655e-12
-0.443095	-6.59481e-12
-0.441778	-7.04935e-12
-0.440461	-6.84307e-12
-0.439144	-6.16137e-12
-0.437827	-5.70623e-12
-0.436511	-6.10336e-12
-0.435194	-6.64473e-12
-0.433877	-6.62146e-12
-0.43256	-6.07975e-12
-0.431244	-5.6679e-12
-0.429927	-6.08684e-12
-0.42861	-6.65236e-12
-0.427293	-6.62615e-12
-0.425976	-6.06898e-12
-0.42466	-5.62459e-12
-0.423343	-5.9697e-12
-0.422026	-6.40994e-12
-0.420709	-6.23504e-12
-0.419393	-5.57589e-12
-0.418076	-5.11245e-12
-0.416759	-5.50111e-12
-0.415442	-6.05922e-12
-0.414126	-6.04908e-12
-0.412809	-5.49641e-12
-0.411492	-5.09658e-12
-0.410175	-5.52576e-12
-0.408858	-6.07666e-12
-0.407542	-6.04038e-12
-0.406225	-5.47079e-12
-0.404908	-5.0479e-12
-0.403591	-5.44645e-12
-0.402275	-5.99867e-12
-0.400958	-5.99279e-12
-0.399641	-5.44163e-12
-0.398324	-5.02084e-12
-0.397007	-5.426e-12
-0.395691	-5.97852e-12
-0.394374	-5.97364e-12
-0.393057	-5.4222e-12
-0.39174	-4.99769e-12
-0.390424	-5.42273e-12
-0.389107	-5.9048e-12
-0.38779	-5.71384e-12
-0.386473	-5.04639e-12
-0.385156	-4.53912e-12
-0.38384	-4.80321e-12
-0.382523	-5.17863e-12
-0.381206	-4.9765e-12
-0.379889	-4.30023e-12
-0.378573	-3.84926e-12
-0.377256	-4.26133e-12
-0.375939	-4.81469e-12
-0.374622	-4.78786e-12
-0.373306	-4.21953e-12
-0.371989	-3.82176e-12
-0.370672	-4.28738e-12
-0.369355	-4.86867e-12
-0.368038	-4.86968e-12
-0.366722	-4.34692e-12
-0.365405	-3.95723e-12
-0.364088	-4.39453e-12
-0.362771	-4.95631e-12
-0.361455	-4.93747e-12
-0.360138	-4.37951e-12
-0.358821	-3.96309e-12
-0.357504	-4.37074e-12
-0.356187	-4.83386e-12
-0.354871	-4.6635e-12
-0.353554	-4.0296e-12
-0.352237	-3.62036e-12
-0.35092	-4.03698e-12
-0.349604	-4.50688e-12
-0.348287	-4.32989e-12
-0.34697	-3.66981e-12
-0.345653	-3.24648e-12
-0.344336	-3.66039e-12
-0.34302	-4.11492e-12
-0.341703	-3.92103e-12
-0.340386	-3.21984e-12
-0.339069	-2.6576e-12
-0.337753	-2.80973e-12
-0.336436	-3.01662e-12
-0.335119	-2.73074e-12
-0.333802	-2.05483e-12
-0.332485	-1.64947e-12
-0.331169	-2.1251e-12
-0.329852	-2.71767e-12
-0.328535	-2.73354e-12
-0.327218	-2.20784e-12
-0.325902	-1.81221e-12
-0.324585	-2.25323e-12
-0.323268	-2.82434e-12
-0.321951	-2.80819e-12
-0.320635	-2.24841e-12
-0.319318	-1.8209e-12
-0.318001	-2.15116e-12
-0.316684	-2.48277e-12
-0.315367	-2.24396e-12
-0.314051	-1.62343e-12
-0.312734	-1.23716e-12
-0.311417	-1.59894e-12
-0.3101	-1.99408e-12
-0.308784	-1.85548e-12
-0.307467	-1.26557e-12
-0.30615	-9.23324e-13
-0.304833	-1.4467e-12
-0.303516	-1.97238e-12
-0.3022	-1.81508e-12
-0.300883	-1.16304e-12
-0.299566	-7.47531e-13
-0.298249	-1.18112e-12
-0.296933	-1.67057e-12
-0.295616	-1.50985e-12
-0.294299	-8.4876e-13
-0.292982	-3.9225e-13
-0.291665	-7.88065e-13
-0.290349	-1.25628e-12
-0.289032	-1.06851e-12
-0.287715	-3.82844e-13
-0.286398	5.22635e-14
-0.285082	-3.66993e-13
-0.283765	-8.19932e-13
-0.282448	-6.44911e-13
-0.281131	7.37566e-15
-0.279815	4.46876e-13
-0.278498	1.06071e-13
-0.277181	-2.85016e-13
-0.275864	-1.89545e-13
-0.274547	2.89909e-13
-0.273231	5.11898e-13
-0.271914	2.81598e-14
-0.270597	-3.74338e-13
-0.26928	-2.64061e-13
-0.267964	2.19508e-13
-0.266647	4.2716e-13
-0.26533	-1.3342e-13
-0.264013	-6.20992e-13
-0.262696	-4.40137e-13
-0.26138	1.97807e-13
-0.260063	5.50625e-13
-0.258746	4.7509e-14
-0.257429	-5.314e-13
-0.256113	-4.84272e-13
-0.254796	2.90803e-14
-0.253479	2.67358e-13
-0.252162	-2.02212e-13
-0.250845	-5.7961e-13
-0.249529	-3.8472e-13
-0.248212	1.64255e-13
-0.246895	3.8223e-13
-0.245578	-1.67569e-13
-0.244262	-6.39464e-13
-0.242945	-4.53274e-13
-0.241628	1.75989e-13
-0.240311	4.36803e-13
-0.238995	-1.35881e-13
-0.237678	-7.24606e-13
-0.236361	-7.97922e-13
-0.235044	-4.60173e-13
-0.233727	-3.00822e-13
-0.232411	-7.72743e-13
-0.231094	-1.21445e-12
-0.229777	-1.13161e-12
-0.22846	-6.55725e-13
-0.227144	-4.47022e-13
-0.225827	-9.32953e-13
-0.22451	-1.37291e-12
-0.223193	-1.26344e-12
-0.221876	-7.78467e-13
-0.22056	-5.79313e-13
-0.219243	-1.00138e-12
-0.217926	-1.29116e-12
-0.216609	-1.01993e-12
-0.215293	-3.38876e-13
-0.213976	6.95e-14
-0.212659	-3.3581e-13
-0.211342	-7.56565e-13
-0.210026	-5.86806e-13
-0.208709	1.65624e-14
-0.207392	3.80013e-13
-0.206075	-1.24362e-14
-0.204758	-4.52e-13
-0.203442	-3.7619e-13
-0.202125	1.11804e-13
-0.200808	4.09565e-13
-0.199491	3.00801e-14
-0.198175	-3.68779e-13
-0.196858	-2.3933e-13
-0.195541	3.20626e-13
-0.194224	5.45611e-13
-0.192907	-6.67793e-14
-0.191591	-7.24557e-13
-0.190274	-8.76213e-13
-0.188957	-5.88509e-13
-0.18764	-4.40428e-13
-0.186324	-9.22022e-13
-0.185007	-1.38783e-12
-0.18369	-1.33543e-12
-0.182373	-9.19572e-13
-0.181056	-6.90001e-13
-0.17974	-1.03947e-12
-0.178423	-1.33239e-12
-0.177106	-1.10245e-12
-0.175789	-5.00299e-13
-0.174473	-2.05991e-13
-0.173156	-7.1294e-13
-0.171839	-1.26088e-12
-0.170522	-1.27971e-12
-0.169206	-8.91451e-13
-0.167889	-6.14282e-13
-0.166572	-9.07552e-13
-0.165255	-1.20763e-12
-0.163938	-1.00944e-12
-0.162622	-4.2081e-13
-0.161305	-1.43996e-13
-0.159988	-6.26472e-13
-0.158671	-1.08061e-12
-0.157355	-1.00522e-12
-0.156038	-5.43794e-13
-0.154721	-2.96863e-13
-0.153404	-7.73041e-13
-0.152087	-1.27881e-12
-0.150771	-1.2138e-12
-0.149454	-6.98512e-13
-0.148137	-3.94601e-13
-0.14682	-8.04574e-13
-0.145504	-1.24052e-12
-0.144187	-1.13802e-12
-0.14287	-6.07261e-13
-0.141553	-2.64693e-13
-0.140236	-6.08012e-13
-0.13892	-1.01646e-12
-0.137603	-9.37389e-13
-0.136286	-4.51084e-13
-0.134969	-1.52706e-13
-0.133653	-5.62952e-13
-0.132336	-1.01335e-12
-0.131019	-8.96899e-13
-0.129702	-3.72409e-13
-0.128385	-8.0523e-14
-0.127069	-4.7643e-13
-0.125752	-8.98222e-13
-0.124435	-8.18862e-13
-0.123118	-3.42643e-13
-0.121802	-7.44368e-14
-0.120485	-4.64523e-13
-0.119168	-8.53705e-13
-0.117851	-7.23068e-13
-0.116535	-1.43637e-13
-0.115218	2.17174e-13
-0.113901	-1.47427e-13
-0.112584	-5.52195e-13
-0.111267	-4.58966e-13
-0.109951	6.01451e-14
-0.108634	3.90516e-13
-0.107317	-1.76356e-14
-0.106	-5.39379e-13
-0.104684	-6.09416e-13
-0.103367	-2.35837e-13
-0.10205	2.85505e-14
-0.100733	-3.88927e-13
-0.0994165	-8.85013e-13
-0.0980997	-9.15799e-13
-0.0967829	-5.44255e-13
-0.0954661	-3.2348e-13
-0.0941494	-7.59722e-13
-0.0928326	-1.17935e-12
-0.0915158	-1.08936e-12
-0.090199	-6.87974e-13
-0.0888823	-4.22827e-13
-0.0875655	-7.17671e-13
-0.0862487	-1.05544e-12
-0.0849319	-9.32153e-13
-0.0836152	-4.20842e-13
-0.0822984	-8.99035e-14
-0.0809816	-5.07381e-13
-0.0796648	-1.01087e-12
-0.0783481	-9.96937e-13
-0.0770313	-6.13895e-13
-0.0757145	-3.13773e-13
-0.0743978	-6.31589e-13
-0.073081	-1.05747e-12
-0.0717642	-1.00926e-12
-0.0704474	-5.78243e-13
-0.0691307	-2.68927e-13
-0.0678139	-5.96715e-13
-0.0664971	-9.90916e-13
-0.0651803	-9.32909e-13
-0.0638636	-5.35409e-13
-0.0625468	-2.67719e-13
-0.06123	-6.16132e-13
-0.0599132	-1.03536e-12
-0.0585965	-1.01989e-12
-0.0572797	-6.65431e-13
-0.0559629	-3.89755e-13
-0.0546461	-6.61523e-13
-0.0533294	-9.61927e-13
-0.0520126	-8.14835e-13
-0.0506958	-3.63016e-13
-0.049379	-1.08326e-13
-0.0480623	-5.28145e-13
-0.0467455	-9.84964e-13
-0.0454287	-9.52672e-13
-0.0441119	-6.15907e-13
-0.0427952	-4.2727e-13
-0.0414784	-7.94274e-13
-0.0401616	-1.17731e-12
-0.0388448	-1.11275e-12
-0.0375281	-6.94699e-13
-0.0362113	-4.48652e-13
-0.0348945	-7.83307e-13
-0.0335777	-1.09579e-12
-0.032261	-9.9046e-13
-0.0309442	-5.75645e-13
-0.0296274	-3.44135e-13
-0.0283106	-7.31059e-13
-0.0269939	-1.12069e-12
-0.0256771	-1.0376e-12
-0.0243603	-5.85482e-13
-0.0230436	-2.59484e-13
-0.0217268	-5.76269e-13
-0.02041	-9.1724e-13
-0.0190932	-7.50369e-13
-0.0177765	-2.30042e-13
-0.0164597	1.67231e-13
-0.0151429	-1.31272e-13
-0.0138261	-5.7306e-13
-0.0125094	-5.38445e-13
-0.0111926	-1.30742e-13
-0.00987581	1.79311e-13
-0.00855903	-1.48016e-13
-0.00724226	-5.65911e-13
-0.00592548	-4.82094e-13
-0.00460871	7.46363e-15
-0.00329194	4.51614e-13
-0.00197516	3.05802e-13
-0.000658387	2.63973e-14
0	7.34118e-14
)
