nodenumber,    x-coordinate,    y-coordinate,    z-coordinate,  dx-velocity-dx,  dx-velocity-dy,  dy-velocity-dy,  dz-velocity-dz
         1, 0.000000000E+00,-1.000000000E+00, 0.000000000E+00, 0.000000000E+00, 2.971206284E+01,-1.425667318E-08, 0.000000000E+00
         2, 8.809142651E-19,-9.981600642E-01, 0.000000000E+00, 0.000000000E+00, 2.968848801E+01,-1.993443277E-08, 0.000000000E+00
         3, 5.421010862E-19,-9.960440993E-01, 0.000000000E+00, 2.469545568E-17, 2.955338097E+01,-2.975148128E-08, 0.000000000E+00
         4, 0.000000000E+00,-9.936107993E-01, 0.000000000E+00, 6.521783117E-17, 2.879018593E+01,-3.318486108E-08, 0.000000000E+00
         5, 0.000000000E+00,-9.908124804E-01, 0.000000000E+00, 1.414910702E-16, 2.641271400E+01,-5.320256946E-08, 0.000000000E+00
         6, 0.000000000E+00,-9.875944257E-01, 0.000000000E+00, 2.375821538E-16, 2.218222618E+01,-1.025885581E-07, 0.000000000E+00
         7, 0.000000000E+00,-9.838936329E-01, 0.000000000E+00, 1.420917621E-16, 1.729143906E+01,-1.186893854E-07, 0.000000000E+00
         8, 5.421010862E-19,-9.796377420E-01, 0.000000000E+00, 8.209336122E-17, 1.307721233E+01,-1.140352595E-07, 0.000000000E+00
         9, 0.000000000E+00,-9.747434855E-01, 0.000000000E+00,-9.398777506E-17, 9.870061874E+00,-1.547357158E-07, 0.000000000E+00
        10, 0.000000000E+00,-9.694315195E-01,-3.469446952E-18,-4.015218867E-16, 7.590997696E+00,-1.721176659E-07, 0.000000000E+00
        11, 0.000000000E+00,-9.641195536E-01, 0.000000000E+00, 1.121197660E-17, 6.083515167E+00,-1.385473638E-07, 0.000000000E+00
        12, 0.000000000E+00,-9.588075876E-01, 0.000000000E+00, 4.472332903E-16, 5.053209782E+00,-6.128217933E-08, 0.000000000E+00
        13, 0.000000000E+00,-9.534956813E-01, 0.000000000E+00, 4.645016451E-16, 4.310444832E+00, 2.506392249E-08, 0.000000000E+00
        14, 1.084202172E-18,-9.481837153E-01, 0.000000000E+00, 3.577932550E-16, 3.750259399E+00, 3.973700657E-08, 0.000000000E+00
        15, 0.000000000E+00,-9.428717494E-01, 0.000000000E+00, 4.954441822E-16, 3.316338062E+00, 2.814629951E-08, 0.000000000E+00
        16, 0.000000000E+00,-9.375597835E-01, 0.000000000E+00, 8.833359323E-16, 2.972368002E+00, 3.082485733E-08, 0.000000000E+00
        17, 0.000000000E+00,-9.322478771E-01, 0.000000000E+00, 6.393071167E-16, 2.692301750E+00, 4.738552661E-09, 0.000000000E+00
        18, 0.000000000E+00,-9.269359112E-01, 0.000000000E+00, 2.619582268E-16, 2.459305763E+00,-1.529687488E-08, 0.000000000E+00
        19, 0.000000000E+00,-9.216239452E-01, 0.000000000E+00, 5.347046887E-16, 2.262634754E+00, 2.083342387E-10, 0.000000000E+00
        20, 0.000000000E+00,-9.163119793E-01, 0.000000000E+00, 6.748474545E-16, 2.094567776E+00,-2.117552000E-08, 0.000000000E+00
        21, 0.000000000E+00,-9.110000134E-01, 0.000000000E+00,-2.794360634E-16, 1.949345112E+00,-5.308534412E-08, 0.000000000E+00
        22, 0.000000000E+00,-9.056881070E-01,-1.387778781E-17,-1.528920834E-15, 1.822663069E+00,-3.902416168E-08, 0.000000000E+00
        23, 0.000000000E+00,-9.003761411E-01,-6.938893904E-18,-1.400761572E-15, 1.711195707E+00,-2.786106634E-08, 0.000000000E+00
        24, 0.000000000E+00,-8.950641751E-01, 0.000000000E+00,-2.808743254E-16, 1.612373590E+00,-3.067692944E-08, 0.000000000E+00
        25, 0.000000000E+00,-8.897522092E-01, 0.000000000E+00, 1.426666063E-16, 1.524193883E+00,-1.766203894E-08, 0.000000000E+00
        26, 0.000000000E+00,-8.844402432E-01, 0.000000000E+00, 0.000000000E+00, 1.445002079E+00, 1.326982613E-08, 0.000000000E+00
        27, 0.000000000E+00,-8.791283369E-01, 0.000000000E+00, 1.466674738E-16, 1.373504043E+00, 6.413723241E-08, 0.000000000E+00
        28, 0.000000000E+00,-8.738163710E-01, 0.000000000E+00, 1.466671165E-16, 1.308648348E+00, 7.813461167E-08, 0.000000000E+00
        29, 0.000000000E+00,-8.685044050E-01, 0.000000000E+00, 0.000000000E+00, 1.249519706E+00, 2.556268974E-08, 0.000000000E+00
        30, 0.000000000E+00,-8.631924391E-01, 0.000000000E+00,-3.002517657E-16, 1.195396900E+00,-2.733681193E-08, 0.000000000E+00
        31, 0.000000000E+00,-8.578804731E-01, 0.000000000E+00,-6.026190492E-16, 1.145676374E+00,-3.871508980E-08, 0.000000000E+00
        32, 0.000000000E+00,-8.525685668E-01,-3.469446952E-18,-6.067574404E-16, 1.099837303E+00,-4.693534805E-08, 0.000000000E+00
        33, 0.000000000E+00,-8.472566009E-01,-6.938893904E-18,-1.376585876E-15, 1.057432890E+00,-9.802920431E-08, 0.000000000E+00
        34, 0.000000000E+00,-8.419446349E-01,-1.734723476E-17,-2.305058288E-15, 1.018089890E+00,-1.444286397E-07, 0.000000000E+00
        35, 0.000000000E+00,-8.366326690E-01,-1.040834086E-17,-2.007933318E-15, 9.814732075E-01,-1.538471111E-07, 0.000000000E+00
        36, 0.000000000E+00,-8.313207030E-01,-6.938893904E-18,-1.398608944E-15, 9.473214149E-01,-1.131239173E-07, 0.000000000E+00
        37, 0.000000000E+00,-8.260087967E-01,-6.938893904E-18,-1.250462035E-15, 9.154032469E-01,-3.722480812E-08, 0.000000000E+00
        38, 0.000000000E+00,-8.206968307E-01,-6.938893904E-18,-1.414643172E-15, 8.854646683E-01,-6.923173146E-11, 0.000000000E+00
        39, 0.000000000E+00,-8.153848648E-01,-1.040834086E-17,-2.212741438E-15, 8.573425412E-01,-8.532263784E-09, 0.000000000E+00
        40, 0.000000000E+00,-8.100728989E-01,-2.081668171E-17,-3.175131378E-15, 8.309751749E-01,-3.674773197E-08, 0.000000000E+00
        41, 0.000000000E+00,-8.047609925E-01,-1.387778781E-17,-2.869024683E-15, 8.064032197E-01,-6.428831512E-08, 0.000000000E+00
        42, 0.000000000E+00,-7.994490266E-01,-6.938893904E-18,-1.761168268E-15, 7.834864855E-01,-4.382328811E-08, 0.000000000E+00
        43, 0.000000000E+00,-7.941370606E-01,-6.938893904E-18,-9.647993260E-16, 7.619565725E-01,-4.805647436E-09, 0.000000000E+00
        44, 1.734723476E-18,-7.888250947E-01, 0.000000000E+00,-1.294242838E-15, 7.415838242E-01, 1.908221359E-09, 0.000000000E+00
        45, 0.000000000E+00,-7.835131288E-01,-2.081668171E-17,-1.622181067E-15, 7.221678495E-01,-1.503429914E-08, 0.000000000E+00
        46, 1.734723476E-18,-7.782012224E-01, 0.000000000E+00,-3.239404715E-16, 7.036358118E-01,-9.040233451E-09, 0.000000000E+00
        47, 0.000000000E+00,-7.728892565E-01,-6.938893904E-18, 1.626304185E-16, 6.859529018E-01, 4.283362287E-08, 0.000000000E+00
        48, 0.000000000E+00,-7.675772905E-01,-1.040834086E-17,-6.574392333E-16, 6.690076590E-01, 4.250109242E-08, 0.000000000E+00
        49, 0.000000000E+00,-7.622653246E-01,-6.938893904E-18,-1.319116808E-15, 6.527286768E-01, 5.574425366E-09, 0.000000000E+00
        50, 0.000000000E+00,-7.569533587E-01,-6.938893904E-18,-1.654091233E-15, 6.370295286E-01, 7.219840725E-09, 0.000000000E+00
        51, 0.000000000E+00,-7.516414523E-01,-6.938893904E-18,-1.659891186E-15, 6.218199730E-01, 1.868122368E-08, 0.000000000E+00
        52, 0.000000000E+00,-7.463294864E-01,-6.938893904E-18,-1.665549895E-15, 6.070387959E-01, 2.064962423E-08, 0.000000000E+00
        53, 0.000000000E+00,-7.410175204E-01,-6.938893904E-18,-1.503696298E-15, 5.925569534E-01, 9.086795316E-09, 0.000000000E+00
        54, 0.000000000E+00,-7.357055545E-01,-6.938893904E-18,-1.005351558E-15, 5.782854557E-01,-8.576909849E-09, 0.000000000E+00
        55, 0.000000000E+00,-7.303935885E-01, 0.000000000E+00,-3.358265407E-16, 5.642253160E-01,-9.386570632E-09, 0.000000000E+00
        56, 0.000000000E+00,-7.250816822E-01,-6.938893904E-18,-1.689422566E-16, 5.505148172E-01, 1.460659949E-08, 0.000000000E+00
        57, 0.000000000E+00,-7.197697163E-01, 0.000000000E+00,-3.383768511E-16, 5.373994112E-01, 2.804415011E-08, 0.000000000E+00
        58, 0.000000000E+00,-7.144577503E-01,-6.938893904E-18,-5.092757008E-16, 5.251617432E-01, 1.217876910E-08, 0.000000000E+00
        59, 0.000000000E+00,-7.091457844E-01,-6.938893904E-18,-3.398416622E-16, 5.138181448E-01,-1.777979541E-08, 0.000000000E+00
        60, 0.000000000E+00,-7.038338184E-01, 0.000000000E+00, 0.000000000E+00, 5.030891895E-01,-2.050177272E-08, 0.000000000E+00
        61, 0.000000000E+00,-6.985219121E-01,-6.938893904E-18,-6.852493367E-16, 4.927536845E-01, 4.284342214E-09, 0.000000000E+00
        62, 0.000000000E+00,-6.932099462E-01,-6.938893904E-18,-1.372267702E-15, 4.827592075E-01, 3.452250041E-08, 0.000000000E+00
        63, 0.000000000E+00,-6.878979802E-01,-6.938893904E-18,-1.375790935E-15, 4.730812907E-01, 4.835822764E-08, 0.000000000E+00
        64, 0.000000000E+00,-6.825860143E-01,-6.938893904E-18,-1.034007741E-15, 4.637013674E-01, 2.555431422E-08, 0.000000000E+00
        65, 0.000000000E+00,-6.772740483E-01, 0.000000000E+00,-6.913155749E-16, 4.546115398E-01,-1.220252699E-08, 0.000000000E+00
        66, 0.000000000E+00,-6.719621420E-01,-6.938893904E-18,-1.386775047E-15, 4.457926452E-01,-2.497781360E-08, 0.000000000E+00
        67, 0.000000000E+00,-6.666501760E-01,-1.387778781E-17,-2.083803541E-15, 4.372622371E-01,-4.529423947E-09, 0.000000000E+00
        68, 0.000000000E+00,-6.613382101E-01,-6.938893904E-18,-1.391606311E-15, 4.289693236E-01, 2.725746917E-08, 0.000000000E+00
        69, 0.000000000E+00,-6.560262442E-01,-6.938893904E-18,-5.231307246E-16, 4.208788276E-01, 2.505600349E-08, 0.000000000E+00
        70, 0.000000000E+00,-6.507143378E-01,-6.938893904E-18,-6.996816664E-16, 4.130505323E-01,-1.010162354E-08, 0.000000000E+00
        71, 0.000000000E+00,-6.454023719E-01,-6.938893904E-18,-8.758234913E-16, 4.054318070E-01,-1.052766496E-08, 0.000000000E+00
        72, 0.000000000E+00,-6.400904059E-01,-6.938893904E-18,-5.265337324E-16, 3.980067968E-01, 2.279052325E-08, 0.000000000E+00
        73, 0.000000000E+00,-6.347784400E-01,-6.938893904E-18,-7.041023313E-16, 3.907746077E-01, 4.358865979E-08, 0.000000000E+00
        74, 0.000000000E+00,-6.294664741E-01,-6.938893904E-18,-1.234227060E-15, 3.837447762E-01, 2.784334896E-08, 0.000000000E+00
        75, 0.000000000E+00,-6.241545677E-01,-6.938893904E-18,-1.059514974E-15, 3.768895566E-01,-1.118991833E-08, 0.000000000E+00
        76, 0.000000000E+00,-6.188426018E-01,-6.938893904E-18,-3.536318350E-16, 3.701913655E-01,-3.099372492E-08, 0.000000000E+00
        77, 0.000000000E+00,-6.135306358E-01,-6.938893904E-18,-3.549861613E-16, 3.636517227E-01,-1.488568735E-08, 0.000000000E+00
        78, 0.000000000E+00,-6.082186699E-01,-6.938893904E-18,-5.328091348E-16, 3.572611213E-01, 2.506670649E-09, 0.000000000E+00
        79, 0.000000000E+00,-6.029067039E-01,-6.938893904E-18,-3.559686136E-16, 3.510376811E-01, 4.179505630E-09, 0.000000000E+00
        80, 0.000000000E+00,-5.975947976E-01,-6.938893904E-18,-1.248935787E-15, 3.449626565E-01, 1.873288724E-08, 0.000000000E+00
        81, 0.000000000E+00,-5.922828317E-01,-6.938893904E-18,-2.322214305E-15, 3.390272260E-01, 3.049086317E-08, 0.000000000E+00
        82, 0.000000000E+00,-5.869708657E-01,-6.938893904E-18,-2.146847356E-15, 3.331976533E-01, 8.162876597E-09, 0.000000000E+00
        83, 0.000000000E+00,-5.816588998E-01, 0.000000000E+00,-2.509874666E-15, 3.275171220E-01,-1.880611400E-08, 0.000000000E+00
        84, 0.000000000E+00,-5.763469338E-01,-6.938893904E-18,-3.590967804E-15, 3.219423294E-01,-1.403359029E-08, 0.000000000E+00
        85, 0.000000000E+00,-5.710350275E-01,-6.938893904E-18,-3.776233815E-15, 3.164546490E-01,-2.670003107E-10, 0.000000000E+00
        86, 0.000000000E+00,-5.657230616E-01,-6.938893904E-18,-3.602329057E-15, 3.111416698E-01,-8.976771326E-09, 0.000000000E+00
        87, 0.000000000E+00,-5.604110956E-01,-6.938893904E-18,-3.066390983E-15, 3.059257865E-01,-5.471235554E-08, 0.000000000E+00
        88, 0.000000000E+00,-5.550991297E-01,-6.938893904E-18,-2.529524137E-15, 3.007624149E-01,-1.022430283E-07, 0.000000000E+00
        89, 0.000000000E+00,-5.497871637E-01,-6.938893904E-18,-2.714468698E-15, 2.957398891E-01,-1.054353689E-07, 0.000000000E+00
        90, 0.000000000E+00,-5.444752574E-01,-6.938893904E-18,-3.443692915E-15, 2.907956839E-01,-9.906583642E-08, 0.000000000E+00
        91, 0.000000000E+00,-5.391632915E-01,-6.938893904E-18,-4.719296582E-15, 2.859386206E-01,-7.152035408E-08, 0.000000000E+00
        92, 0.000000000E+00,-5.338513255E-01,-6.938893904E-18,-5.270689619E-15, 2.811872959E-01,-2.745825967E-08, 0.000000000E+00
        93, 0.000000000E+00,-5.285393596E-01,-6.938893904E-18,-4.549862464E-15, 2.765066326E-01,-1.445215503E-08, 0.000000000E+00
        94, 0.000000000E+00,-5.232274532E-01,-6.938893904E-18,-4.009771810E-15, 2.719306052E-01,-1.111162540E-08, 0.000000000E+00
        95, 0.000000000E+00,-5.179154873E-01,-6.938893904E-18,-4.015231361E-15, 2.674242258E-01,-2.650941688E-09, 0.000000000E+00
        96, 0.000000000E+00,-5.126035213E-01,-6.938893904E-18,-4.569236225E-15, 2.629885077E-01,-2.372792629E-09, 0.000000000E+00
        97, 0.000000000E+00,-5.072915554E-01,-6.938893904E-18,-5.673208146E-15, 2.586316466E-01,-6.243286776E-09, 0.000000000E+00
        98, 0.000000000E+00,-5.019795895E-01,-3.469446952E-18,-5.496484886E-15, 2.543539405E-01,-1.584132381E-09, 0.000000000E+00
        99, 0.000000000E+00,-4.966676533E-01,-3.469446952E-18,-4.402914529E-15, 2.501463592E-01, 9.177004046E-09, 0.000000000E+00
       100, 0.000000000E+00,-4.913557172E-01,-6.938893904E-18,-4.041241202E-15, 2.459821403E-01, 1.783750037E-08, 0.000000000E+00
       101, 0.000000000E+00,-4.860437512E-01,-6.938893904E-18,-3.678124530E-15, 2.418880463E-01, 1.606362332E-08, 0.000000000E+00
       102, 0.000000000E+00,-4.807317853E-01,-3.469446952E-18,-2.945997955E-15, 2.378820777E-01, 6.451180035E-09, 0.000000000E+00
       103, 0.000000000E+00,-4.754198492E-01,-6.938893904E-18,-2.027591682E-15, 2.339197099E-01, 1.809914663E-09, 0.000000000E+00
       104, 0.000000000E+00,-4.701078832E-01,-3.469446952E-18,-1.661233309E-15, 2.300187051E-01,-1.489024015E-09, 0.000000000E+00
       105, 0.000000000E+00,-4.647959471E-01,-6.938893904E-18,-2.217566561E-15, 2.261790931E-01,-7.434420191E-09, 0.000000000E+00
       106, 0.000000000E+00,-4.594839811E-01,-6.938893904E-18,-2.589809801E-15, 2.223743200E-01,-8.679172936E-09, 0.000000000E+00
       107, 0.000000000E+00,-4.541720152E-01,-6.938893904E-18,-2.036784531E-15, 2.186488509E-01,-6.617022486E-09, 0.000000000E+00
       108, 0.000000000E+00,-4.488600791E-01,-6.938893904E-18,-1.297627794E-15, 2.149670124E-01,-4.128624553E-09, 0.000000000E+00
       109, 0.000000000E+00,-4.435481131E-01,-6.938893904E-18,-1.670564754E-15, 2.113377452E-01,-7.331517615E-10, 0.000000000E+00
       110, 0.000000000E+00,-4.382361770E-01,-3.469446952E-18,-2.786971331E-15, 2.077435702E-01,-1.950006157E-09, 0.000000000E+00
       111, 0.000000000E+00,-4.329242110E-01,-3.469446952E-18,-3.347439479E-15, 2.041844428E-01,-6.854568912E-09, 0.000000000E+00
       112, 0.000000000E+00,-4.276122749E-01,-3.469446952E-18,-3.350797541E-15, 2.006954700E-01,-5.834500882E-09, 0.000000000E+00
       113, 0.000000000E+00,-4.223003089E-01,-6.938893904E-18,-3.540524451E-15, 1.972764432E-01,-1.889922885E-09, 0.000000000E+00
       114, 0.000000000E+00,-4.169883430E-01,-6.938893904E-18,-2.983944607E-15, 1.938840747E-01,-1.880194000E-09, 0.000000000E+00
       115, 0.000000000E+00,-4.116764069E-01,-6.938893904E-18,-1.680000701E-15, 1.905002743E-01, 2.240406527E-09, 0.000000000E+00
       116, 0.000000000E+00,-4.063644409E-01,-3.469446952E-18,-1.121220795E-15, 1.871778667E-01, 8.783615613E-09, 0.000000000E+00
       117, 0.000000000E+00,-4.010525048E-01,-6.938893904E-18,-1.122246657E-15, 1.838992536E-01, 5.061778552E-09, 0.000000000E+00
       118, 0.000000000E+00,-3.957405388E-01,-3.469446952E-18,-9.359612423E-16, 1.806818545E-01,-6.879772751E-09, 0.000000000E+00
       119, 0.000000000E+00,-3.904285729E-01,-3.469446952E-18,-5.620400830E-16, 1.774735600E-01,-8.715357325E-09, 0.000000000E+00
       120, 0.000000000E+00,-3.851166368E-01,-3.469446952E-18,-3.750722506E-16, 1.742826402E-01, 3.009542171E-09, 0.000000000E+00
       121, 0.000000000E+00,-3.798046708E-01,-3.469446952E-18,-3.753905762E-16, 1.711618453E-01, 5.738429287E-09, 0.000000000E+00
       122, 0.000000000E+00,-3.744927347E-01,-3.469446952E-18,-3.757031578E-16, 1.680673510E-01,-3.554175620E-09, 0.000000000E+00
       123, 0.000000000E+00,-3.691807687E-01,-3.469446952E-18,-5.640910674E-16, 1.649903804E-01,-7.246584222E-09, 0.000000000E+00
       124, 0.000000000E+00,-3.638688326E-01,-3.469446952E-18,-7.526226550E-16, 1.619659960E-01,-3.706700724E-09, 0.000000000E+00
       125, 0.000000000E+00,-3.585568666E-01,-3.469446952E-18,-7.532135663E-16, 1.589853168E-01, 6.545243014E-09, 0.000000000E+00
       126, 0.000000000E+00,-3.532449007E-01,-3.469446952E-18,-7.537947368E-16, 1.560049057E-01, 1.481941236E-08, 0.000000000E+00
       127, 0.000000000E+00,-3.479329646E-01,-3.469446952E-18,-7.543643135E-16, 1.530682147E-01, 5.920628876E-09, 0.000000000E+00
       128, 0.000000000E+00,-3.426209986E-01,-3.469446952E-18,-9.437230287E-16, 1.501841098E-01,-8.192129641E-09, 0.000000000E+00
       129, 0.000000000E+00,-3.373090625E-01,-3.469446952E-18,-1.133207158E-15, 1.472912282E-01,-7.880335495E-09, 0.000000000E+00
       130, 0.000000000E+00,-3.319970965E-01,-3.469446952E-18,-7.558753144E-16, 1.444245130E-01, 2.523270926E-09, 0.000000000E+00
       131, 0.000000000E+00,-3.266851306E-01,-3.469446952E-18,-3.782681059E-16, 1.416106820E-01, 5.712747164E-09, 0.000000000E+00
       132, 0.000000000E+00,-3.213731945E-01,-3.469446952E-18,-5.678539054E-16, 1.388230026E-01,-2.052849002E-10, 0.000000000E+00
       133, 0.000000000E+00,-3.160612285E-01,-3.469446952E-18,-7.575595865E-16, 1.360616088E-01,-4.477923810E-09, 0.000000000E+00
       134, 0.000000000E+00,-3.107492924E-01,-3.469446952E-18,-7.580560537E-16, 1.333002299E-01,-9.743652551E-10, 0.000000000E+00
       135, 0.000000000E+00,-3.054373264E-01,-3.469446952E-18,-7.585424094E-16, 1.305826753E-01, 7.174345562E-09, 0.000000000E+00
       136, 0.000000000E+00,-3.001253903E-01,-3.469446952E-18,-7.590188125E-16, 1.279089600E-01, 6.304239353E-09, 0.000000000E+00
       137, 0.000000000E+00,-2.948134243E-01,-3.469446952E-18,-9.494136078E-16, 1.252175868E-01, 4.298952860E-10, 0.000000000E+00
       138, 0.000000000E+00,-2.895014584E-01,-3.469446952E-18,-1.139912906E-15, 1.225615144E-01,-1.026932650E-09, 0.000000000E+00
       139, 0.000000000E+00,-2.841895223E-01,-3.469446952E-18,-9.504304709E-16, 1.199579313E-01,-1.962881413E-09, 0.000000000E+00
       140, 0.000000000E+00,-2.788775563E-01,-3.469446952E-18,-7.608262749E-16, 1.173631102E-01, 6.402043340E-10, 0.000000000E+00
       141, 0.000000000E+00,-2.735656202E-01,-3.469446952E-18,-7.612540266E-16, 1.147507578E-01, 2.545679001E-09, 0.000000000E+00
       142, 0.000000000E+00,-2.682536542E-01,-3.469446952E-18,-7.616716138E-16, 1.121821254E-01, 1.436971098E-09, 0.000000000E+00
       143, 0.000000000E+00,-2.629416883E-01,-3.469446952E-18,-7.620811542E-16, 1.096750721E-01, 6.416427389E-10, 0.000000000E+00
       144, 0.000000000E+00,-2.576297522E-01,-3.469446952E-18,-5.718109786E-16, 1.071503758E-01,-1.301185604E-09, 0.000000000E+00
       145, 0.000000000E+00,-2.523177862E-01,-3.469446952E-18,-5.722013020E-16, 1.046431735E-01,-3.982181251E-10, 0.000000000E+00
       146, 0.000000000E+00,-2.470058352E-01,-3.469446952E-18,-5.723918844E-16, 1.021535993E-01, 1.136984951E-09, 0.000000000E+00
       147, 0.000000000E+00,-2.416938841E-01,-3.469446952E-18, 3.819973008E-16, 9.969026595E-02,-5.962534910E-10, 0.000000000E+00
       148, 0.000000000E+00,-2.363819331E-01, 0.000000000E+00, 1.145980732E-15, 9.725324064E-02,-5.737177955E-10, 0.000000000E+00
       149, 0.000000000E+00,-2.310699821E-01, 0.000000000E+00, 1.337640148E-15, 9.481620789E-02, 2.079332706E-09, 0.000000000E+00
       150, 0.000000000E+00,-2.257580310E-01, 0.000000000E+00, 1.529371561E-15, 9.241420031E-02, 1.896261370E-09, 0.000000000E+00
       151, 0.000000000E+00,-2.204460651E-01, 0.000000000E+00, 1.338746902E-15, 9.000347555E-02, 1.963794904E-09, 0.000000000E+00
       152, 0.000000000E+00,-2.151341140E-01, 0.000000000E+00, 1.722158589E-15, 8.761031926E-02, 6.129391217E-09, 0.000000000E+00
       153, 0.000000000E+00,-2.098221630E-01, 0.000000000E+00, 2.488461673E-15, 8.525218815E-02, 4.598486925E-09, 0.000000000E+00
       154, 0.000000000E+00,-2.045102119E-01, 0.000000000E+00, 1.914792728E-15, 8.291158825E-02,-1.597057264E-09, 0.000000000E+00
       155, 0.000000000E+00,-1.991982609E-01, 0.000000000E+00, 1.149419263E-15, 8.058852702E-02,-2.954282596E-09, 0.000000000E+00
       156, 0.000000000E+00,-1.938863099E-01, 0.000000000E+00, 1.724894294E-15, 7.826541364E-02,-4.340132698E-10, 0.000000000E+00
       157, 0.000000000E+00,-1.885743439E-01, 0.000000000E+00, 2.300568590E-15, 7.595111430E-02, 1.610968248E-09, 0.000000000E+00
       158, 0.000000000E+00,-1.832623929E-01, 3.469446952E-18, 2.301396776E-15, 7.366314530E-02, 1.084145551E-09, 0.000000000E+00
       159, 0.000000000E+00,-1.779504418E-01, 0.000000000E+00, 2.302198705E-15, 7.139267027E-02, 1.011649431E-09, 0.000000000E+00
       160, 0.000000000E+00,-1.726384908E-01, 0.000000000E+00, 2.302975434E-15, 6.912221014E-02, 2.028782253E-09, 0.000000000E+00
       161, 0.000000000E+00,-1.673265398E-01, 0.000000000E+00, 2.303727176E-15, 6.686051190E-02, 3.254135850E-09, 0.000000000E+00
       162, 0.000000000E+00,-1.620145887E-01, 0.000000000E+00, 1.728251297E-15, 6.460753828E-02, 2.594924720E-09, 0.000000000E+00
       163, 0.000000000E+00,-1.567026228E-01, 0.000000000E+00, 7.683272811E-16, 6.238966435E-02,-1.122486548E-09, 0.000000000E+00
       164, 0.000000000E+00,-1.513906717E-01, 0.000000000E+00, 5.764864946E-16, 6.018058956E-02,-2.689432232E-09, 0.000000000E+00
       165, 0.000000000E+00,-1.460787207E-01, 0.000000000E+00, 7.688291481E-16, 5.797148496E-02,-2.124206144E-09, 0.000000000E+00
       166, 0.000000000E+00,-1.407667696E-01, 0.000000000E+00, 9.613240557E-16, 5.577114597E-02,-1.803315830E-10, 0.000000000E+00
       167, 0.000000000E+00,-1.354548186E-01, 0.000000000E+00, 1.538529152E-15, 5.356204137E-02, 3.770114443E-09, 0.000000000E+00
       168, 0.000000000E+00,-1.301428676E-01, 0.000000000E+00, 1.538819896E-15, 5.139675736E-02, 4.330577230E-09, 0.000000000E+00
       169, 0.000000000E+00,-1.248309091E-01, 0.000000000E+00, 7.695733724E-16, 4.924901575E-02, 1.304841235E-09, 0.000000000E+00
       170, 0.000000000E+00,-1.195189580E-01, 0.000000000E+00, 5.773689441E-16, 4.708374292E-02,-6.958545962E-10, 0.000000000E+00
       171, 0.000000000E+00,-1.142069995E-01, 0.000000000E+00, 1.154990198E-15, 4.491847008E-02,-1.823569629E-10, 0.000000000E+00
       172, 0.000000000E+00,-1.088950485E-01, 0.000000000E+00, 1.732807382E-15, 4.276197404E-02, 2.185797321E-09, 0.000000000E+00
       173, 0.000000000E+00,-1.035830975E-01, 0.000000000E+00, 1.925703571E-15, 4.064051807E-02, 3.570060247E-09, 0.000000000E+00
       174, 0.000000000E+00,-9.827113897E-02, 0.000000000E+00, 2.118692617E-15, 3.851031139E-02, 2.449207948E-09, 0.000000000E+00
       175, 0.000000000E+00,-9.295918792E-02, 0.000000000E+00, 1.926379927E-15, 3.638011217E-02, 1.824215778E-10, 0.000000000E+00
       176, 0.000000000E+00,-8.764723688E-02, 0.000000000E+00, 7.706325871E-16, 3.426742554E-02, 4.904417983E-10, 0.000000000E+00
       177, 0.000000000E+00,-8.233527839E-02,-6.938893904E-18,-1.927192258E-16, 3.217228502E-02, 2.531046039E-09, 0.000000000E+00
       178, 0.000000000E+00,-7.702332735E-02, 0.000000000E+00, 1.927749182E-16, 3.005961329E-02, 1.077157252E-09, 0.000000000E+00
       179, 0.000000000E+00,-7.171137631E-02, 0.000000000E+00, 1.156584949E-15, 2.795569971E-02,-1.188909637E-09, 0.000000000E+00
       180, 0.000000000E+00,-6.639941782E-02, 0.000000000E+00, 1.349480927E-15, 2.588685416E-02,-7.598627283E-10, 0.000000000E+00
       181, 0.000000000E+00,-6.108746678E-02, 0.000000000E+00, 9.640270438E-16, 2.379171364E-02, 1.384459103E-09, 0.000000000E+00
       182, 0.000000000E+00,-5.577551201E-02,-3.469446952E-18, 9.641526164E-16, 2.170533314E-02, 2.978838509E-09, 0.000000000E+00
       183, 0.000000000E+00,-5.046355724E-02, 0.000000000E+00, 1.349942243E-15, 1.962772384E-02, 2.429940027E-09, 0.000000000E+00
       184, 0.000000000E+00,-4.515160620E-02, 0.000000000E+00, 1.542917736E-15, 1.754134893E-02, 2.887659889E-09, 0.000000000E+00
       185, 0.000000000E+00,-3.983965144E-02, 0.000000000E+00, 1.157265223E-15, 1.547250059E-02, 3.093464374E-09, 0.000000000E+00
       186, 0.000000000E+00,-3.452769667E-02,-6.938893904E-18, 3.857739560E-16, 1.341242343E-02, 8.678913699E-10, 0.000000000E+00
       187, 0.000000000E+00,-2.921574377E-02,-6.938893904E-18, 1.929098876E-16, 1.134357974E-02, 9.821260472E-10, 0.000000000E+00
       188, 0.000000000E+00,-2.390379086E-02,-6.938893904E-18, 9.645835444E-16, 9.274736047E-03, 3.496713141E-09, 0.000000000E+00
       189, 0.000000000E+00,-1.859183796E-02, 0.000000000E+00, 2.122148723E-15, 7.205890492E-03, 3.799247139E-09, 0.000000000E+00
       190, 0.000000000E+00,-1.327988412E-02, 0.000000000E+00, 2.700983934E-15, 5.180877633E-03, 2.761277873E-09, 0.000000000E+00
       191, 0.000000000E+00,-7.967930287E-03, 0.000000000E+00, 2.508104579E-15, 3.050669096E-03, 1.445789599E-09, 0.000000000E+00
       192, 0.000000000E+00,-2.655976685E-03, 0.000000000E+00, 2.122263919E-15, 9.555256111E-04,-6.465428193E-10, 0.000000000E+00
       193, 0.000000000E+00,-2.260698573E-11, 0.000000000E+00, 1.736398590E-15, 0.000000000E+00,-4.295372391E-10, 0.000000000E+00
