(title "Turbulent Kinetic Energy (k) vs. X Velocity")
(labels "X Velocity" "Turbulent Kinetic Energy (k)")

((xy/key/label "line")
0	3.18898e-06
0.0546083	2.00913e-05
0.117169	0.000124405
0.18798	0.000481168
0.264933	0.00130623
0.342397	0.00260339
0.414135	0.00403574
0.47738	0.0052678
0.532619	0.00620735
0.578661	0.00685522
0.614944	0.00727081
0.644537	0.00754801
0.669423	0.00773833
0.690841	0.00787087
0.709614	0.00796344
0.726319	0.00802744
0.741367	0.00807029
0.755051	0.00809697
0.767593	0.00811108
0.779166	0.00811525
0.789907	0.00811145
0.799926	0.00810118
0.809312	0.00808559
0.818139	0.00806561
0.82647	0.00804194
0.834356	0.00801517
0.841842	0.00798578
0.848966	0.00795415
0.85576	0.0079206
0.862254	0.0078854
0.868472	0.00784877
0.874435	0.00781091
0.880165	0.00777198
0.885678	0.00773212
0.890988	0.00769145
0.896111	0.00765007
0.901058	0.00760808
0.905841	0.00756555
0.91047	0.00752255
0.914954	0.00747915
0.919303	0.00743538
0.923525	0.00739128
0.92763	0.00734685
0.931623	0.00730211
0.935511	0.00725707
0.939298	0.00721177
0.942988	0.00716621
0.946587	0.00712042
0.950097	0.00707442
0.953523	0.00702823
0.956866	0.00698189
0.96013	0.00693542
0.963315	0.00688887
0.966425	0.00684228
0.969459	0.00679573
0.97242	0.00674926
0.975309	0.00670292
0.978131	0.0066567
0.98089	0.0066106
0.983591	0.0065646
0.986236	0.00651868
0.988827	0.00647287
0.991365	0.00642716
0.993853	0.00638157
0.996292	0.0063361
0.998684	0.00629076
1.00103	0.00624556
1.00333	0.00620049
1.00559	0.00615557
1.0078	0.00611081
1.00998	0.00606621
1.01211	0.00602177
1.0142	0.00597751
1.01626	0.00593341
1.01828	0.0058895
1.02027	0.00584577
1.02221	0.00580224
1.02413	0.0057589
1.02601	0.00571576
1.02786	0.00567283
1.02968	0.00563011
1.03146	0.0055876
1.03322	0.00554532
1.03494	0.00550325
1.03664	0.00546142
1.0383	0.00541982
1.03994	0.00537845
1.04155	0.00533733
1.04314	0.00529645
1.0447	0.00525583
1.04623	0.00521545
1.04773	0.00517534
1.04922	0.00513549
1.05067	0.00509591
1.0521	0.0050566
1.05351	0.00501756
1.0549	0.0049788
1.05626	0.00494032
1.0576	0.00490214
1.05892	0.00486424
1.06021	0.00482663
1.06149	0.00478933
1.06274	0.00475232
1.06397	0.00471562
1.06519	0.00467924
1.06638	0.00464316
1.06755	0.0046074
1.0687	0.00457196
1.06983	0.00453685
1.07094	0.00450206
1.07204	0.0044676
1.07311	0.00443348
1.07417	0.0043997
1.07521	0.00436625
1.07623	0.00433315
1.07723	0.0043004
1.07822	0.004268
1.07919	0.00423596
1.08014	0.00420427
1.08107	0.00417294
1.08199	0.00414198
1.08289	0.00411138
1.08378	0.00408115
1.08465	0.00405129
1.0855	0.00402181
1.08633	0.00399271
1.08715	0.00396399
1.08796	0.00393565
1.08875	0.0039077
1.08953	0.00388013
1.09029	0.00385296
1.09103	0.00382618
1.09176	0.0037998
1.09248	0.00377382
1.09318	0.00374824
1.09386	0.00372306
1.09454	0.00369829
1.09519	0.00367393
1.09584	0.00364998
1.09647	0.00362643
1.09708	0.00360331
1.09769	0.0035806
1.09828	0.0035583
1.09885	0.00353643
1.09941	0.00351498
1.09996	0.00349395
1.1005	0.00347335
1.10102	0.00345317
1.10153	0.00343342
1.10203	0.0034141
1.10251	0.00339522
1.10299	0.00337676
1.10345	0.00335874
1.10389	0.00334116
1.10433	0.00332401
1.10475	0.00330731
1.10516	0.00329104
1.10556	0.00327521
1.10594	0.00325982
1.10631	0.00324487
1.10668	0.00323037
1.10702	0.00321632
1.10736	0.0032027
1.10769	0.00318954
1.108	0.00317682
1.1083	0.00316455
1.10859	0.00315273
1.10887	0.00314136
1.10914	0.00313043
1.1094	0.00311996
1.10964	0.00310994
1.10987	0.00310037
1.11009	0.00309126
1.1103	0.00308259
1.1105	0.00307438
1.11069	0.00306663
1.11087	0.00305933
1.11103	0.00305248
1.11119	0.00304608
1.11133	0.00304015
1.11146	0.00303467
1.11158	0.00302964
1.11169	0.00302507
1.11179	0.00302096
1.11188	0.0030173
1.11196	0.0030141
1.11202	0.00301136
1.11208	0.00300907
1.11212	0.00300724
1.11215	0.00300587
1.11217	0.00300495
1.11219	0.00300449
1.11219	0.00300449
)
