nodenumber,    x-coordinate,    y-coordinate,    z-coordinate,  dy-velocity-dx
         1, 0.000000000E+00,-1.000000000E+00, 0.000000000E+00, 0.000000000E+00
         2, 8.809142651E-19,-9.981600642E-01, 0.000000000E+00, 0.000000000E+00
         3, 5.421010862E-19,-9.960440993E-01, 0.000000000E+00,-2.069512182E-26
         4, 0.000000000E+00,-9.936107993E-01, 0.000000000E+00,-5.826739885E-26
         5, 0.000000000E+00,-9.908124804E-01, 0.000000000E+00,-1.548468013E-25
         6, 0.000000000E+00,-9.875944257E-01, 0.000000000E+00,-3.756102036E-25
         7, 0.000000000E+00,-9.838936329E-01, 0.000000000E+00,-2.795857647E-25
         8, 5.421010862E-19,-9.796377420E-01, 0.000000000E+00,-2.726931419E-25
         9, 0.000000000E+00,-9.747434855E-01, 0.000000000E+00, 5.446314918E-25
        10, 0.000000000E+00,-9.694315195E-01,-3.469446952E-18, 2.087509957E-24
        11, 0.000000000E+00,-9.641195536E-01, 0.000000000E+00,-2.437060535E-25
        12, 0.000000000E+00,-9.588075876E-01, 0.000000000E+00,-3.033103916E-24
        13, 0.000000000E+00,-9.534956813E-01, 0.000000000E+00,-3.106107865E-24
        14, 1.084202172E-18,-9.481837153E-01, 0.000000000E+00,-2.237511464E-24
        15, 0.000000000E+00,-9.428717494E-01, 0.000000000E+00,-2.837046146E-24
        16, 0.000000000E+00,-9.375597835E-01, 0.000000000E+00,-4.775390000E-24
        17, 0.000000000E+00,-9.322478771E-01, 0.000000000E+00,-3.313356614E-24
        18, 0.000000000E+00,-9.269359112E-01, 0.000000000E+00,-1.350081106E-24
        19, 0.000000000E+00,-9.216239452E-01, 0.000000000E+00,-2.713126748E-24
        20, 0.000000000E+00,-9.163119793E-01, 0.000000000E+00,-3.405579581E-24
        21, 0.000000000E+00,-9.110000134E-01, 0.000000000E+00, 1.635964496E-24
        22, 0.000000000E+00,-9.056881070E-01,-1.387778781E-17, 8.496888652E-24
        23, 0.000000000E+00,-9.003761411E-01,-6.938893904E-18, 7.899554497E-24
        24, 0.000000000E+00,-8.950641751E-01, 0.000000000E+00, 1.588760144E-24
        25, 0.000000000E+00,-8.897522092E-01, 0.000000000E+00,-8.367507772E-25
        26, 0.000000000E+00,-8.844402432E-01, 0.000000000E+00, 0.000000000E+00
        27, 0.000000000E+00,-8.791283369E-01, 0.000000000E+00,-7.785302293E-25
        28, 0.000000000E+00,-8.738163710E-01, 0.000000000E+00,-7.785283558E-25
        29, 0.000000000E+00,-8.685044050E-01, 0.000000000E+00, 0.000000000E+00
        30, 0.000000000E+00,-8.631924391E-01, 0.000000000E+00, 1.435288931E-24
        31, 0.000000000E+00,-8.578804731E-01, 0.000000000E+00, 2.934021014E-24
        32, 0.000000000E+00,-8.525685668E-01,-3.469446952E-18, 3.072891299E-24
        33, 0.000000000E+00,-8.472566009E-01,-6.938893904E-18, 7.735581870E-24
        34, 0.000000000E+00,-8.419446349E-01,-1.734723476E-17, 1.429388350E-23
        35, 0.000000000E+00,-8.366326690E-01,-1.040834086E-17, 1.388529931E-23
        36, 0.000000000E+00,-8.313207030E-01,-6.938893904E-18, 1.081902931E-23
        37, 0.000000000E+00,-8.260087967E-01,-6.938893904E-18, 1.025151252E-23
        38, 0.000000000E+00,-8.206968307E-01,-6.938893904E-18, 1.165681064E-23
        39, 0.000000000E+00,-8.153848648E-01,-1.040834086E-17, 1.816926367E-23
        40, 0.000000000E+00,-8.100728989E-01,-2.081668171E-17, 2.642457787E-23
        41, 0.000000000E+00,-8.047609925E-01,-1.387778781E-17, 2.445535071E-23
        42, 0.000000000E+00,-7.994490266E-01,-6.938893904E-18, 1.549958009E-23
        43, 0.000000000E+00,-7.941370606E-01,-6.938893904E-18, 8.655770761E-24
        44, 1.734723476E-18,-7.888250947E-01, 0.000000000E+00, 1.150307269E-23
        45, 0.000000000E+00,-7.835131288E-01,-2.081668171E-17, 1.442088064E-23
        46, 1.734723476E-18,-7.782012224E-01, 0.000000000E+00, 2.858370437E-24
        47, 0.000000000E+00,-7.728892565E-01,-6.938893904E-18,-1.526349709E-24
        48, 0.000000000E+00,-7.675772905E-01,-1.040834086E-17, 5.552606924E-24
        49, 0.000000000E+00,-7.622653246E-01,-6.938893904E-18, 1.102220833E-23
        50, 0.000000000E+00,-7.569533587E-01,-6.938893904E-18, 1.374955528E-23
        51, 0.000000000E+00,-7.516414523E-01,-6.938893904E-18, 1.362359628E-23
        52, 0.000000000E+00,-7.463294864E-01,-6.938893904E-18, 1.343519578E-23
        53, 0.000000000E+00,-7.410175204E-01,-6.938893904E-18, 1.197252776E-23
        54, 0.000000000E+00,-7.357055545E-01,-6.938893904E-18, 7.962851119E-24
        55, 0.000000000E+00,-7.303935885E-01, 0.000000000E+00, 2.664139077E-24
        56, 0.000000000E+00,-7.250816822E-01,-6.938893904E-18, 1.328655546E-24
        57, 0.000000000E+00,-7.197697163E-01, 0.000000000E+00, 2.632257066E-24
        58, 0.000000000E+00,-7.144577503E-01,-6.938893904E-18, 3.881417718E-24
        59, 0.000000000E+00,-7.091457844E-01,-6.938893904E-18, 2.577819747E-24
        60, 0.000000000E+00,-7.038338184E-01, 0.000000000E+00, 0.000000000E+00
        61, 0.000000000E+00,-6.985219121E-01,-6.938893904E-18, 5.311503816E-24
        62, 0.000000000E+00,-6.932099462E-01,-6.938893904E-18, 1.046085569E-23
        63, 0.000000000E+00,-6.878979802E-01,-6.938893904E-18, 1.014920673E-23
        64, 0.000000000E+00,-6.825860143E-01,-6.938893904E-18, 7.439739309E-24
        65, 0.000000000E+00,-6.772740483E-01, 0.000000000E+00, 4.897952952E-24
        66, 0.000000000E+00,-6.719621420E-01,-6.938893904E-18, 1.004082671E-23
        67, 0.000000000E+00,-6.666501760E-01,-1.387778781E-17, 1.517917003E-23
        68, 0.000000000E+00,-6.613382101E-01,-6.938893904E-18, 1.006721805E-23
        69, 0.000000000E+00,-6.560262442E-01,-6.938893904E-18, 3.680649068E-24
        70, 0.000000000E+00,-6.507143378E-01,-6.938893904E-18, 4.873342464E-24
        71, 0.000000000E+00,-6.454023719E-01,-6.938893904E-18, 6.143405761E-24
        72, 0.000000000E+00,-6.400904059E-01,-6.938893904E-18, 3.686802183E-24
        73, 0.000000000E+00,-6.347784400E-01,-6.938893904E-18, 4.738944232E-24
        74, 0.000000000E+00,-6.294664741E-01,-6.938893904E-18, 8.091937951E-24
        75, 0.000000000E+00,-6.241545677E-01,-6.938893904E-18, 6.867327636E-24
        76, 0.000000000E+00,-6.188426018E-01,-6.938893904E-18, 2.307439841E-24
        77, 0.000000000E+00,-6.135306358E-01,-6.938893904E-18, 2.400427215E-24
        78, 0.000000000E+00,-6.082186699E-01,-6.938893904E-18, 3.594697939E-24
        79, 0.000000000E+00,-6.029067039E-01,-6.938893904E-18, 2.387722019E-24
        80, 0.000000000E+00,-5.975947976E-01,-6.938893904E-18, 8.262562253E-24
        81, 0.000000000E+00,-5.922828317E-01,-6.938893904E-18, 1.507465858E-23
        82, 0.000000000E+00,-5.869708657E-01,-6.938893904E-18, 1.367787464E-23
        83, 0.000000000E+00,-5.816588998E-01, 0.000000000E+00, 1.612359115E-23
        84, 0.000000000E+00,-5.763469338E-01,-6.938893904E-18, 2.333053287E-23
        85, 0.000000000E+00,-5.710350275E-01,-6.938893904E-18, 2.457143948E-23
        86, 0.000000000E+00,-5.657230616E-01,-6.938893904E-18, 2.344992539E-23
        87, 0.000000000E+00,-5.604110956E-01,-6.938893904E-18, 2.034649610E-23
        88, 0.000000000E+00,-5.550991297E-01,-6.938893904E-18, 1.787580899E-23
        89, 0.000000000E+00,-5.497871637E-01,-6.938893904E-18, 2.064722250E-23
        90, 0.000000000E+00,-5.444752574E-01,-6.938893904E-18, 2.792705813E-23
        91, 0.000000000E+00,-5.391632915E-01,-6.938893904E-18, 4.032790738E-23
        92, 0.000000000E+00,-5.338513255E-01,-6.938893904E-18, 4.617777800E-23
        93, 0.000000000E+00,-5.285393596E-01,-6.938893904E-18, 4.017491254E-23
        94, 0.000000000E+00,-5.232274532E-01,-6.938893904E-18, 3.566088636E-23
        95, 0.000000000E+00,-5.179154873E-01,-6.938893904E-18, 3.581783813E-23
        96, 0.000000000E+00,-5.126035213E-01,-6.938893904E-18, 4.071985135E-23
        97, 0.000000000E+00,-5.072915554E-01,-6.938893904E-18, 5.064632162E-23
        98, 0.000000000E+00,-5.019795895E-01,-3.469446952E-18, 4.914781091E-23
        99, 0.000000000E+00,-4.966676533E-01,-3.469446952E-18, 3.921871215E-23
       100, 0.000000000E+00,-4.913557172E-01,-6.938893904E-18, 3.568015666E-23
       101, 0.000000000E+00,-4.860437512E-01,-6.938893904E-18, 3.213041511E-23
       102, 0.000000000E+00,-4.807317853E-01,-3.469446952E-18, 2.551142720E-23
       103, 0.000000000E+00,-4.754198492E-01,-6.938893904E-18, 1.751147674E-23
       104, 0.000000000E+00,-4.701078832E-01,-3.469446952E-18, 1.431733949E-23
       105, 0.000000000E+00,-4.647959471E-01,-6.938893904E-18, 1.915310417E-23
       106, 0.000000000E+00,-4.594839811E-01,-6.938893904E-18, 2.244594370E-23
       107, 0.000000000E+00,-4.541720152E-01,-6.938893904E-18, 1.769805339E-23
       108, 0.000000000E+00,-4.488600791E-01,-6.938893904E-18, 1.130286216E-23
       109, 0.000000000E+00,-4.435481131E-01,-6.938893904E-18, 1.455513214E-23
       110, 0.000000000E+00,-4.382361770E-01,-3.469446952E-18, 2.427083456E-23
       111, 0.000000000E+00,-4.329242110E-01,-3.469446952E-18, 2.919635426E-23
       112, 0.000000000E+00,-4.276122749E-01,-3.469446952E-18, 2.931736552E-23
       113, 0.000000000E+00,-4.223003089E-01,-6.938893904E-18, 3.100240397E-23
       114, 0.000000000E+00,-4.169883430E-01,-6.938893904E-18, 2.612377890E-23
       115, 0.000000000E+00,-4.116764069E-01,-6.938893904E-18, 1.471009283E-23
       116, 0.000000000E+00,-4.063644409E-01,-3.469446952E-18, 9.770751497E-24
       117, 0.000000000E+00,-4.010525048E-01,-6.938893904E-18, 9.726878998E-24
       118, 0.000000000E+00,-3.957405388E-01,-3.469446952E-18, 8.105822691E-24
       119, 0.000000000E+00,-3.904285729E-01,-3.469446952E-18, 4.885780434E-24
       120, 0.000000000E+00,-3.851166368E-01,-3.469446952E-18, 3.267627925E-24
       121, 0.000000000E+00,-3.798046708E-01,-3.469446952E-18, 3.255358377E-24
       122, 0.000000000E+00,-3.744927347E-01,-3.469446952E-18, 3.253905295E-24
       123, 0.000000000E+00,-3.691807687E-01,-3.469446952E-18, 4.900622458E-24
       124, 0.000000000E+00,-3.638688326E-01,-3.469446952E-18, 6.550136133E-24
       125, 0.000000000E+00,-3.585568666E-01,-3.469446952E-18, 6.550868590E-24
       126, 0.000000000E+00,-3.532449007E-01,-3.469446952E-18, 6.505996604E-24
       127, 0.000000000E+00,-3.479329646E-01,-3.469446952E-18, 6.460321557E-24
       128, 0.000000000E+00,-3.426209986E-01,-3.469446952E-18, 8.091381804E-24
       129, 0.000000000E+00,-3.373090625E-01,-3.469446952E-18, 9.755701609E-24
       130, 0.000000000E+00,-3.319970965E-01,-3.469446952E-18, 6.516936132E-24
       131, 0.000000000E+00,-3.266851306E-01,-3.469446952E-18, 3.246992901E-24
       132, 0.000000000E+00,-3.213731945E-01,-3.469446952E-18, 4.863735716E-24
       133, 0.000000000E+00,-3.160612285E-01,-3.469446952E-18, 6.493723900E-24
       134, 0.000000000E+00,-3.107492924E-01,-3.469446952E-18, 6.506385512E-24
       135, 0.000000000E+00,-3.054373264E-01,-3.469446952E-18, 6.495050764E-24
       136, 0.000000000E+00,-3.001253903E-01,-3.469446952E-18, 6.464563657E-24
       137, 0.000000000E+00,-2.948134243E-01,-3.469446952E-18, 8.070912441E-24
       138, 0.000000000E+00,-2.895014584E-01,-3.469446952E-18, 9.685162455E-24
       139, 0.000000000E+00,-2.841895223E-01,-3.469446952E-18, 8.074909599E-24
       140, 0.000000000E+00,-2.788775563E-01,-3.469446952E-18, 6.466742491E-24
       141, 0.000000000E+00,-2.735656202E-01,-3.469446952E-18, 6.457512818E-24
       142, 0.000000000E+00,-2.682536542E-01,-3.469446952E-18, 6.451798704E-24
       143, 0.000000000E+00,-2.629416883E-01,-3.469446952E-18, 6.447316791E-24
       144, 0.000000000E+00,-2.576297522E-01,-3.469446952E-18, 4.834442155E-24
       145, 0.000000000E+00,-2.523177862E-01,-3.469446952E-18, 4.839943277E-24
       146, 0.000000000E+00,-2.470058352E-01,-3.469446952E-18, 4.838289824E-24
       147, 0.000000000E+00,-2.416938841E-01,-3.469446952E-18,-3.225434516E-24
       148, 0.000000000E+00,-2.363819331E-01, 0.000000000E+00,-9.678722195E-24
       149, 0.000000000E+00,-2.310699821E-01, 0.000000000E+00,-1.128572337E-23
       150, 0.000000000E+00,-2.257580310E-01, 0.000000000E+00,-1.288033153E-23
       151, 0.000000000E+00,-2.204460651E-01, 0.000000000E+00,-1.126306018E-23
       152, 0.000000000E+00,-2.151341140E-01, 0.000000000E+00,-1.443601415E-23
       153, 0.000000000E+00,-2.098221630E-01, 0.000000000E+00,-2.078884986E-23
       154, 0.000000000E+00,-2.045102119E-01, 0.000000000E+00,-1.597904501E-23
       155, 0.000000000E+00,-1.991982609E-01, 0.000000000E+00,-9.604967645E-24
       156, 0.000000000E+00,-1.938863099E-01, 0.000000000E+00,-1.442361799E-23
       157, 0.000000000E+00,-1.885743439E-01, 0.000000000E+00,-1.922005795E-23
       158, 0.000000000E+00,-1.832623929E-01, 3.469446952E-18,-1.920314793E-23
       159, 0.000000000E+00,-1.779504418E-01, 0.000000000E+00,-1.919525143E-23
       160, 0.000000000E+00,-1.726384908E-01, 0.000000000E+00,-1.917667218E-23
       161, 0.000000000E+00,-1.673265398E-01, 0.000000000E+00,-1.915044729E-23
       162, 0.000000000E+00,-1.620145887E-01, 0.000000000E+00,-1.434081126E-23
       163, 0.000000000E+00,-1.567026228E-01, 0.000000000E+00,-6.365876763E-24
       164, 0.000000000E+00,-1.513906717E-01, 0.000000000E+00,-4.783703805E-24
       165, 0.000000000E+00,-1.460787207E-01, 0.000000000E+00,-6.384498614E-24
       166, 0.000000000E+00,-1.407667696E-01, 0.000000000E+00,-7.987926640E-24
       167, 0.000000000E+00,-1.354548186E-01, 0.000000000E+00,-1.276321409E-23
       168, 0.000000000E+00,-1.301428676E-01, 0.000000000E+00,-1.273796896E-23
       169, 0.000000000E+00,-1.248309091E-01, 0.000000000E+00,-6.357475789E-24
       170, 0.000000000E+00,-1.195189580E-01, 0.000000000E+00,-4.767304965E-24
       171, 0.000000000E+00,-1.142069995E-01, 0.000000000E+00,-9.537856881E-24
       172, 0.000000000E+00,-1.088950485E-01, 0.000000000E+00,-1.429710363E-23
       173, 0.000000000E+00,-1.035830975E-01, 0.000000000E+00,-1.585859226E-23
       174, 0.000000000E+00,-9.827113897E-02, 0.000000000E+00,-1.741182625E-23
       175, 0.000000000E+00,-9.295918792E-02, 0.000000000E+00,-1.581734273E-23
       176, 0.000000000E+00,-8.764723688E-02, 0.000000000E+00,-6.326331561E-24
       177, 0.000000000E+00,-8.233527839E-02,-6.938893904E-18, 1.578496077E-24
       178, 0.000000000E+00,-7.702332735E-02, 0.000000000E+00,-1.577340791E-24
       179, 0.000000000E+00,-7.171137631E-02, 0.000000000E+00,-9.472943095E-24
       180, 0.000000000E+00,-6.639941782E-02, 0.000000000E+00,-1.105642832E-23
       181, 0.000000000E+00,-6.108746678E-02, 0.000000000E+00,-7.897243924E-24
       182, 0.000000000E+00,-5.577551201E-02,-3.469446952E-18,-7.883865632E-24
       183, 0.000000000E+00,-5.046355724E-02, 0.000000000E+00,-1.102079548E-23
       184, 0.000000000E+00,-4.515160620E-02, 0.000000000E+00,-1.257995854E-23
       185, 0.000000000E+00,-3.983965144E-02, 0.000000000E+00,-9.420034194E-24
       186, 0.000000000E+00,-3.452769667E-02,-6.938893904E-18,-3.134926138E-24
       187, 0.000000000E+00,-2.921574377E-02,-6.938893904E-18,-1.566677758E-24
       188, 0.000000000E+00,-2.390379086E-02,-6.938893904E-18,-7.818891892E-24
       189, 0.000000000E+00,-1.859183796E-02, 0.000000000E+00,-1.716801143E-23
       190, 0.000000000E+00,-1.327988412E-02, 0.000000000E+00,-2.181791733E-23
       191, 0.000000000E+00,-7.967930287E-03, 0.000000000E+00,-2.023343025E-23
       192, 0.000000000E+00,-2.655976685E-03, 0.000000000E+00,-1.711413066E-23
       193, 0.000000000E+00,-2.260698573E-11, 0.000000000E+00,-1.400523614E-23
