(title "Static Pressure vs. Y-Coordinate")
(labels "Y-Coordinate" "Static Pressure")

((xy/key/label "line")
-1	4.3776e-11
-0.99816	4.21386e-11
-0.996044	3.96705e-11
-0.993611	3.82727e-11
-0.990812	3.42389e-11
-0.987594	2.22851e-11
-0.983894	1.28514e-11
-0.979638	6.58486e-12
-0.974743	-3.01946e-11
-0.969432	-6.25813e-11
-0.96412	-5.85408e-11
-0.958808	-2.47541e-12
-0.953496	8.17638e-11
-0.948184	1.08508e-10
-0.942872	9.78381e-11
-0.93756	1.20182e-10
-0.932248	6.96024e-11
-0.926936	8.1451e-12
-0.921624	7.21e-11
-0.916312	3.50801e-12
-0.911	-9.67094e-11
-0.905688	-4.80013e-11
-0.900376	-3.07794e-11
-0.895064	-3.19451e-11
-0.889752	4.90802e-12
-0.88444	1.19412e-10
-0.879128	2.86232e-10
-0.873816	3.27964e-10
-0.868504	1.55008e-10
-0.863192	-4.65343e-11
-0.85788	-1.07868e-10
-0.852569	-2.0355e-10
-0.847257	-4.16863e-10
-0.841945	-6.1798e-10
-0.836633	-6.81901e-10
-0.831321	-5.05915e-10
-0.826009	-1.80918e-10
-0.820697	2.41269e-11
-0.815385	-1.90652e-11
-0.810073	-1.63572e-10
-0.804761	-2.73073e-10
-0.799449	-2.06086e-10
-0.794137	-9.27522e-12
-0.788825	7.02927e-11
-0.783513	-4.2759e-11
-0.778201	1.43707e-11
-0.772889	3.1144e-10
-0.767577	3.02102e-10
-0.762265	1.09867e-10
-0.756953	1.07027e-10
-0.751641	1.74674e-10
-0.746329	1.73796e-10
-0.741018	1.0616e-10
-0.735706	-1.68068e-12
-0.730394	-2.40547e-11
-0.725082	1.40634e-10
-0.71977	2.32828e-10
-0.714458	1.26383e-10
-0.709146	-7.27493e-11
-0.703834	-1.0589e-10
-0.698522	8.03785e-11
-0.69321	3.15297e-10
-0.687898	3.89062e-10
-0.682586	2.69655e-10
-0.677274	-1.56451e-11
-0.671962	-2.3867e-10
-0.66665	1.43001e-11
-0.661338	2.83671e-10
-0.656026	2.21827e-10
-0.650714	-1.51016e-11
-0.645402	-3.65456e-11
-0.64009	2.4821e-10
-0.634778	3.97221e-10
-0.629466	3.16968e-10
-0.624155	-2.78396e-11
-0.618843	-2.81395e-10
-0.613531	-1.08528e-10
-0.608219	6.3338e-11
-0.602907	6.13869e-11
-0.597595	2.16591e-10
-0.592283	3.43312e-10
-0.586971	1.1096e-10
-0.581659	-1.55854e-10
-0.576347	-9.60384e-11
-0.571035	1.51072e-11
-0.565723	-1.12316e-10
-0.560411	-5.71086e-10
-0.555099	-1.03445e-09
-0.549787	-1.09452e-09
-0.544475	-1.03263e-09
-0.539163	-7.57593e-10
-0.533851	-3.2472e-10
-0.528539	-1.3457e-10
-0.523227	-1.0039e-10
-0.517915	-6.4809e-12
-0.512604	6.78478e-12
-0.507292	-5.4735e-11
-0.50198	3.50587e-11
-0.496668	1.51476e-10
-0.491356	2.13178e-10
-0.486044	2.29831e-10
-0.480732	1.11739e-10
-0.47542	5.47751e-11
-0.470108	1.69412e-11
-0.464796	-6.43142e-11
-0.459484	-6.1823e-11
-0.454172	-4.47386e-11
-0.44886	-1.92655e-11
-0.443548	2.0558e-11
-0.438236	6.98015e-12
-0.432924	-4.18902e-11
-0.427612	-3.56345e-11
-0.4223	1.37471e-11
-0.416988	1.58114e-12
-0.411676	6.15726e-11
-0.406364	1.48569e-10
-0.401053	8.83306e-11
-0.395741	-2.79553e-11
-0.390429	-7.58003e-11
-0.385117	6.52462e-11
-0.379805	1.00169e-10
-0.374493	-1.35785e-11
-0.369181	-4.35706e-11
-0.363869	-1.77988e-12
-0.358557	1.11517e-10
-0.353245	2.36356e-10
-0.347933	1.05912e-10
-0.342621	-7.98869e-11
-0.337309	-5.67724e-11
-0.331997	5.31618e-11
-0.326685	1.09774e-10
-0.321373	3.3956e-11
-0.316061	-1.32563e-11
-0.310749	2.35226e-11
-0.305437	1.28078e-10
-0.300125	1.20598e-10
-0.294813	3.49303e-11
-0.289501	3.899e-11
-0.28419	-3.02182e-12
-0.278878	5.38654e-11
-0.273566	7.50721e-11
-0.268254	4.93221e-11
-0.262942	5.91283e-11
-0.25763	1.18617e-11
-0.252318	3.57306e-11
-0.247006	5.01402e-11
-0.241694	3.29017e-11
-0.236382	3.20844e-11
-0.23107	6.74332e-11
-0.225758	6.89677e-11
-0.220446	6.82825e-11
-0.215134	1.26516e-10
-0.209822	9.81708e-11
-0.20451	1.75902e-11
-0.199198	7.36982e-12
-0.193886	3.06478e-11
-0.188574	6.24324e-11
-0.183262	5.28985e-11
-0.17795	5.80319e-11
-0.172638	7.02718e-11
-0.167327	7.94889e-11
-0.162015	7.59389e-11
-0.156703	2.21118e-11
-0.151391	6.138e-12
-0.146079	1.11382e-11
-0.140767	3.86405e-11
-0.135455	9.03714e-11
-0.130143	9.64647e-11
-0.124831	5.99583e-11
-0.119519	3.41183e-11
-0.114207	3.67343e-11
-0.108895	7.15742e-11
-0.103583	8.75423e-11
-0.0982711	7.56872e-11
-0.0929592	4.47367e-11
-0.0876472	4.31103e-11
-0.0823353	7.95558e-11
-0.0770233	5.19811e-11
-0.0717114	2.41903e-11
-0.0663994	3.2558e-11
-0.0610875	5.74501e-11
-0.0557755	8.41373e-11
-0.0504636	7.49665e-11
-0.0451516	8.1169e-11
-0.0398397	8.5753e-11
-0.0345277	5.51652e-11
-0.0292157	5.91919e-11
-0.0239038	8.95461e-11
-0.0185918	9.37222e-11
-0.0132799	7.7738e-11
-0.00796793	6.6e-11
-0.00265598	3.06459e-11
0	3.38982e-11
)
