(title "X Velocity vs. Y-Coordinate")
(labels "Y-Coordinate" "X Velocity")

((xy/key/label "line")
-1	0
-0.99816	0.0546075
-0.996044	0.117167
-0.993611	0.187977
-0.990812	0.264929
-0.987594	0.342392
-0.983894	0.41413
-0.979638	0.477374
-0.974743	0.532613
-0.969432	0.578655
-0.96412	0.614937
-0.958808	0.64453
-0.953496	0.669417
-0.948184	0.690835
-0.942872	0.709607
-0.93756	0.726313
-0.932248	0.74136
-0.926936	0.755044
-0.921624	0.767586
-0.916312	0.779159
-0.911	0.7899
-0.905688	0.799919
-0.900376	0.809304
-0.895064	0.818132
-0.889752	0.826463
-0.88444	0.834349
-0.879128	0.841835
-0.873816	0.848959
-0.868504	0.855753
-0.863192	0.862247
-0.85788	0.868465
-0.852569	0.874429
-0.847257	0.880158
-0.841945	0.885671
-0.836633	0.890982
-0.831321	0.896105
-0.826009	0.901052
-0.820697	0.905835
-0.815385	0.910464
-0.810073	0.914948
-0.804761	0.919297
-0.799449	0.923519
-0.794137	0.927624
-0.788825	0.931618
-0.783513	0.935505
-0.778201	0.939292
-0.772889	0.942983
-0.767577	0.946582
-0.762265	0.950092
-0.756953	0.953518
-0.751641	0.956861
-0.746329	0.960125
-0.741018	0.963311
-0.735706	0.966421
-0.730394	0.969455
-0.725082	0.972416
-0.71977	0.975306
-0.714458	0.978128
-0.709146	0.980887
-0.703834	0.983588
-0.698522	0.986233
-0.69321	0.988824
-0.687898	0.991363
-0.682586	0.993851
-0.677274	0.99629
-0.671962	0.998681
-0.66665	1.00103
-0.661338	1.00333
-0.656026	1.00558
-0.650714	1.0078
-0.645402	1.00997
-0.64009	1.01211
-0.634778	1.0142
-0.629466	1.01626
-0.624155	1.01828
-0.618843	1.02026
-0.613531	1.02221
-0.608219	1.02413
-0.602907	1.02601
-0.597595	1.02786
-0.592283	1.02967
-0.586971	1.03146
-0.581659	1.03321
-0.576347	1.03494
-0.571035	1.03663
-0.565723	1.0383
-0.560411	1.03994
-0.555099	1.04155
-0.549787	1.04314
-0.544475	1.04469
-0.539163	1.04623
-0.533851	1.04773
-0.528539	1.04921
-0.523227	1.05067
-0.517915	1.0521
-0.512604	1.05351
-0.507292	1.0549
-0.50198	1.05626
-0.496668	1.0576
-0.491356	1.05892
-0.486044	1.06021
-0.480732	1.06149
-0.47542	1.06274
-0.470108	1.06397
-0.464796	1.06518
-0.459484	1.06638
-0.454172	1.06755
-0.44886	1.0687
-0.443548	1.06983
-0.438236	1.07094
-0.432924	1.07204
-0.427612	1.07311
-0.4223	1.07417
-0.416988	1.07521
-0.411676	1.07623
-0.406364	1.07723
-0.401053	1.07822
-0.395741	1.07919
-0.390429	1.08014
-0.385117	1.08107
-0.379805	1.08199
-0.374493	1.08289
-0.369181	1.08378
-0.363869	1.08464
-0.358557	1.0855
-0.353245	1.08633
-0.347933	1.08715
-0.342621	1.08796
-0.337309	1.08875
-0.331997	1.08952
-0.326685	1.09028
-0.321373	1.09103
-0.316061	1.09176
-0.310749	1.09247
-0.305437	1.09317
-0.300125	1.09386
-0.294813	1.09453
-0.289501	1.09519
-0.28419	1.09584
-0.278878	1.09647
-0.273566	1.09708
-0.268254	1.09769
-0.262942	1.09827
-0.25763	1.09885
-0.252318	1.09941
-0.247006	1.09996
-0.241694	1.1005
-0.236382	1.10102
-0.23107	1.10153
-0.225758	1.10203
-0.220446	1.10251
-0.215134	1.10299
-0.209822	1.10344
-0.20451	1.10389
-0.199198	1.10433
-0.193886	1.10475
-0.188574	1.10516
-0.183262	1.10555
-0.17795	1.10594
-0.172638	1.10631
-0.167327	1.10667
-0.162015	1.10702
-0.156703	1.10736
-0.151391	1.10769
-0.146079	1.108
-0.140767	1.1083
-0.135455	1.10859
-0.130143	1.10887
-0.124831	1.10914
-0.119519	1.10939
-0.114207	1.10964
-0.108895	1.10987
-0.103583	1.11009
-0.0982711	1.1103
-0.0929592	1.1105
-0.0876472	1.11069
-0.0823353	1.11087
-0.0770233	1.11103
-0.0717114	1.11119
-0.0663994	1.11133
-0.0610875	1.11146
-0.0557755	1.11158
-0.0504636	1.11169
-0.0451516	1.11179
-0.0398397	1.11188
-0.0345277	1.11195
-0.0292157	1.11202
-0.0239038	1.11207
-0.0185918	1.11212
-0.0132799	1.11215
-0.00796793	1.11217
-0.00265598	1.11218
0	1.11218
)
