(title "Turbulent Kinetic Energy (k) vs. Y-Coordinate")
(labels "Y-Coordinate" "Turbulent Kinetic Energy (k)")

((xy/key/label "line")
-1	0.00514889
-0.999807	0.00407227
-0.999585	0.00270075
-0.99933	0.0028083
-0.999037	0.00344301
-0.9987	0.00411413
-0.998312	0.0046685
-0.997866	0.00510317
-0.997353	0.0054432
-0.996763	0.0057112
-0.996085	0.00592419
-0.995305	0.00609472
-0.994408	0.00623203
-0.993376	0.00634288
-0.992189	0.00643208
-0.990873	0.00650092
-0.989556	0.00654889
-0.988239	0.00658263
-0.986922	0.00660641
-0.985606	0.00662304
-0.984289	0.0066344
-0.982972	0.00664177
-0.981655	0.00664603
-0.980338	0.00664785
-0.979022	0.00664768
-0.977705	0.00664589
-0.976388	0.00664276
-0.975071	0.0066385
-0.973755	0.00663329
-0.972438	0.00662728
-0.971121	0.00662057
-0.969804	0.00661327
-0.968488	0.00660546
-0.967171	0.0065972
-0.965854	0.00658856
-0.964537	0.00657959
-0.96322	0.00657031
-0.961904	0.00656078
-0.960587	0.00655103
-0.95927	0.00654107
-0.957953	0.00653095
-0.956637	0.00652067
-0.95532	0.00651026
-0.954003	0.00649974
-0.952686	0.00648911
-0.951369	0.00647839
-0.950053	0.00646759
-0.948736	0.00645673
-0.947419	0.00644581
-0.946102	0.00643484
-0.944786	0.00642382
-0.943469	0.00641277
-0.942152	0.00640168
-0.940835	0.00639057
-0.939518	0.00637944
-0.938202	0.00636829
-0.936885	0.00635713
-0.935568	0.00634596
-0.934251	0.00633478
-0.932935	0.0063236
-0.931618	0.00631241
-0.930301	0.00630122
-0.928984	0.00629004
-0.927667	0.00627885
-0.926351	0.00626767
-0.925034	0.0062565
-0.923717	0.00624534
-0.9224	0.00623418
-0.921084	0.00622304
-0.919767	0.0062119
-0.91845	0.00620078
-0.917133	0.00618967
-0.915817	0.00617857
-0.9145	0.00616748
-0.913183	0.00615641
-0.911866	0.00614535
-0.910549	0.00613431
-0.909233	0.00612329
-0.907916	0.00611228
-0.906599	0.00610128
-0.905282	0.0060903
-0.903966	0.00607934
-0.902649	0.00606839
-0.901332	0.00605747
-0.900015	0.00604655
-0.898698	0.00603566
-0.897382	0.00602478
-0.896065	0.00601392
-0.894748	0.00600308
-0.893431	0.00599226
-0.892115	0.00598145
-0.890798	0.00597066
-0.889481	0.00595989
-0.888164	0.00594913
-0.886847	0.00593839
-0.885531	0.00592767
-0.884214	0.00591697
-0.882897	0.00590628
-0.88158	0.00589562
-0.880264	0.00588497
-0.878947	0.00587434
-0.87763	0.00586372
-0.876313	0.00585313
-0.874997	0.00584255
-0.87368	0.00583199
-0.872363	0.00582144
-0.871046	0.00581092
-0.869729	0.00580041
-0.868413	0.00578992
-0.867096	0.00577944
-0.865779	0.00576898
-0.864462	0.00575854
-0.863146	0.00574812
-0.861829	0.00573772
-0.860512	0.00572733
-0.859195	0.00571695
-0.857878	0.0057066
-0.856562	0.00569626
-0.855245	0.00568594
-0.853928	0.00567564
-0.852611	0.00566535
-0.851295	0.00565507
-0.849978	0.00564482
-0.848661	0.00563457
-0.847344	0.00562435
-0.846027	0.00561414
-0.844711	0.00560394
-0.843394	0.00559376
-0.842077	0.00558359
-0.84076	0.00557344
-0.839444	0.00556331
-0.838127	0.00555319
-0.83681	0.00554308
-0.835493	0.005533
-0.834177	0.00552292
-0.83286	0.00551286
-0.831543	0.00550282
-0.830226	0.00549279
-0.828909	0.00548277
-0.827593	0.00547277
-0.826276	0.00546279
-0.824959	0.00545281
-0.823642	0.00544286
-0.822326	0.00543291
-0.821009	0.00542298
-0.819692	0.00541307
-0.818375	0.00540317
-0.817058	0.00539328
-0.815742	0.0053834
-0.814425	0.00537354
-0.813108	0.00536369
-0.811791	0.00535385
-0.810475	0.00534403
-0.809158	0.00533422
-0.807841	0.00532443
-0.806524	0.00531465
-0.805207	0.00530489
-0.803891	0.00529514
-0.802574	0.0052854
-0.801257	0.00527567
-0.79994	0.00526596
-0.798624	0.00525626
-0.797307	0.00524657
-0.79599	0.00523689
-0.794673	0.00522723
-0.793357	0.00521758
-0.79204	0.00520794
-0.790723	0.00519831
-0.789406	0.0051887
-0.788089	0.0051791
-0.786773	0.00516951
-0.785456	0.00515993
-0.784139	0.00515036
-0.782822	0.00514081
-0.781506	0.00513127
-0.780189	0.00512174
-0.778872	0.00511222
-0.777555	0.00510272
-0.776238	0.00509322
-0.774922	0.00508374
-0.773605	0.00507427
-0.772288	0.00506481
-0.770971	0.00505537
-0.769655	0.00504593
-0.768338	0.00503651
-0.767021	0.00502709
-0.765704	0.00501769
-0.764387	0.0050083
-0.763071	0.00499892
-0.761754	0.00498955
-0.760437	0.00498019
-0.75912	0.00497084
-0.757804	0.0049615
-0.756487	0.00495218
-0.75517	0.00494286
-0.753853	0.00493355
-0.752537	0.00492426
-0.75122	0.00491497
-0.749903	0.0049057
-0.748586	0.00489643
-0.747269	0.00488718
-0.745953	0.00487794
-0.744636	0.00486871
-0.743319	0.00485949
-0.742002	0.00485028
-0.740686	0.00484108
-0.739369	0.0048319
-0.738052	0.00482272
-0.736735	0.00481356
-0.735418	0.0048044
-0.734102	0.00479526
-0.732785	0.00478613
-0.731468	0.004777
-0.730151	0.00476789
-0.728835	0.00475879
-0.727518	0.0047497
-0.726201	0.00474061
-0.724884	0.00473154
-0.723567	0.00472248
-0.722251	0.00471343
-0.720934	0.00470438
-0.719617	0.00469535
-0.7183	0.00468633
-0.716984	0.00467731
-0.715667	0.00466831
-0.71435	0.00465932
-0.713033	0.00465033
-0.711717	0.00464136
-0.7104	0.0046324
-0.709083	0.00462345
-0.707766	0.0046145
-0.706449	0.00460557
-0.705133	0.00459665
-0.703816	0.00458774
-0.702499	0.00457884
-0.701182	0.00456994
-0.699866	0.00456106
-0.698549	0.00455219
-0.697232	0.00454333
-0.695915	0.00453448
-0.694598	0.00452564
-0.693282	0.00451681
-0.691965	0.00450799
-0.690648	0.00449917
-0.689331	0.00449037
-0.688015	0.00448158
-0.686698	0.0044728
-0.685381	0.00446402
-0.684064	0.00445526
-0.682747	0.0044465
-0.681431	0.00443776
-0.680114	0.00442902
-0.678797	0.0044203
-0.67748	0.00441158
-0.676164	0.00440287
-0.674847	0.00439418
-0.67353	0.00438549
-0.672213	0.00437681
-0.670897	0.00436814
-0.66958	0.00435948
-0.668263	0.00435083
-0.666946	0.00434218
-0.665629	0.00433355
-0.664313	0.00432493
-0.662996	0.00431632
-0.661679	0.00430771
-0.660362	0.00429912
-0.659046	0.00429053
-0.657729	0.00428196
-0.656412	0.00427339
-0.655095	0.00426484
-0.653778	0.00425629
-0.652462	0.00424775
-0.651145	0.00423922
-0.649828	0.0042307
-0.648511	0.00422219
-0.647195	0.00421369
-0.645878	0.00420519
-0.644561	0.00419671
-0.643244	0.00418824
-0.641927	0.00417977
-0.640611	0.00417132
-0.639294	0.00416287
-0.637977	0.00415443
-0.63666	0.00414601
-0.635344	0.00413759
-0.634027	0.00412918
-0.63271	0.00412078
-0.631393	0.00411239
-0.630077	0.00410401
-0.62876	0.00409564
-0.627443	0.00408728
-0.626126	0.00407892
-0.624809	0.00407058
-0.623493	0.00406225
-0.622176	0.00405392
-0.620859	0.00404561
-0.619542	0.00403731
-0.618226	0.00402901
-0.616909	0.00402073
-0.615592	0.00401245
-0.614275	0.00400419
-0.612958	0.00399593
-0.611642	0.00398768
-0.610325	0.00397945
-0.609008	0.00397122
-0.607691	0.003963
-0.606375	0.0039548
-0.605058	0.0039466
-0.603741	0.00393841
-0.602424	0.00393023
-0.601107	0.00392206
-0.599791	0.0039139
-0.598474	0.00390575
-0.597157	0.00389761
-0.59584	0.00388947
-0.594524	0.00388135
-0.593207	0.00387324
-0.59189	0.00386513
-0.590573	0.00385704
-0.589257	0.00384896
-0.58794	0.00384088
-0.586623	0.00383282
-0.585306	0.00382477
-0.583989	0.00381673
-0.582673	0.00380869
-0.581356	0.00380067
-0.580039	0.00379266
-0.578722	0.00378465
-0.577406	0.00377666
-0.576089	0.00376868
-0.574772	0.0037607
-0.573455	0.00375274
-0.572138	0.00374479
-0.570822	0.00373684
-0.569505	0.00372891
-0.568188	0.00372099
-0.566871	0.00371307
-0.565555	0.00370517
-0.564238	0.00369728
-0.562921	0.0036894
-0.561604	0.00368153
-0.560287	0.00367367
-0.558971	0.00366581
-0.557654	0.00365797
-0.556337	0.00365014
-0.55502	0.00364232
-0.553704	0.00363452
-0.552387	0.00362672
-0.55107	0.00361893
-0.549753	0.00361115
-0.548437	0.00360339
-0.54712	0.00359563
-0.545803	0.00358789
-0.544486	0.00358015
-0.543169	0.00357243
-0.541853	0.00356471
-0.540536	0.00355701
-0.539219	0.00354932
-0.537902	0.00354164
-0.536586	0.00353397
-0.535269	0.00352631
-0.533952	0.00351866
-0.532635	0.00351102
-0.531318	0.00350339
-0.530002	0.00349578
-0.528685	0.00348817
-0.527368	0.00348058
-0.526051	0.00347299
-0.524735	0.00346542
-0.523418	0.00345786
-0.522101	0.00345031
-0.520784	0.00344278
-0.519467	0.00343525
-0.518151	0.00342773
-0.516834	0.00342023
-0.515517	0.00341273
-0.5142	0.00340525
-0.512884	0.00339777
-0.511567	0.00339031
-0.51025	0.00338286
-0.508933	0.00337542
-0.507617	0.00336799
-0.5063	0.00336057
-0.504983	0.00335316
-0.503666	0.00334576
-0.502349	0.00333838
-0.501033	0.003331
-0.499716	0.00332364
-0.498399	0.00331629
-0.497082	0.00330895
-0.495766	0.00330162
-0.494449	0.0032943
-0.493132	0.003287
-0.491815	0.0032797
-0.490498	0.00327242
-0.489182	0.00326515
-0.487865	0.0032579
-0.486548	0.00325065
-0.485231	0.00324342
-0.483915	0.0032362
-0.482598	0.003229
-0.481281	0.0032218
-0.479964	0.00321462
-0.478647	0.00320745
-0.477331	0.00320029
-0.476014	0.00319315
-0.474697	0.00318602
-0.47338	0.0031789
-0.472064	0.00317179
-0.470747	0.0031647
-0.46943	0.00315761
-0.468113	0.00315055
-0.466796	0.00314349
-0.46548	0.00313645
-0.464163	0.00312942
-0.462846	0.0031224
-0.461529	0.0031154
-0.460213	0.00310841
-0.458896	0.00310143
-0.457579	0.00309446
-0.456262	0.00308751
-0.454946	0.00308057
-0.453629	0.00307364
-0.452312	0.00306673
-0.450995	0.00305983
-0.449678	0.00305294
-0.448362	0.00304607
-0.447045	0.00303921
-0.445728	0.00303236
-0.444411	0.00302553
-0.443095	0.00301871
-0.441778	0.00301191
-0.440461	0.00300511
-0.439144	0.00299833
-0.437827	0.00299157
-0.436511	0.00298482
-0.435194	0.00297808
-0.433877	0.00297136
-0.43256	0.00296465
-0.431244	0.00295795
-0.429927	0.00295127
-0.42861	0.0029446
-0.427293	0.00293795
-0.425976	0.00293131
-0.42466	0.00292468
-0.423343	0.00291807
-0.422026	0.00291148
-0.420709	0.0029049
-0.419393	0.00289833
-0.418076	0.00289178
-0.416759	0.00288524
-0.415442	0.00287872
-0.414126	0.00287221
-0.412809	0.00286572
-0.411492	0.00285924
-0.410175	0.00285278
-0.408858	0.00284633
-0.407542	0.0028399
-0.406225	0.00283348
-0.404908	0.00282708
-0.403591	0.00282069
-0.402275	0.00281432
-0.400958	0.00280796
-0.399641	0.00280162
-0.398324	0.00279529
-0.397007	0.00278898
-0.395691	0.00278269
-0.394374	0.00277641
-0.393057	0.00277014
-0.39174	0.0027639
-0.390424	0.00275767
-0.389107	0.00275145
-0.38779	0.00274525
-0.386473	0.00273907
-0.385156	0.0027329
-0.38384	0.00272675
-0.382523	0.00272061
-0.381206	0.00271449
-0.379889	0.00270839
-0.378573	0.0027023
-0.377256	0.00269623
-0.375939	0.00269018
-0.374622	0.00268414
-0.373306	0.00267812
-0.371989	0.00267212
-0.370672	0.00266613
-0.369355	0.00266015
-0.368038	0.0026542
-0.366722	0.00264826
-0.365405	0.00264233
-0.364088	0.00263642
-0.362771	0.00263053
-0.361455	0.00262466
-0.360138	0.0026188
-0.358821	0.00261296
-0.357504	0.00260713
-0.356187	0.00260133
-0.354871	0.00259554
-0.353554	0.00258976
-0.352237	0.00258401
-0.35092	0.00257827
-0.349604	0.00257255
-0.348287	0.00256685
-0.34697	0.00256117
-0.345653	0.0025555
-0.344336	0.00254985
-0.34302	0.00254422
-0.341703	0.00253861
-0.340386	0.00253301
-0.339069	0.00252744
-0.337753	0.00252188
-0.336436	0.00251634
-0.335119	0.00251082
-0.333802	0.00250531
-0.332485	0.00249983
-0.331169	0.00249436
-0.329852	0.00248891
-0.328535	0.00248348
-0.327218	0.00247806
-0.325902	0.00247267
-0.324585	0.00246729
-0.323268	0.00246193
-0.321951	0.00245658
-0.320635	0.00245126
-0.319318	0.00244595
-0.318001	0.00244067
-0.316684	0.0024354
-0.315367	0.00243014
-0.314051	0.00242491
-0.312734	0.0024197
-0.311417	0.0024145
-0.3101	0.00240933
-0.308784	0.00240417
-0.307467	0.00239903
-0.30615	0.00239391
-0.304833	0.00238881
-0.303516	0.00238373
-0.3022	0.00237867
-0.300883	0.00237363
-0.299566	0.00236861
-0.298249	0.00236361
-0.296933	0.00235863
-0.295616	0.00235367
-0.294299	0.00234872
-0.292982	0.0023438
-0.291665	0.00233889
-0.290349	0.00233401
-0.289032	0.00232914
-0.287715	0.0023243
-0.286398	0.00231947
-0.285082	0.00231466
-0.283765	0.00230988
-0.282448	0.00230511
-0.281131	0.00230036
-0.279815	0.00229564
-0.278498	0.00229093
-0.277181	0.00228624
-0.275864	0.00228157
-0.274547	0.00227693
-0.273231	0.0022723
-0.271914	0.0022677
-0.270597	0.00226311
-0.26928	0.00225854
-0.267964	0.002254
-0.266647	0.00224947
-0.26533	0.00224497
-0.264013	0.00224048
-0.262696	0.00223602
-0.26138	0.00223158
-0.260063	0.00222715
-0.258746	0.00222275
-0.257429	0.00221837
-0.256113	0.00221401
-0.254796	0.00220967
-0.253479	0.00220536
-0.252162	0.00220106
-0.250845	0.00219678
-0.249529	0.00219253
-0.248212	0.00218829
-0.246895	0.00218408
-0.245578	0.00217988
-0.244262	0.00217571
-0.242945	0.00217156
-0.241628	0.00216743
-0.240311	0.00216332
-0.238995	0.00215923
-0.237678	0.00215517
-0.236361	0.00215112
-0.235044	0.0021471
-0.233727	0.00214309
-0.232411	0.00213911
-0.231094	0.00213515
-0.229777	0.00213121
-0.22846	0.00212729
-0.227144	0.0021234
-0.225827	0.00211952
-0.22451	0.00211567
-0.223193	0.00211184
-0.221876	0.00210803
-0.22056	0.00210424
-0.219243	0.00210047
-0.217926	0.00209673
-0.216609	0.002093
-0.215293	0.0020893
-0.213976	0.00208562
-0.212659	0.00208196
-0.211342	0.00207832
-0.210026	0.00207471
-0.208709	0.00207111
-0.207392	0.00206754
-0.206075	0.00206399
-0.204758	0.00206046
-0.203442	0.00205696
-0.202125	0.00205347
-0.200808	0.00205001
-0.199491	0.00204657
-0.198175	0.00204315
-0.196858	0.00203975
-0.195541	0.00203638
-0.194224	0.00203303
-0.192907	0.0020297
-0.191591	0.00202639
-0.190274	0.0020231
-0.188957	0.00201984
-0.18764	0.0020166
-0.186324	0.00201338
-0.185007	0.00201018
-0.18369	0.002007
-0.182373	0.00200385
-0.181056	0.00200072
-0.17974	0.00199761
-0.178423	0.00199452
-0.177106	0.00199146
-0.175789	0.00198842
-0.174473	0.0019854
-0.173156	0.0019824
-0.171839	0.00197943
-0.170522	0.00197647
-0.169206	0.00197354
-0.167889	0.00197063
-0.166572	0.00196775
-0.165255	0.00196489
-0.163938	0.00196205
-0.162622	0.00195923
-0.161305	0.00195643
-0.159988	0.00195366
-0.158671	0.00195091
-0.157355	0.00194818
-0.156038	0.00194548
-0.154721	0.00194279
-0.153404	0.00194013
-0.152087	0.0019375
-0.150771	0.00193488
-0.149454	0.00193229
-0.148137	0.00192972
-0.14682	0.00192717
-0.145504	0.00192464
-0.144187	0.00192214
-0.14287	0.00191966
-0.141553	0.0019172
-0.140236	0.00191477
-0.13892	0.00191236
-0.137603	0.00190997
-0.136286	0.0019076
-0.134969	0.00190525
-0.133653	0.00190293
-0.132336	0.00190063
-0.131019	0.00189836
-0.129702	0.0018961
-0.128385	0.00189387
-0.127069	0.00189166
-0.125752	0.00188948
-0.124435	0.00188732
-0.123118	0.00188518
-0.121802	0.00188306
-0.120485	0.00188096
-0.119168	0.00187889
-0.117851	0.00187684
-0.116535	0.00187482
-0.115218	0.00187281
-0.113901	0.00187083
-0.112584	0.00186888
-0.111267	0.00186694
-0.109951	0.00186503
-0.108634	0.00186314
-0.107317	0.00186128
-0.106	0.00185943
-0.104684	0.00185761
-0.103367	0.00185582
-0.10205	0.00185404
-0.100733	0.00185229
-0.0994165	0.00185056
-0.0980997	0.00184885
-0.0967829	0.00184717
-0.0954661	0.0018455
-0.0941494	0.00184386
-0.0928326	0.00184225
-0.0915158	0.00184065
-0.090199	0.00183908
-0.0888823	0.00183753
-0.0875655	0.00183601
-0.0862487	0.0018345
-0.0849319	0.00183302
-0.0836152	0.00183156
-0.0822984	0.00183013
-0.0809816	0.00182872
-0.0796648	0.00182733
-0.0783481	0.00182596
-0.0770313	0.00182462
-0.0757145	0.0018233
-0.0743978	0.001822
-0.073081	0.00182072
-0.0717642	0.00181947
-0.0704474	0.00181824
-0.0691307	0.00181703
-0.0678139	0.00181585
-0.0664971	0.00181468
-0.0651803	0.00181354
-0.0638636	0.00181243
-0.0625468	0.00181133
-0.06123	0.00181026
-0.0599132	0.00180921
-0.0585965	0.00180818
-0.0572797	0.00180717
-0.0559629	0.00180619
-0.0546461	0.00180523
-0.0533294	0.0018043
-0.0520126	0.00180338
-0.0506958	0.00180249
-0.049379	0.00180163
-0.0480623	0.00180078
-0.0467455	0.00179996
-0.0454287	0.00179916
-0.0441119	0.00179838
-0.0427952	0.00179763
-0.0414784	0.0017969
-0.0401616	0.00179619
-0.0388448	0.0017955
-0.0375281	0.00179484
-0.0362113	0.0017942
-0.0348945	0.00179359
-0.0335777	0.00179299
-0.032261	0.00179242
-0.0309442	0.00179188
-0.0296274	0.00179135
-0.0283106	0.00179085
-0.0269939	0.00179037
-0.0256771	0.00178991
-0.0243603	0.00178948
-0.0230436	0.00178907
-0.0217268	0.00178868
-0.02041	0.00178831
-0.0190932	0.00178797
-0.0177765	0.00178765
-0.0164597	0.00178735
-0.0151429	0.00178707
-0.0138261	0.00178682
-0.0125094	0.00178659
-0.0111926	0.00178639
-0.00987581	0.0017862
-0.00855903	0.00178604
-0.00724226	0.0017859
-0.00592548	0.00178579
-0.00460871	0.0017857
-0.00329194	0.00178563
-0.00197516	0.00178558
-0.000658387	0.00178556
0	0.00178556
)
