(title "X Velocity vs. Y-Coordinate")
(labels "Y-Coordinate" "X Velocity")

((xy/key/label "line")
-1	0
-0.999807	0.0327966
-0.999585	0.0623424
-0.99933	0.0993906
-0.999037	0.135998
-0.9987	0.169417
-0.998312	0.199593
-0.997866	0.227095
-0.997353	0.252485
-0.996763	0.276219
-0.996085	0.298657
-0.995305	0.320084
-0.994408	0.340732
-0.993376	0.360796
-0.992189	0.380461
-0.990873	0.399265
-0.989556	0.415695
-0.988239	0.430259
-0.986922	0.443332
-0.985606	0.455194
-0.984289	0.466057
-0.982972	0.476082
-0.981655	0.485394
-0.980338	0.494092
-0.979022	0.502254
-0.977705	0.509946
-0.976388	0.517219
-0.975071	0.524118
-0.973755	0.530681
-0.972438	0.53694
-0.971121	0.542922
-0.969804	0.548652
-0.968488	0.554149
-0.967171	0.559433
-0.965854	0.56452
-0.964537	0.569424
-0.96322	0.574159
-0.961904	0.578735
-0.960587	0.583163
-0.95927	0.587453
-0.957953	0.591612
-0.956637	0.59565
-0.95532	0.599573
-0.954003	0.603387
-0.952686	0.607098
-0.951369	0.610713
-0.950053	0.614235
-0.948736	0.61767
-0.947419	0.621022
-0.946102	0.624295
-0.944786	0.627492
-0.943469	0.630618
-0.942152	0.633675
-0.940835	0.636667
-0.939518	0.639595
-0.938202	0.642464
-0.936885	0.645275
-0.935568	0.648031
-0.934251	0.650733
-0.932935	0.653385
-0.931618	0.655987
-0.930301	0.658542
-0.928984	0.661052
-0.927667	0.663517
-0.926351	0.66594
-0.925034	0.668323
-0.923717	0.670666
-0.9224	0.67297
-0.921084	0.675238
-0.919767	0.67747
-0.91845	0.679668
-0.917133	0.681832
-0.915817	0.683963
-0.9145	0.686063
-0.913183	0.688133
-0.911866	0.690172
-0.910549	0.692183
-0.909233	0.694166
-0.907916	0.696122
-0.906599	0.698052
-0.905282	0.699956
-0.903966	0.701834
-0.902649	0.703689
-0.901332	0.705519
-0.900015	0.707327
-0.898698	0.709112
-0.897382	0.710875
-0.896065	0.712617
-0.894748	0.714338
-0.893431	0.716038
-0.892115	0.717719
-0.890798	0.71938
-0.889481	0.721022
-0.888164	0.722646
-0.886847	0.724252
-0.885531	0.72584
-0.884214	0.727411
-0.882897	0.728965
-0.88158	0.730502
-0.880264	0.732023
-0.878947	0.733529
-0.87763	0.735019
-0.876313	0.736493
-0.874997	0.737953
-0.87368	0.739399
-0.872363	0.74083
-0.871046	0.742247
-0.869729	0.74365
-0.868413	0.74504
-0.867096	0.746417
-0.865779	0.747781
-0.864462	0.749132
-0.863146	0.750471
-0.861829	0.751797
-0.860512	0.753112
-0.859195	0.754415
-0.857878	0.755706
-0.856562	0.756986
-0.855245	0.758254
-0.853928	0.759512
-0.852611	0.760759
-0.851295	0.761995
-0.849978	0.763221
-0.848661	0.764437
-0.847344	0.765643
-0.846027	0.766839
-0.844711	0.768025
-0.843394	0.769201
-0.842077	0.770368
-0.84076	0.771526
-0.839444	0.772675
-0.838127	0.773815
-0.83681	0.774946
-0.835493	0.776068
-0.834177	0.777182
-0.83286	0.778287
-0.831543	0.779384
-0.830226	0.780473
-0.828909	0.781553
-0.827593	0.782626
-0.826276	0.783691
-0.824959	0.784748
-0.823642	0.785798
-0.822326	0.78684
-0.821009	0.787875
-0.819692	0.788902
-0.818375	0.789922
-0.817058	0.790935
-0.815742	0.791942
-0.814425	0.792941
-0.813108	0.793934
-0.811791	0.794919
-0.810475	0.795899
-0.809158	0.796872
-0.807841	0.797838
-0.806524	0.798798
-0.805207	0.799752
-0.803891	0.800699
-0.802574	0.801641
-0.801257	0.802576
-0.79994	0.803505
-0.798624	0.804428
-0.797307	0.805346
-0.79599	0.806258
-0.794673	0.807164
-0.793357	0.808064
-0.79204	0.808959
-0.790723	0.809849
-0.789406	0.810733
-0.788089	0.811612
-0.786773	0.812486
-0.785456	0.813355
-0.784139	0.814218
-0.782822	0.815076
-0.781506	0.815929
-0.780189	0.816777
-0.778872	0.817621
-0.777555	0.818459
-0.776238	0.819292
-0.774922	0.820121
-0.773605	0.820945
-0.772288	0.821764
-0.770971	0.822579
-0.769655	0.823389
-0.768338	0.824194
-0.767021	0.824995
-0.765704	0.825792
-0.764387	0.826584
-0.763071	0.827372
-0.761754	0.828156
-0.760437	0.828936
-0.75912	0.829711
-0.757804	0.830483
-0.756487	0.83125
-0.75517	0.832013
-0.753853	0.832772
-0.752537	0.833527
-0.75122	0.834278
-0.749903	0.835025
-0.748586	0.835768
-0.747269	0.836507
-0.745953	0.837243
-0.744636	0.837975
-0.743319	0.838703
-0.742002	0.839427
-0.740686	0.840148
-0.739369	0.840865
-0.738052	0.841578
-0.736735	0.842288
-0.735418	0.842995
-0.734102	0.843698
-0.732785	0.844397
-0.731468	0.845093
-0.730151	0.845786
-0.728835	0.846475
-0.727518	0.847161
-0.726201	0.847844
-0.724884	0.848523
-0.723567	0.849199
-0.722251	0.849872
-0.720934	0.850541
-0.719617	0.851208
-0.7183	0.851871
-0.716984	0.852531
-0.715667	0.853188
-0.71435	0.853842
-0.713033	0.854493
-0.711717	0.855141
-0.7104	0.855787
-0.709083	0.856429
-0.707766	0.857068
-0.706449	0.857704
-0.705133	0.858337
-0.703816	0.858968
-0.702499	0.859595
-0.701182	0.86022
-0.699866	0.860842
-0.698549	0.861461
-0.697232	0.862077
-0.695915	0.86269
-0.694598	0.863301
-0.693282	0.863909
-0.691965	0.864515
-0.690648	0.865118
-0.689331	0.865718
-0.688015	0.866316
-0.686698	0.866911
-0.685381	0.867503
-0.684064	0.868093
-0.682747	0.868681
-0.681431	0.869266
-0.680114	0.869848
-0.678797	0.870428
-0.67748	0.871005
-0.676164	0.87158
-0.674847	0.872152
-0.67353	0.872722
-0.672213	0.87329
-0.670897	0.873855
-0.66958	0.874418
-0.668263	0.874978
-0.666946	0.875537
-0.665629	0.876092
-0.664313	0.876646
-0.662996	0.877197
-0.661679	0.877746
-0.660362	0.878293
-0.659046	0.878837
-0.657729	0.879379
-0.656412	0.879919
-0.655095	0.880457
-0.653778	0.880993
-0.652462	0.881526
-0.651145	0.882057
-0.649828	0.882587
-0.648511	0.883114
-0.647195	0.883638
-0.645878	0.884161
-0.644561	0.884682
-0.643244	0.885201
-0.641927	0.885717
-0.640611	0.886231
-0.639294	0.886744
-0.637977	0.887254
-0.63666	0.887763
-0.635344	0.888269
-0.634027	0.888773
-0.63271	0.889276
-0.631393	0.889776
-0.630077	0.890275
-0.62876	0.890771
-0.627443	0.891266
-0.626126	0.891759
-0.624809	0.892249
-0.623493	0.892738
-0.622176	0.893225
-0.620859	0.89371
-0.619542	0.894193
-0.618226	0.894675
-0.616909	0.895154
-0.615592	0.895632
-0.614275	0.896107
-0.612958	0.896581
-0.611642	0.897053
-0.610325	0.897524
-0.609008	0.897992
-0.607691	0.898459
-0.606375	0.898924
-0.605058	0.899387
-0.603741	0.899849
-0.602424	0.900308
-0.601107	0.900766
-0.599791	0.901223
-0.598474	0.901677
-0.597157	0.90213
-0.59584	0.902581
-0.594524	0.903031
-0.593207	0.903478
-0.59189	0.903924
-0.590573	0.904369
-0.589257	0.904812
-0.58794	0.905253
-0.586623	0.905693
-0.585306	0.90613
-0.583989	0.906567
-0.582673	0.907001
-0.581356	0.907435
-0.580039	0.907866
-0.578722	0.908296
-0.577406	0.908724
-0.576089	0.909151
-0.574772	0.909576
-0.573455	0.91
-0.572138	0.910422
-0.570822	0.910842
-0.569505	0.911261
-0.568188	0.911679
-0.566871	0.912095
-0.565555	0.912509
-0.564238	0.912922
-0.562921	0.913333
-0.561604	0.913743
-0.560287	0.914151
-0.558971	0.914558
-0.557654	0.914963
-0.556337	0.915367
-0.55502	0.915769
-0.553704	0.916169
-0.552387	0.916569
-0.55107	0.916966
-0.549753	0.917362
-0.548437	0.917757
-0.54712	0.91815
-0.545803	0.918542
-0.544486	0.918933
-0.543169	0.919322
-0.541853	0.919709
-0.540536	0.920096
-0.539219	0.920481
-0.537902	0.920864
-0.536586	0.921246
-0.535269	0.921627
-0.533952	0.922006
-0.532635	0.922385
-0.531318	0.922761
-0.530002	0.923137
-0.528685	0.923511
-0.527368	0.923883
-0.526051	0.924255
-0.524735	0.924625
-0.523418	0.924993
-0.522101	0.925361
-0.520784	0.925727
-0.519467	0.926091
-0.518151	0.926454
-0.516834	0.926816
-0.515517	0.927177
-0.5142	0.927536
-0.512884	0.927894
-0.511567	0.92825
-0.51025	0.928606
-0.508933	0.92896
-0.507617	0.929312
-0.5063	0.929664
-0.504983	0.930014
-0.503666	0.930363
-0.502349	0.930711
-0.501033	0.931057
-0.499716	0.931402
-0.498399	0.931746
-0.497082	0.932089
-0.495766	0.93243
-0.494449	0.93277
-0.493132	0.933109
-0.491815	0.933447
-0.490498	0.933784
-0.489182	0.934119
-0.487865	0.934453
-0.486548	0.934785
-0.485231	0.935117
-0.483915	0.935447
-0.482598	0.935777
-0.481281	0.936105
-0.479964	0.936431
-0.478647	0.936757
-0.477331	0.937081
-0.476014	0.937405
-0.474697	0.937727
-0.47338	0.938048
-0.472064	0.938367
-0.470747	0.938686
-0.46943	0.939003
-0.468113	0.939319
-0.466796	0.939634
-0.46548	0.939948
-0.464163	0.940261
-0.462846	0.940572
-0.461529	0.940883
-0.460213	0.941192
-0.458896	0.9415
-0.457579	0.941807
-0.456262	0.942113
-0.454946	0.942417
-0.453629	0.942721
-0.452312	0.943023
-0.450995	0.943324
-0.449678	0.943624
-0.448362	0.943923
-0.447045	0.944221
-0.445728	0.944518
-0.444411	0.944814
-0.443095	0.945108
-0.441778	0.945402
-0.440461	0.945694
-0.439144	0.945985
-0.437827	0.946275
-0.436511	0.946564
-0.435194	0.946852
-0.433877	0.947139
-0.43256	0.947425
-0.431244	0.947709
-0.429927	0.947993
-0.42861	0.948275
-0.427293	0.948556
-0.425976	0.948836
-0.42466	0.949116
-0.423343	0.949394
-0.422026	0.94967
-0.420709	0.949946
-0.419393	0.950221
-0.418076	0.950495
-0.416759	0.950768
-0.415442	0.951039
-0.414126	0.95131
-0.412809	0.95158
-0.411492	0.951848
-0.410175	0.952116
-0.408858	0.952382
-0.407542	0.952648
-0.406225	0.952912
-0.404908	0.953176
-0.403591	0.953438
-0.402275	0.9537
-0.400958	0.95396
-0.399641	0.954219
-0.398324	0.954478
-0.397007	0.954735
-0.395691	0.954991
-0.394374	0.955247
-0.393057	0.955501
-0.39174	0.955754
-0.390424	0.956006
-0.389107	0.956258
-0.38779	0.956508
-0.386473	0.956757
-0.385156	0.957005
-0.38384	0.957253
-0.382523	0.957499
-0.381206	0.957744
-0.379889	0.957988
-0.378573	0.958231
-0.377256	0.958474
-0.375939	0.958715
-0.374622	0.958955
-0.373306	0.959194
-0.371989	0.959433
-0.370672	0.95967
-0.369355	0.959906
-0.368038	0.960142
-0.366722	0.960376
-0.365405	0.960609
-0.364088	0.960842
-0.362771	0.961073
-0.361455	0.961304
-0.360138	0.961533
-0.358821	0.961762
-0.357504	0.961989
-0.356187	0.962216
-0.354871	0.962441
-0.353554	0.962666
-0.352237	0.96289
-0.35092	0.963112
-0.349604	0.963334
-0.348287	0.963555
-0.34697	0.963775
-0.345653	0.963994
-0.344336	0.964212
-0.34302	0.964429
-0.341703	0.964645
-0.340386	0.96486
-0.339069	0.965075
-0.337753	0.965288
-0.336436	0.965501
-0.335119	0.965712
-0.333802	0.965923
-0.332485	0.966133
-0.331169	0.966341
-0.329852	0.966549
-0.328535	0.966756
-0.327218	0.966962
-0.325902	0.967167
-0.324585	0.967371
-0.323268	0.967575
-0.321951	0.967777
-0.320635	0.967979
-0.319318	0.968179
-0.318001	0.968379
-0.316684	0.968577
-0.315367	0.968775
-0.314051	0.968972
-0.312734	0.969168
-0.311417	0.969363
-0.3101	0.969557
-0.308784	0.969751
-0.307467	0.969943
-0.30615	0.970135
-0.304833	0.970325
-0.303516	0.970515
-0.3022	0.970704
-0.300883	0.970892
-0.299566	0.971079
-0.298249	0.971265
-0.296933	0.97145
-0.295616	0.971635
-0.294299	0.971818
-0.292982	0.972001
-0.291665	0.972183
-0.290349	0.972364
-0.289032	0.972544
-0.287715	0.972723
-0.286398	0.972901
-0.285082	0.973079
-0.283765	0.973255
-0.282448	0.973431
-0.281131	0.973606
-0.279815	0.97378
-0.278498	0.973953
-0.277181	0.974125
-0.275864	0.974297
-0.274547	0.974467
-0.273231	0.974637
-0.271914	0.974806
-0.270597	0.974974
-0.26928	0.975141
-0.267964	0.975307
-0.266647	0.975472
-0.26533	0.975637
-0.264013	0.975801
-0.262696	0.975964
-0.26138	0.976126
-0.260063	0.976287
-0.258746	0.976447
-0.257429	0.976607
-0.256113	0.976765
-0.254796	0.976923
-0.253479	0.97708
-0.252162	0.977236
-0.250845	0.977392
-0.249529	0.977546
-0.248212	0.9777
-0.246895	0.977853
-0.245578	0.978005
-0.244262	0.978156
-0.242945	0.978306
-0.241628	0.978456
-0.240311	0.978604
-0.238995	0.978752
-0.237678	0.978899
-0.236361	0.979046
-0.235044	0.979191
-0.233727	0.979336
-0.232411	0.979479
-0.231094	0.979622
-0.229777	0.979764
-0.22846	0.979905
-0.227144	0.980046
-0.225827	0.980186
-0.22451	0.980325
-0.223193	0.980463
-0.221876	0.9806
-0.22056	0.980736
-0.219243	0.980872
-0.217926	0.981006
-0.216609	0.98114
-0.215293	0.981274
-0.213976	0.981406
-0.212659	0.981537
-0.211342	0.981668
-0.210026	0.981798
-0.208709	0.981927
-0.207392	0.982055
-0.206075	0.982183
-0.204758	0.982309
-0.203442	0.982435
-0.202125	0.98256
-0.200808	0.982684
-0.199491	0.982808
-0.198175	0.982931
-0.196858	0.983052
-0.195541	0.983174
-0.194224	0.983294
-0.192907	0.983413
-0.191591	0.983532
-0.190274	0.98365
-0.188957	0.983767
-0.18764	0.983883
-0.186324	0.983998
-0.185007	0.984113
-0.18369	0.984227
-0.182373	0.98434
-0.181056	0.984452
-0.17974	0.984563
-0.178423	0.984674
-0.177106	0.984784
-0.175789	0.984893
-0.174473	0.985001
-0.173156	0.985109
-0.171839	0.985215
-0.170522	0.985321
-0.169206	0.985426
-0.167889	0.985531
-0.166572	0.985634
-0.165255	0.985737
-0.163938	0.985839
-0.162622	0.98594
-0.161305	0.98604
-0.159988	0.98614
-0.158671	0.986239
-0.157355	0.986337
-0.156038	0.986434
-0.154721	0.98653
-0.153404	0.986626
-0.152087	0.986721
-0.150771	0.986814
-0.149454	0.986908
-0.148137	0.987
-0.14682	0.987092
-0.145504	0.987183
-0.144187	0.987273
-0.14287	0.987362
-0.141553	0.987451
-0.140236	0.987538
-0.13892	0.987625
-0.137603	0.987711
-0.136286	0.987797
-0.134969	0.987881
-0.133653	0.987965
-0.132336	0.988048
-0.131019	0.98813
-0.129702	0.988211
-0.128385	0.988292
-0.127069	0.988372
-0.125752	0.988451
-0.124435	0.988529
-0.123118	0.988606
-0.121802	0.988683
-0.120485	0.988758
-0.119168	0.988833
-0.117851	0.988907
-0.116535	0.988981
-0.115218	0.989053
-0.113901	0.989125
-0.112584	0.989196
-0.111267	0.989266
-0.109951	0.989336
-0.108634	0.989404
-0.107317	0.989472
-0.106	0.989539
-0.104684	0.989605
-0.103367	0.989671
-0.10205	0.989735
-0.100733	0.989799
-0.0994165	0.989862
-0.0980997	0.989924
-0.0967829	0.989985
-0.0954661	0.990046
-0.0941494	0.990106
-0.0928326	0.990165
-0.0915158	0.990223
-0.090199	0.99028
-0.0888823	0.990337
-0.0875655	0.990392
-0.0862487	0.990447
-0.0849319	0.990502
-0.0836152	0.990555
-0.0822984	0.990607
-0.0809816	0.990659
-0.0796648	0.99071
-0.0783481	0.99076
-0.0770313	0.99081
-0.0757145	0.990858
-0.0743978	0.990906
-0.073081	0.990953
-0.0717642	0.990999
-0.0704474	0.991044
-0.0691307	0.991089
-0.0678139	0.991132
-0.0664971	0.991175
-0.0651803	0.991217
-0.0638636	0.991258
-0.0625468	0.991299
-0.06123	0.991339
-0.0599132	0.991377
-0.0585965	0.991415
-0.0572797	0.991453
-0.0559629	0.991489
-0.0546461	0.991525
-0.0533294	0.991559
-0.0520126	0.991593
-0.0506958	0.991626
-0.049379	0.991659
-0.0480623	0.99169
-0.0467455	0.991721
-0.0454287	0.99175
-0.0441119	0.991779
-0.0427952	0.991807
-0.0414784	0.991834
-0.0401616	0.991861
-0.0388448	0.991886
-0.0375281	0.99191
-0.0362113	0.991934
-0.0348945	0.991956
-0.0335777	0.991978
-0.032261	0.991999
-0.0309442	0.992019
-0.0296274	0.992038
-0.0283106	0.992056
-0.0269939	0.992073
-0.0256771	0.992089
-0.0243603	0.992104
-0.0230436	0.992118
-0.0217268	0.992131
-0.02041	0.992143
-0.0190932	0.992154
-0.0177765	0.992164
-0.0164597	0.992173
-0.0151429	0.992181
-0.0138261	0.992188
-0.0125094	0.992193
-0.0111926	0.992198
-0.00987581	0.992202
-0.00855903	0.992205
-0.00724226	0.992207
-0.00592548	0.992208
-0.00460871	0.992209
-0.00329194	0.992209
-0.00197516	0.992209
-0.000658387	0.992209
0	0.992209
)
