(title "VV Reynolds Stress vs. Y-Coordinate")
(labels "Y-Coordinate" "VV Reynolds Stress")

((xy/key/label "line")
-1	0.00127177
-0.999807	0.00111137
-0.999585	0.000903084
-0.99933	0.000922025
-0.999037	0.00102891
-0.9987	0.00113498
-0.998312	0.0012227
-0.997866	0.00129746
-0.997353	0.00136279
-0.996763	0.00141806
-0.996085	0.00146431
-0.995305	0.00150286
-0.994408	0.00153497
-0.993376	0.00156166
-0.992189	0.00158377
-0.990873	0.00160138
-0.989556	0.00161416
-0.988239	0.00162362
-0.986922	0.00163075
-0.985606	0.00163623
-0.984289	0.00164051
-0.982972	0.00164389
-0.981655	0.00164661
-0.980338	0.00164882
-0.979022	0.00165066
-0.977705	0.0016522
-0.976388	0.00165354
-0.975071	0.00165473
-0.973755	0.00165582
-0.972438	0.00165684
-0.971121	0.00165782
-0.969804	0.00165872
-0.968488	0.00165956
-0.967171	0.00166031
-0.965854	0.00166099
-0.964537	0.00166159
-0.96322	0.0016621
-0.961904	0.00166254
-0.960587	0.00166291
-0.95927	0.0016632
-0.957953	0.00166342
-0.956637	0.00166358
-0.95532	0.00166366
-0.954003	0.00166369
-0.952686	0.00166366
-0.951369	0.00166357
-0.950053	0.00166342
-0.948736	0.00166323
-0.947419	0.00166298
-0.946102	0.00166268
-0.944786	0.00166234
-0.943469	0.00166196
-0.942152	0.00166154
-0.940835	0.00166107
-0.939518	0.00166057
-0.938202	0.00166003
-0.936885	0.00165945
-0.935568	0.00165884
-0.934251	0.0016582
-0.932935	0.00165753
-0.931618	0.00165683
-0.930301	0.0016561
-0.928984	0.00165534
-0.927667	0.00165455
-0.926351	0.00165374
-0.925034	0.0016529
-0.923717	0.00165204
-0.9224	0.00165116
-0.921084	0.00165025
-0.919767	0.00164932
-0.91845	0.00164838
-0.917133	0.00164741
-0.915817	0.00164642
-0.9145	0.00164541
-0.913183	0.00164438
-0.911866	0.00164334
-0.910549	0.00164228
-0.909233	0.0016412
-0.907916	0.0016401
-0.906599	0.00163899
-0.905282	0.00163786
-0.903966	0.00163672
-0.902649	0.00163556
-0.901332	0.00163439
-0.900015	0.0016332
-0.898698	0.00163201
-0.897382	0.00163079
-0.896065	0.00162957
-0.894748	0.00162833
-0.893431	0.00162708
-0.892115	0.00162582
-0.890798	0.00162455
-0.889481	0.00162326
-0.888164	0.00162197
-0.886847	0.00162066
-0.885531	0.00161934
-0.884214	0.00161801
-0.882897	0.00161667
-0.88158	0.00161532
-0.880264	0.00161396
-0.878947	0.00161259
-0.87763	0.00161121
-0.876313	0.00160983
-0.874997	0.00160843
-0.87368	0.00160702
-0.872363	0.00160561
-0.871046	0.00160419
-0.869729	0.00160276
-0.868413	0.00160132
-0.867096	0.00159987
-0.865779	0.00159842
-0.864462	0.00159696
-0.863146	0.00159549
-0.861829	0.00159401
-0.860512	0.00159253
-0.859195	0.00159103
-0.857878	0.00158953
-0.856562	0.00158803
-0.855245	0.00158652
-0.853928	0.001585
-0.852611	0.00158347
-0.851295	0.00158194
-0.849978	0.0015804
-0.848661	0.00157885
-0.847344	0.0015773
-0.846027	0.00157574
-0.844711	0.00157418
-0.843394	0.00157261
-0.842077	0.00157103
-0.84076	0.00156945
-0.839444	0.00156786
-0.838127	0.00156627
-0.83681	0.00156467
-0.835493	0.00156307
-0.834177	0.00156146
-0.83286	0.00155984
-0.831543	0.00155822
-0.830226	0.0015566
-0.828909	0.00155497
-0.827593	0.00155333
-0.826276	0.00155169
-0.824959	0.00155005
-0.823642	0.0015484
-0.822326	0.00154675
-0.821009	0.00154509
-0.819692	0.00154342
-0.818375	0.00154176
-0.817058	0.00154008
-0.815742	0.00153841
-0.814425	0.00153672
-0.813108	0.00153504
-0.811791	0.00153335
-0.810475	0.00153165
-0.809158	0.00152995
-0.807841	0.00152825
-0.806524	0.00152655
-0.805207	0.00152484
-0.803891	0.00152312
-0.802574	0.0015214
-0.801257	0.00151968
-0.79994	0.00151795
-0.798624	0.00151622
-0.797307	0.00151449
-0.79599	0.00151275
-0.794673	0.00151101
-0.793357	0.00150926
-0.79204	0.00150751
-0.790723	0.00150576
-0.789406	0.001504
-0.788089	0.00150224
-0.786773	0.00150048
-0.785456	0.00149871
-0.784139	0.00149694
-0.782822	0.00149517
-0.781506	0.00149339
-0.780189	0.00149161
-0.778872	0.00148983
-0.777555	0.00148804
-0.776238	0.00148625
-0.774922	0.00148446
-0.773605	0.00148266
-0.772288	0.00148086
-0.770971	0.00147906
-0.769655	0.00147726
-0.768338	0.00147545
-0.767021	0.00147364
-0.765704	0.00147182
-0.764387	0.00147
-0.763071	0.00146818
-0.761754	0.00146636
-0.760437	0.00146453
-0.75912	0.0014627
-0.757804	0.00146087
-0.756487	0.00145903
-0.75517	0.00145719
-0.753853	0.00145535
-0.752537	0.00145351
-0.75122	0.00145166
-0.749903	0.00144981
-0.748586	0.00144796
-0.747269	0.0014461
-0.745953	0.00144425
-0.744636	0.00144239
-0.743319	0.00144053
-0.742002	0.00143866
-0.740686	0.0014368
-0.739369	0.00143493
-0.738052	0.00143306
-0.736735	0.00143119
-0.735418	0.00142931
-0.734102	0.00142743
-0.732785	0.00142555
-0.731468	0.00142367
-0.730151	0.00142179
-0.728835	0.0014199
-0.727518	0.00141801
-0.726201	0.00141612
-0.724884	0.00141423
-0.723567	0.00141233
-0.722251	0.00141043
-0.720934	0.00140854
-0.719617	0.00140663
-0.7183	0.00140473
-0.716984	0.00140283
-0.715667	0.00140092
-0.71435	0.00139901
-0.713033	0.0013971
-0.711717	0.00139518
-0.7104	0.00139327
-0.709083	0.00139135
-0.707766	0.00138943
-0.706449	0.00138751
-0.705133	0.00138559
-0.703816	0.00138367
-0.702499	0.00138174
-0.701182	0.00137982
-0.699866	0.00137789
-0.698549	0.00137596
-0.697232	0.00137403
-0.695915	0.00137209
-0.694598	0.00137016
-0.693282	0.00136822
-0.691965	0.00136628
-0.690648	0.00136434
-0.689331	0.0013624
-0.688015	0.00136046
-0.686698	0.00135852
-0.685381	0.00135657
-0.684064	0.00135462
-0.682747	0.00135267
-0.681431	0.00135073
-0.680114	0.00134877
-0.678797	0.00134682
-0.67748	0.00134487
-0.676164	0.00134291
-0.674847	0.00134096
-0.67353	0.001339
-0.672213	0.00133704
-0.670897	0.00133508
-0.66958	0.00133311
-0.668263	0.00133115
-0.666946	0.00132919
-0.665629	0.00132722
-0.664313	0.00132525
-0.662996	0.00132329
-0.661679	0.00132132
-0.660362	0.00131935
-0.659046	0.00131738
-0.657729	0.0013154
-0.656412	0.00131343
-0.655095	0.00131146
-0.653778	0.00130948
-0.652462	0.0013075
-0.651145	0.00130553
-0.649828	0.00130355
-0.648511	0.00130157
-0.647195	0.00129959
-0.645878	0.00129761
-0.644561	0.00129562
-0.643244	0.00129364
-0.641927	0.00129166
-0.640611	0.00128967
-0.639294	0.00128769
-0.637977	0.0012857
-0.63666	0.00128371
-0.635344	0.00128172
-0.634027	0.00127974
-0.63271	0.00127775
-0.631393	0.00127576
-0.630077	0.00127377
-0.62876	0.00127177
-0.627443	0.00126978
-0.626126	0.00126779
-0.624809	0.0012658
-0.623493	0.0012638
-0.622176	0.00126181
-0.620859	0.00125981
-0.619542	0.00125782
-0.618226	0.00125582
-0.616909	0.00125383
-0.615592	0.00125183
-0.614275	0.00124983
-0.612958	0.00124784
-0.611642	0.00124584
-0.610325	0.00124384
-0.609008	0.00124184
-0.607691	0.00123984
-0.606375	0.00123784
-0.605058	0.00123584
-0.603741	0.00123384
-0.602424	0.00123184
-0.601107	0.00122984
-0.599791	0.00122784
-0.598474	0.00122584
-0.597157	0.00122384
-0.59584	0.00122184
-0.594524	0.00121984
-0.593207	0.00121784
-0.59189	0.00121583
-0.590573	0.00121383
-0.589257	0.00121183
-0.58794	0.00120983
-0.586623	0.00120783
-0.585306	0.00120582
-0.583989	0.00120382
-0.582673	0.00120182
-0.581356	0.00119982
-0.580039	0.00119782
-0.578722	0.00119582
-0.577406	0.00119382
-0.576089	0.00119181
-0.574772	0.00118981
-0.573455	0.00118781
-0.572138	0.00118581
-0.570822	0.00118381
-0.569505	0.00118181
-0.568188	0.00117981
-0.566871	0.00117781
-0.565555	0.00117581
-0.564238	0.00117381
-0.562921	0.00117182
-0.561604	0.00116982
-0.560287	0.00116782
-0.558971	0.00116582
-0.557654	0.00116383
-0.556337	0.00116183
-0.55502	0.00115984
-0.553704	0.00115784
-0.552387	0.00115585
-0.55107	0.00115385
-0.549753	0.00115186
-0.548437	0.00114987
-0.54712	0.00114788
-0.545803	0.00114588
-0.544486	0.00114389
-0.543169	0.0011419
-0.541853	0.00113991
-0.540536	0.00113793
-0.539219	0.00113594
-0.537902	0.00113395
-0.536586	0.00113196
-0.535269	0.00112998
-0.533952	0.00112799
-0.532635	0.00112601
-0.531318	0.00112403
-0.530002	0.00112204
-0.528685	0.00112006
-0.527368	0.00111808
-0.526051	0.0011161
-0.524735	0.00111413
-0.523418	0.00111215
-0.522101	0.00111017
-0.520784	0.0011082
-0.519467	0.00110623
-0.518151	0.00110425
-0.516834	0.00110228
-0.515517	0.00110031
-0.5142	0.00109834
-0.512884	0.00109637
-0.511567	0.00109441
-0.51025	0.00109244
-0.508933	0.00109047
-0.507617	0.00108851
-0.5063	0.00108655
-0.504983	0.00108459
-0.503666	0.00108262
-0.502349	0.00108067
-0.501033	0.00107871
-0.499716	0.00107675
-0.498399	0.00107479
-0.497082	0.00107284
-0.495766	0.00107089
-0.494449	0.00106894
-0.493132	0.00106699
-0.491815	0.00106504
-0.490498	0.00106309
-0.489182	0.00106115
-0.487865	0.0010592
-0.486548	0.00105726
-0.485231	0.00105532
-0.483915	0.00105338
-0.482598	0.00105145
-0.481281	0.00104951
-0.479964	0.00104758
-0.478647	0.00104565
-0.477331	0.00104372
-0.476014	0.00104179
-0.474697	0.00103987
-0.47338	0.00103794
-0.472064	0.00103602
-0.470747	0.0010341
-0.46943	0.00103219
-0.468113	0.00103027
-0.466796	0.00102836
-0.46548	0.00102645
-0.464163	0.00102454
-0.462846	0.00102263
-0.461529	0.00102073
-0.460213	0.00101882
-0.458896	0.00101692
-0.457579	0.00101502
-0.456262	0.00101313
-0.454946	0.00101123
-0.453629	0.00100934
-0.452312	0.00100745
-0.450995	0.00100557
-0.449678	0.00100368
-0.448362	0.0010018
-0.447045	0.000999918
-0.445728	0.00099804
-0.444411	0.000996164
-0.443095	0.000994291
-0.441778	0.00099242
-0.440461	0.000990552
-0.439144	0.000988686
-0.437827	0.000986823
-0.436511	0.000984962
-0.435194	0.000983104
-0.433877	0.000981249
-0.43256	0.000979396
-0.431244	0.000977546
-0.429927	0.000975699
-0.42861	0.000973854
-0.427293	0.000972013
-0.425976	0.000970174
-0.42466	0.000968338
-0.423343	0.000966505
-0.422026	0.000964675
-0.420709	0.000962848
-0.419393	0.000961023
-0.418076	0.000959202
-0.416759	0.000957384
-0.415442	0.000955569
-0.414126	0.000953756
-0.412809	0.000951947
-0.411492	0.000950141
-0.410175	0.000948338
-0.408858	0.000946538
-0.407542	0.000944741
-0.406225	0.000942948
-0.404908	0.000941158
-0.403591	0.000939372
-0.402275	0.000937589
-0.400958	0.000935809
-0.399641	0.000934032
-0.398324	0.000932259
-0.397007	0.000930489
-0.395691	0.000928723
-0.394374	0.00092696
-0.393057	0.0009252
-0.39174	0.000923444
-0.390424	0.000921691
-0.389107	0.000919942
-0.38779	0.000918197
-0.386473	0.000916456
-0.385156	0.000914718
-0.38384	0.000912983
-0.382523	0.000911253
-0.381206	0.000909526
-0.379889	0.000907803
-0.378573	0.000906084
-0.377256	0.000904369
-0.375939	0.000902658
-0.374622	0.00090095
-0.373306	0.000899246
-0.371989	0.000897546
-0.370672	0.00089585
-0.369355	0.000894157
-0.368038	0.000892468
-0.366722	0.000890783
-0.365405	0.000889102
-0.364088	0.000887425
-0.362771	0.000885751
-0.361455	0.000884082
-0.360138	0.000882417
-0.358821	0.000880756
-0.357504	0.000879099
-0.356187	0.000877446
-0.354871	0.000875797
-0.353554	0.000874153
-0.352237	0.000872513
-0.35092	0.000870878
-0.349604	0.000869246
-0.348287	0.000867619
-0.34697	0.000865997
-0.345653	0.000864379
-0.344336	0.000862765
-0.34302	0.000861156
-0.341703	0.000859551
-0.340386	0.000857951
-0.339069	0.000856356
-0.337753	0.000854765
-0.336436	0.000853179
-0.335119	0.000851598
-0.333802	0.000850021
-0.332485	0.000848449
-0.331169	0.000846881
-0.329852	0.000845318
-0.328535	0.00084376
-0.327218	0.000842206
-0.325902	0.000840657
-0.324585	0.000839112
-0.323268	0.000837572
-0.321951	0.000836037
-0.320635	0.000834507
-0.319318	0.000832981
-0.318001	0.00083146
-0.316684	0.000829943
-0.315367	0.000828432
-0.314051	0.000826925
-0.312734	0.000825423
-0.311417	0.000823926
-0.3101	0.000822434
-0.308784	0.000820948
-0.307467	0.000819466
-0.30615	0.00081799
-0.304833	0.000816518
-0.303516	0.000815052
-0.3022	0.000813591
-0.300883	0.000812136
-0.299566	0.000810685
-0.298249	0.000809241
-0.296933	0.000807801
-0.295616	0.000806367
-0.294299	0.000804937
-0.292982	0.000803514
-0.291665	0.000802095
-0.290349	0.000800681
-0.289032	0.000799273
-0.287715	0.000797871
-0.286398	0.000796474
-0.285082	0.000795081
-0.283765	0.000793695
-0.282448	0.000792314
-0.281131	0.000790938
-0.279815	0.000789568
-0.278498	0.000788203
-0.277181	0.000786844
-0.275864	0.000785491
-0.274547	0.000784143
-0.273231	0.0007828
-0.271914	0.000781463
-0.270597	0.000780132
-0.26928	0.000778807
-0.267964	0.000777487
-0.266647	0.000776172
-0.26533	0.000774864
-0.264013	0.000773562
-0.262696	0.000772265
-0.26138	0.000770974
-0.260063	0.000769688
-0.258746	0.000768409
-0.257429	0.000767135
-0.256113	0.000765867
-0.254796	0.000764605
-0.253479	0.000763349
-0.252162	0.000762098
-0.250845	0.000760854
-0.249529	0.000759615
-0.248212	0.000758382
-0.246895	0.000757155
-0.245578	0.000755934
-0.244262	0.000754719
-0.242945	0.00075351
-0.241628	0.000752307
-0.240311	0.000751109
-0.238995	0.000749918
-0.237678	0.000748733
-0.236361	0.000747554
-0.235044	0.000746381
-0.233727	0.000745213
-0.232411	0.000744052
-0.231094	0.000742897
-0.229777	0.000741748
-0.22846	0.000740606
-0.227144	0.000739469
-0.225827	0.000738339
-0.22451	0.000737214
-0.223193	0.000736096
-0.221876	0.000734984
-0.22056	0.000733879
-0.219243	0.000732779
-0.217926	0.000731686
-0.216609	0.000730599
-0.215293	0.000729518
-0.213976	0.000728444
-0.212659	0.000727375
-0.211342	0.000726313
-0.210026	0.000725257
-0.208709	0.000724208
-0.207392	0.000723164
-0.206075	0.000722128
-0.204758	0.000721097
-0.203442	0.000720073
-0.202125	0.000719055
-0.200808	0.000718044
-0.199491	0.000717039
-0.198175	0.00071604
-0.196858	0.000715047
-0.195541	0.000714061
-0.194224	0.000713082
-0.192907	0.000712109
-0.191591	0.000711142
-0.190274	0.000710182
-0.188957	0.000709228
-0.18764	0.000708281
-0.186324	0.00070734
-0.185007	0.000706406
-0.18369	0.000705478
-0.182373	0.000704556
-0.181056	0.000703641
-0.17974	0.000702733
-0.178423	0.000701831
-0.177106	0.000700936
-0.175789	0.000700047
-0.174473	0.000699165
-0.173156	0.000698289
-0.171839	0.000697419
-0.170522	0.000696557
-0.169206	0.000695701
-0.167889	0.000694851
-0.166572	0.000694008
-0.165255	0.000693172
-0.163938	0.000692342
-0.162622	0.000691519
-0.161305	0.000690702
-0.159988	0.000689892
-0.158671	0.000689088
-0.157355	0.000688291
-0.156038	0.000687501
-0.154721	0.000686717
-0.153404	0.00068594
-0.152087	0.000685169
-0.150771	0.000684405
-0.149454	0.000683648
-0.148137	0.000682897
-0.14682	0.000682154
-0.145504	0.000681416
-0.144187	0.000680686
-0.14287	0.000679962
-0.141553	0.000679244
-0.140236	0.000678534
-0.13892	0.000677829
-0.137603	0.000677132
-0.136286	0.000676441
-0.134969	0.000675757
-0.133653	0.00067508
-0.132336	0.000674409
-0.131019	0.000673745
-0.129702	0.000673088
-0.128385	0.000672437
-0.127069	0.000671793
-0.125752	0.000671156
-0.124435	0.000670526
-0.123118	0.000669902
-0.121802	0.000669285
-0.120485	0.000668675
-0.119168	0.000668071
-0.117851	0.000667474
-0.116535	0.000666883
-0.115218	0.0006663
-0.113901	0.000665723
-0.112584	0.000665153
-0.111267	0.00066459
-0.109951	0.000664033
-0.108634	0.000663483
-0.107317	0.00066294
-0.106	0.000662403
-0.104684	0.000661873
-0.103367	0.00066135
-0.10205	0.000660834
-0.100733	0.000660324
-0.0994165	0.000659821
-0.0980997	0.000659324
-0.0967829	0.000658835
-0.0954661	0.000658352
-0.0941494	0.000657875
-0.0928326	0.000657405
-0.0915158	0.000656942
-0.090199	0.000656486
-0.0888823	0.000656036
-0.0875655	0.000655593
-0.0862487	0.000655157
-0.0849319	0.000654727
-0.0836152	0.000654304
-0.0822984	0.000653887
-0.0809816	0.000653478
-0.0796648	0.000653075
-0.0783481	0.000652679
-0.0770313	0.000652289
-0.0757145	0.000651907
-0.0743978	0.00065153
-0.073081	0.000651161
-0.0717642	0.000650798
-0.0704474	0.000650441
-0.0691307	0.000650092
-0.0678139	0.000649749
-0.0664971	0.000649412
-0.0651803	0.000649083
-0.0638636	0.000648759
-0.0625468	0.000648443
-0.06123	0.000648132
-0.0599132	0.000647829
-0.0585965	0.000647532
-0.0572797	0.000647242
-0.0559629	0.000646958
-0.0546461	0.000646681
-0.0533294	0.000646411
-0.0520126	0.000646147
-0.0506958	0.00064589
-0.049379	0.00064564
-0.0480623	0.000645396
-0.0467455	0.000645158
-0.0454287	0.000644928
-0.0441119	0.000644704
-0.0427952	0.000644487
-0.0414784	0.000644277
-0.0401616	0.000644073
-0.0388448	0.000643875
-0.0375281	0.000643685
-0.0362113	0.000643501
-0.0348945	0.000643323
-0.0335777	0.000643153
-0.032261	0.000642988
-0.0309442	0.00064283
-0.0296274	0.000642679
-0.0283106	0.000642535
-0.0269939	0.000642397
-0.0256771	0.000642266
-0.0243603	0.000642141
-0.0230436	0.000642023
-0.0217268	0.000641912
-0.02041	0.000641807
-0.0190932	0.000641708
-0.0177765	0.000641616
-0.0164597	0.00064153
-0.0151429	0.000641452
-0.0138261	0.000641379
-0.0125094	0.000641314
-0.0111926	0.000641255
-0.00987581	0.000641202
-0.00855903	0.000641156
-0.00724226	0.000641117
-0.00592548	0.000641084
-0.00460871	0.000641058
-0.00329194	0.000641038
-0.00197516	0.000641025
-0.000658387	0.000641019
0	0.000641019
)
