(title "VW Reynolds Stress vs. Y-Coordinate")
(labels "Y-Coordinate" "VW Reynolds Stress")

((xy/key/label "line")
-1	1.78229e-17
-0.999807	1.17275e-17
-0.999585	3.27966e-18
-0.99933	1.67236e-18
-0.999037	2.82552e-18
-0.9987	4.27496e-18
-0.998312	3.54741e-18
-0.997866	2.1212e-18
-0.997353	1.45954e-18
-0.996763	1.32809e-18
-0.996085	1.12126e-18
-0.995305	-6.5696e-19
-0.994408	-3.34966e-18
-0.993376	-5.98934e-18
-0.992189	-9.50484e-18
-0.990873	-1.19515e-17
-0.989556	-1.06426e-17
-0.988239	-8.39943e-18
-0.986922	-7.15679e-18
-0.985606	-6.38006e-18
-0.984289	-5.63249e-18
-0.982972	-4.58277e-18
-0.981655	-3.52746e-18
-0.980338	-2.65423e-18
-0.979022	-1.94096e-18
-0.977705	-1.03808e-18
-0.976388	4.20252e-19
-0.975071	2.03454e-18
-0.973755	3.53226e-18
-0.972438	5.15664e-18
-0.971121	6.18568e-18
-0.969804	5.81242e-18
-0.968488	4.94986e-18
-0.967171	4.29494e-18
-0.965854	3.71468e-18
-0.964537	3.09215e-18
-0.96322	2.29783e-18
-0.961904	1.46303e-18
-0.960587	6.82308e-19
-0.95927	-1.49301e-19
-0.957953	-6.86021e-19
-0.956637	-5.29821e-19
-0.95532	-1.03847e-19
-0.954003	2.57973e-19
-0.952686	6.3716e-19
-0.951369	9.2909e-19
-0.950053	1.02516e-18
-0.948736	1.04462e-18
-0.947419	1.08753e-18
-0.946102	1.11622e-18
-0.944786	1.23422e-18
-0.943469	1.57501e-18
-0.942152	2.0127e-18
-0.940835	2.43098e-18
-0.939518	2.95196e-18
-0.938202	3.03755e-18
-0.936885	2.06444e-18
-0.935568	6.9365e-19
-0.934251	-5.42806e-19
-0.932935	-1.84218e-18
-0.931618	-2.78273e-18
-0.930301	-2.85547e-18
-0.928984	-2.58453e-18
-0.927667	-2.40656e-18
-0.926351	-2.27941e-18
-0.925034	-2.00371e-18
-0.923717	-1.34627e-18
-0.9224	-5.40914e-19
-0.921084	2.19637e-19
-0.919767	1.05486e-18
-0.91845	1.52927e-18
-0.917133	1.13698e-18
-0.915817	4.12745e-19
-0.9145	-2.07478e-19
-0.913183	-8.68513e-19
-0.911866	-1.32774e-18
-0.910549	-1.28097e-18
-0.909233	-1.0327e-18
-0.907916	-8.38803e-19
-0.906599	-6.14582e-19
-0.905282	-5.24924e-19
-0.903966	-7.63989e-19
-0.902649	-1.12768e-18
-0.901332	-1.45481e-18
-0.900015	-1.84138e-18
-0.898698	-1.99764e-18
-0.897382	-1.58311e-18
-0.896065	-9.48131e-19
-0.894748	-3.70315e-19
-0.893431	2.37402e-19
-0.892115	7.02556e-19
-0.890798	8.52145e-19
-0.889481	8.85341e-19
-0.888164	9.54624e-19
-0.886847	1.03929e-18
-0.885531	1.08978e-18
-0.884214	1.06453e-18
-0.882897	1.01917e-18
-0.88158	9.89219e-19
-0.880264	9.80906e-19
-0.878947	8.93022e-19
-0.87763	6.17224e-19
-0.876313	2.72496e-19
-0.874997	-4.94606e-20
-0.87368	-4.02868e-19
-0.872363	-6.20075e-19
-0.871046	-5.00508e-19
-0.869729	-2.43559e-19
-0.868413	-1.92804e-20
-0.867096	2.14116e-19
-0.865779	3.92761e-19
-0.864462	4.40523e-19
-0.863146	4.36274e-19
-0.861829	4.47461e-19
-0.860512	4.68605e-19
-0.859195	4.81958e-19
-0.857878	4.69727e-19
-0.856562	4.5103e-19
-0.855245	4.33511e-19
-0.853928	4.16326e-19
-0.852611	3.97155e-19
-0.851295	3.70737e-19
-0.849978	3.49342e-19
-0.848661	3.34724e-19
-0.847344	3.17606e-19
-0.846027	2.9726e-19
-0.844711	2.76397e-19
-0.843394	2.58151e-19
-0.842077	2.4073e-19
-0.84076	2.22227e-19
-0.839444	2.08406e-19
-0.838127	2.04273e-19
-0.83681	2.0987e-19
-0.835493	2.21323e-19
-0.834177	2.1686e-19
-0.83286	2.53154e-19
-0.831543	4.13192e-19
-0.830226	6.32646e-19
-0.828909	8.42047e-19
-0.827593	1.0734e-18
-0.826276	1.18864e-18
-0.824959	1.02676e-18
-0.823642	7.63522e-19
-0.822326	5.32424e-19
-0.821009	2.98689e-19
-0.819692	6.0844e-20
-0.818375	-1.82387e-19
-0.817058	-4.27378e-19
-0.815742	-6.71365e-19
-0.814425	-9.40844e-19
-0.813108	-1.10669e-18
-0.811791	-1.0095e-18
-0.810475	-8.05552e-19
-0.809158	-6.23508e-19
-0.807841	-4.45219e-19
-0.806524	-2.72149e-19
-0.805207	-7.48169e-20
-0.803891	1.46792e-19
-0.802574	3.67973e-19
-0.801257	5.92205e-19
-0.79994	7.695e-19
-0.798624	8.49207e-19
-0.797307	9.03311e-19
-0.79599	9.79788e-19
-0.794673	1.05093e-18
-0.793357	1.13146e-18
-0.79204	1.25492e-18
-0.790723	1.39931e-18
-0.789406	1.53901e-18
-0.788089	1.69041e-18
-0.786773	1.79921e-18
-0.785456	1.79869e-18
-0.784139	1.75879e-18
-0.782822	1.73487e-18
-0.781506	1.72252e-18
-0.780189	1.67467e-18
-0.778872	1.53627e-18
-0.777555	1.36367e-18
-0.776238	1.20207e-18
-0.774922	1.03984e-18
-0.773605	8.79665e-19
-0.772288	7.2579e-19
-0.770971	5.73751e-19
-0.769655	4.21411e-19
-0.768338	2.57602e-19
-0.767021	1.58576e-19
-0.765704	2.13169e-19
-0.764387	3.2746e-19
-0.763071	4.25666e-19
-0.761754	5.33242e-19
-0.760437	6.14263e-19
-0.75912	6.22288e-19
-0.757804	5.99162e-19
-0.756487	5.83112e-19
-0.75517	5.6929e-19
-0.753853	5.5615e-19
-0.752537	5.40873e-19
-0.75122	5.23985e-19
-0.749903	5.06917e-19
-0.748586	4.91337e-19
-0.747269	4.76851e-19
-0.745953	4.6029e-19
-0.744636	4.41737e-19
-0.743319	4.23147e-19
-0.742002	4.03567e-19
-0.740686	3.93519e-19
-0.739369	4.03826e-19
-0.738052	4.21156e-19
-0.736735	4.36137e-19
-0.735418	4.53949e-19
-0.734102	4.67543e-19
-0.732785	4.6619e-19
-0.731468	4.57543e-19
-0.730151	4.4992e-19
-0.728835	4.41955e-19
-0.727518	4.39858e-19
-0.726201	4.49731e-19
-0.724884	4.6366e-19
-0.723567	4.76403e-19
-0.722251	4.91612e-19
-0.720934	5.02859e-19
-0.719617	5.00945e-19
-0.7183	4.92705e-19
-0.716984	4.85201e-19
-0.715667	4.78657e-19
-0.71435	4.72043e-19
-0.713033	4.62467e-19
-0.711717	4.50855e-19
-0.7104	4.39172e-19
-0.709083	4.28263e-19
-0.707766	4.17654e-19
-0.706449	4.05441e-19
-0.705133	3.91992e-19
-0.703816	3.78565e-19
-0.702499	3.65669e-19
-0.701182	3.52985e-19
-0.699866	3.39333e-19
-0.698549	3.24746e-19
-0.697232	3.10036e-19
-0.695915	2.95832e-19
-0.694598	2.82098e-19
-0.693282	2.68006e-19
-0.691965	2.53335e-19
-0.690648	2.38425e-19
-0.689331	2.23284e-19
-0.688015	2.09858e-19
-0.686698	1.9997e-19
-0.685381	1.91285e-19
-0.684064	1.82208e-19
-0.682747	1.73267e-19
-0.681431	1.65266e-19
-0.680114	1.58721e-19
-0.678797	1.52532e-19
-0.67748	1.46146e-19
-0.676164	1.40054e-19
-0.674847	1.34293e-19
-0.67353	1.28425e-19
-0.672213	1.22271e-19
-0.670897	1.16065e-19
-0.66958	1.10024e-19
-0.668263	1.04407e-19
-0.666946	9.91752e-20
-0.665629	9.39318e-20
-0.664313	8.86238e-20
-0.662996	8.3494e-20
-0.661679	7.87568e-20
-0.660362	7.43244e-20
-0.659046	6.98585e-20
-0.657729	6.53299e-20
-0.656412	6.09326e-20
-0.655095	5.67676e-20
-0.653778	5.26883e-20
-0.652462	4.84375e-20
-0.651145	4.40374e-20
-0.649828	3.97575e-20
-0.648511	3.57945e-20
-0.647195	3.19965e-20
-0.645878	2.80927e-20
-0.644561	2.40895e-20
-0.643244	2.01502e-20
-0.641927	1.65094e-20
-0.640611	1.31399e-20
-0.639294	9.6943e-21
-0.637977	6.09196e-21
-0.63666	2.44559e-21
-0.635344	-1.09782e-21
-0.634027	-4.48448e-21
-0.63271	-7.89667e-21
-0.631393	-1.13817e-20
-0.630077	-1.48288e-20
-0.62876	-1.80826e-20
-0.627443	-2.11232e-20
-0.626126	-2.42164e-20
-0.624809	-2.74799e-20
-0.623493	-3.07714e-20
-0.622176	-3.38839e-20
-0.620859	-3.67896e-20
-0.619542	-3.97009e-20
-0.618226	-4.26522e-20
-0.616909	-4.55812e-20
-0.615592	-4.82977e-20
-0.614275	-5.06195e-20
-0.612958	-5.28454e-20
-0.611642	-5.51709e-20
-0.610325	-5.75318e-20
-0.609008	-5.98192e-20
-0.607691	-6.19384e-20
-0.606375	-6.40585e-20
-0.605058	-6.62809e-20
-0.603741	-6.84637e-20
-0.602424	-7.04229e-20
-0.601107	-7.21799e-20
-0.599791	-7.39658e-20
-0.598474	-7.582e-20
-0.597157	-7.76329e-20
-0.59584	-7.91879e-20
-0.594524	-8.03664e-20
-0.593207	-8.14631e-20
-0.59189	-8.26468e-20
-0.590573	-8.39295e-20
-0.589257	-8.52e-20
-0.58794	-8.62637e-20
-0.586623	-8.72584e-20
-0.585306	-8.82686e-20
-0.583989	-8.92771e-20
-0.582673	-9.02427e-20
-0.581356	-9.10871e-20
-0.580039	-9.19734e-20
-0.578722	-9.30626e-20
-0.577406	-9.43317e-20
-0.576089	-9.54985e-20
-0.574772	-9.63574e-20
-0.573455	-9.71798e-20
-0.572138	-9.80712e-20
-0.570822	-9.89873e-20
-0.569505	-9.97961e-20
-0.568188	-1.00274e-19
-0.566871	-1.00657e-19
-0.565555	-1.01116e-19
-0.564238	-1.01672e-19
-0.562921	-1.0217e-19
-0.561604	-1.02325e-19
-0.560287	-1.02371e-19
-0.558971	-1.02544e-19
-0.557654	-1.02834e-19
-0.556337	-1.03074e-19
-0.55502	-1.03095e-19
-0.553704	-1.03093e-19
-0.552387	-1.03235e-19
-0.55107	-1.03501e-19
-0.549753	-1.03717e-19
-0.548437	-1.03713e-19
-0.54712	-1.03648e-19
-0.545803	-1.03772e-19
-0.544486	-1.04114e-19
-0.543169	-1.04379e-19
-0.541853	-1.04404e-19
-0.540536	-1.04396e-19
-0.539219	-1.04489e-19
-0.537902	-1.04658e-19
-0.536586	-1.0469e-19
-0.535269	-1.04453e-19
-0.533952	-1.04113e-19
-0.532635	-1.0377e-19
-0.531318	-1.03466e-19
-0.530002	-1.03119e-19
-0.528685	-1.02603e-19
-0.527368	-1.02067e-19
-0.526051	-1.01606e-19
-0.524735	-1.01204e-19
-0.523418	-1.00754e-19
-0.522101	-1.00132e-19
-0.520784	-9.95077e-20
-0.519467	-9.90178e-20
-0.518151	-9.86479e-20
-0.516834	-9.82834e-20
-0.515517	-9.7758e-20
-0.5142	-9.71853e-20
-0.512884	-9.66563e-20
-0.511567	-9.61772e-20
-0.51025	-9.57043e-20
-0.508933	-9.50839e-20
-0.507617	-9.44014e-20
-0.5063	-9.37758e-20
-0.504983	-9.33391e-20
-0.503666	-9.31137e-20
-0.502349	-9.2855e-20
-0.501033	-9.25748e-20
-0.499716	-9.23942e-20
-0.498399	-9.23005e-20
-0.497082	-9.21698e-20
-0.495766	-9.18828e-20
-0.494449	-9.15751e-20
-0.493132	-9.1359e-20
-0.491815	-9.12118e-20
-0.490498	-9.10264e-20
-0.489182	-9.06986e-20
-0.487865	-9.03367e-20
-0.486548	-9.001e-20
-0.485231	-8.96984e-20
-0.483915	-8.93468e-20
-0.482598	-8.88812e-20
-0.481281	-8.83898e-20
-0.479964	-8.79468e-20
-0.478647	-8.75547e-20
-0.477331	-8.71405e-20
-0.476014	-8.6612e-20
-0.474697	-8.60738e-20
-0.47338	-8.56102e-20
-0.472064	-8.52385e-20
-0.470747	-8.49169e-20
-0.46943	-8.45236e-20
-0.468113	-8.41004e-20
-0.466796	-8.37181e-20
-0.46548	-8.33817e-20
-0.464163	-8.30302e-20
-0.462846	-8.25725e-20
-0.461529	-8.20777e-20
-0.460213	-8.15969e-20
-0.458896	-8.10312e-20
-0.457579	-8.02835e-20
-0.456262	-7.93849e-20
-0.454946	-7.84761e-20
-0.453629	-7.76293e-20
-0.452312	-7.67465e-20
-0.450995	-7.56933e-20
-0.449678	-7.44963e-20
-0.448362	-7.32629e-20
-0.447045	-7.20151e-20
-0.445728	-7.073e-20
-0.444411	-6.935e-20
-0.443095	-6.78538e-20
-0.441778	-6.63251e-20
-0.440461	-6.48285e-20
-0.439144	-6.33426e-20
-0.437827	-6.17674e-20
-0.436511	-6.00723e-20
-0.435194	-5.83722e-20
-0.433877	-5.6738e-20
-0.43256	-5.52362e-20
-0.431244	-5.38589e-20
-0.429927	-5.24622e-20
-0.42861	-5.10787e-20
-0.427293	-4.98061e-20
-0.425976	-4.8735e-20
-0.42466	-4.78689e-20
-0.423343	-4.70234e-20
-0.422026	-4.61765e-20
-0.420709	-4.5412e-20
-0.419393	-4.48088e-20
-0.418076	-4.43473e-20
-0.416759	-4.38787e-20
-0.415442	-4.34241e-20
-0.414126	-4.30221e-20
-0.412809	-4.26252e-20
-0.411492	-4.22019e-20
-0.410175	-4.17175e-20
-0.408858	-4.12267e-20
-0.407542	-4.07848e-20
-0.406225	-4.04112e-20
-0.404908	-4.00918e-20
-0.403591	-3.97388e-20
-0.402275	-3.93718e-20
-0.400958	-3.90673e-20
-0.399641	-3.88689e-20
-0.398324	-3.8729e-20
-0.397007	-3.85194e-20
-0.395691	-3.827e-20
-0.394374	-3.81067e-20
-0.393057	-3.80287e-20
-0.39174	-3.79121e-20
-0.390424	-3.77233e-20
-0.389107	-3.7513e-20
-0.38779	-3.73044e-20
-0.386473	-3.71746e-20
-0.385156	-3.71268e-20
-0.38384	-3.7057e-20
-0.382523	-3.70105e-20
-0.381206	-3.70981e-20
-0.379889	-3.73712e-20
-0.378573	-3.77881e-20
-0.377256	-3.82051e-20
-0.375939	-3.86194e-20
-0.374622	-3.90897e-20
-0.373306	-3.96381e-20
-0.371989	-4.02415e-20
-0.370672	-4.08058e-20
-0.369355	-4.13723e-20
-0.368038	-4.20083e-20
-0.366722	-4.26948e-20
-0.365405	-4.33988e-20
-0.364088	-4.40814e-20
-0.362771	-4.47922e-20
-0.361455	-4.56031e-20
-0.360138	-4.65381e-20
-0.358821	-4.75555e-20
-0.357504	-4.85651e-20
-0.356187	-4.95823e-20
-0.354871	-5.06245e-20
-0.353554	-5.17081e-20
-0.352237	-5.28634e-20
-0.35092	-5.4015e-20
-0.349604	-5.51374e-20
-0.348287	-5.62627e-20
-0.34697	-5.74046e-20
-0.345653	-5.85458e-20
-0.344336	-5.96528e-20
-0.34302	-6.07468e-20
-0.341703	-6.18284e-20
-0.340386	-6.28914e-20
-0.339069	-6.39186e-20
-0.337753	-6.48626e-20
-0.336436	-6.57636e-20
-0.335119	-6.66493e-20
-0.333802	-6.74537e-20
-0.332485	-6.81101e-20
-0.331169	-6.86474e-20
-0.329852	-6.91149e-20
-0.328535	-6.95179e-20
-0.327218	-6.98509e-20
-0.325902	-7.00336e-20
-0.324585	-7.00612e-20
-0.323268	-7.0039e-20
-0.321951	-6.99893e-20
-0.320635	-6.98648e-20
-0.319318	-6.9618e-20
-0.318001	-6.92533e-20
-0.316684	-6.88221e-20
-0.315367	-6.83505e-20
-0.314051	-6.78103e-20
-0.312734	-6.71139e-20
-0.311417	-6.62844e-20
-0.3101	-6.54149e-20
-0.308784	-6.4522e-20
-0.307467	-6.36328e-20
-0.30615	-6.27626e-20
-0.304833	-6.19174e-20
-0.303516	-6.11111e-20
-0.3022	-6.03473e-20
-0.300883	-5.96436e-20
-0.299566	-5.89977e-20
-0.298249	-5.83697e-20
-0.296933	-5.77412e-20
-0.295616	-5.71093e-20
-0.294299	-5.6531e-20
-0.292982	-5.6026e-20
-0.291665	-5.54914e-20
-0.290349	-5.49284e-20
-0.289032	-5.43775e-20
-0.287715	-5.38538e-20
-0.286398	-5.33715e-20
-0.285082	-5.28842e-20
-0.283765	-5.24092e-20
-0.282448	-5.20194e-20
-0.281131	-5.17113e-20
-0.279815	-5.14109e-20
-0.278498	-5.10829e-20
-0.277181	-5.07679e-20
-0.275864	-5.04921e-20
-0.274547	-5.02384e-20
-0.273231	-4.99668e-20
-0.271914	-4.96516e-20
-0.270597	-4.93097e-20
-0.26928	-4.89629e-20
-0.267964	-4.86676e-20
-0.266647	-4.84233e-20
-0.26533	-4.815e-20
-0.264013	-4.78677e-20
-0.262696	-4.76196e-20
-0.26138	-4.74126e-20
-0.260063	-4.72633e-20
-0.258746	-4.71375e-20
-0.257429	-4.70308e-20
-0.256113	-4.69888e-20
-0.254796	-4.70273e-20
-0.253479	-4.7123e-20
-0.252162	-4.72277e-20
-0.250845	-4.73402e-20
-0.249529	-4.74683e-20
-0.248212	-4.76498e-20
-0.246895	-4.79095e-20
-0.245578	-4.81766e-20
-0.244262	-4.8437e-20
-0.242945	-4.87063e-20
-0.241628	-4.89636e-20
-0.240311	-4.92149e-20
-0.238995	-4.94661e-20
-0.237678	-4.97309e-20
-0.236361	-5.00456e-20
-0.235044	-5.04631e-20
-0.233727	-5.09966e-20
-0.232411	-5.157e-20
-0.231094	-5.21433e-20
-0.229777	-5.27198e-20
-0.22846	-5.32653e-20
-0.227144	-5.37467e-20
-0.225827	-5.41803e-20
-0.22451	-5.45876e-20
-0.223193	-5.49674e-20
-0.221876	-5.53211e-20
-0.22056	-5.56239e-20
-0.219243	-5.58735e-20
-0.217926	-5.60907e-20
-0.216609	-5.6283e-20
-0.215293	-5.64424e-20
-0.213976	-5.64938e-20
-0.212659	-5.64247e-20
-0.211342	-5.63044e-20
-0.210026	-5.61409e-20
-0.208709	-5.58757e-20
-0.207392	-5.54459e-20
-0.206075	-5.48979e-20
-0.204758	-5.4285e-20
-0.203442	-5.35879e-20
-0.202125	-5.27162e-20
-0.200808	-5.15388e-20
-0.199491	-5.01404e-20
-0.198175	-4.86695e-20
-0.196858	-4.70987e-20
-0.195541	-4.53858e-20
-0.194224	-4.34971e-20
-0.192907	-4.14374e-20
-0.191591	-3.93e-20
-0.190274	-3.70918e-20
-0.188957	-3.47157e-20
-0.18764	-3.21435e-20
-0.186324	-2.94727e-20
-0.185007	-2.67803e-20
-0.18369	-2.40589e-20
-0.182373	-2.13073e-20
-0.181056	-1.84945e-20
-0.17974	-1.55906e-20
-0.178423	-1.26443e-20
-0.177106	-9.66346e-21
-0.175789	-6.57158e-21
-0.174473	-3.36689e-21
-0.173156	-1.41745e-22
-0.171839	3.09206e-21
-0.170522	6.3436e-21
-0.169206	9.59085e-21
-0.167889	1.29102e-20
-0.166572	1.63384e-20
-0.165255	1.97889e-20
-0.163938	2.32431e-20
-0.162622	2.67438e-20
-0.161305	3.03026e-20
-0.159988	3.39221e-20
-0.158671	3.75774e-20
-0.157355	4.12286e-20
-0.156038	4.48972e-20
-0.154721	4.86658e-20
-0.153404	5.25321e-20
-0.152087	5.64376e-20
-0.150771	6.03759e-20
-0.149454	6.43058e-20
-0.148137	6.82078e-20
-0.14682	7.21185e-20
-0.145504	7.60336e-20
-0.144187	7.9947e-20
-0.14287	8.3906e-20
-0.141553	8.79682e-20
-0.140236	9.21137e-20
-0.13892	9.62934e-20
-0.137603	1.00518e-19
-0.136286	1.04742e-19
-0.134969	1.08934e-19
-0.133653	1.13182e-19
-0.132336	1.1747e-19
-0.131019	1.21765e-19
-0.129702	1.26183e-19
-0.128385	1.30787e-19
-0.127069	1.35488e-19
-0.125752	1.40244e-19
-0.124435	1.45084e-19
-0.123118	1.5001e-19
-0.121802	1.55063e-19
-0.120485	1.60239e-19
-0.119168	1.65464e-19
-0.117851	1.70782e-19
-0.116535	1.76226e-19
-0.115218	1.81728e-19
-0.113901	1.87283e-19
-0.112584	1.92899e-19
-0.111267	1.98549e-19
-0.109951	2.04282e-19
-0.108634	2.10186e-19
-0.107317	2.16222e-19
-0.106	2.22301e-19
-0.104684	2.28438e-19
-0.103367	2.34624e-19
-0.10205	2.40825e-19
-0.100733	2.47057e-19
-0.0994165	2.53305e-19
-0.0980997	2.59521e-19
-0.0967829	2.65718e-19
-0.0954661	2.71913e-19
-0.0941494	2.78099e-19
-0.0928326	2.84287e-19
-0.0915158	2.90466e-19
-0.090199	2.96554e-19
-0.0888823	3.02538e-19
-0.0875655	3.08495e-19
-0.0862487	3.14432e-19
-0.0849319	3.20288e-19
-0.0836152	3.26052e-19
-0.0822984	3.31776e-19
-0.0809816	3.37503e-19
-0.0796648	3.43219e-19
-0.0783481	3.4889e-19
-0.0770313	3.54422e-19
-0.0757145	3.59767e-19
-0.0743978	3.65028e-19
-0.073081	3.70237e-19
-0.0717642	3.75331e-19
-0.0704474	3.80268e-19
-0.0691307	3.85025e-19
-0.0678139	3.89676e-19
-0.0664971	3.94262e-19
-0.0651803	3.98721e-19
-0.0638636	4.03002e-19
-0.0625468	4.07149e-19
-0.06123	4.11284e-19
-0.0599132	4.15417e-19
-0.0585965	4.19507e-19
-0.0572797	4.23537e-19
-0.0559629	4.27474e-19
-0.0546461	4.31376e-19
-0.0533294	4.35283e-19
-0.0520126	4.3915e-19
-0.0506958	4.43013e-19
-0.049379	4.46958e-19
-0.0480623	4.50974e-19
-0.0467455	4.54982e-19
-0.0454287	4.58941e-19
-0.0441119	4.62823e-19
-0.0427952	4.66629e-19
-0.0414784	4.70409e-19
-0.0401616	4.74178e-19
-0.0388448	4.77905e-19
-0.0375281	4.81551e-19
-0.0362113	4.85096e-19
-0.0348945	4.88578e-19
-0.0335777	4.92019e-19
-0.032261	4.95375e-19
-0.0309442	4.98562e-19
-0.0296274	5.01558e-19
-0.0283106	5.04481e-19
-0.0269939	5.07391e-19
-0.0256771	5.10227e-19
-0.0243603	5.12933e-19
-0.0230436	5.15529e-19
-0.0217268	5.18087e-19
-0.02041	5.20632e-19
-0.0190932	5.2313e-19
-0.0177765	5.25494e-19
-0.0164597	5.27689e-19
-0.0151429	5.29826e-19
-0.0138261	5.31928e-19
-0.0125094	5.33961e-19
-0.0111926	5.35935e-19
-0.00987581	5.3783e-19
-0.00855903	5.39679e-19
-0.00724226	5.41534e-19
-0.00592548	5.43396e-19
-0.00460871	5.4525e-19
-0.00329194	5.47107e-19
-0.00197516	5.49011e-19
-0.000658387	5.5095e-19
0	5.51922e-19
)
