(title "dX-Velocity/dy vs. Y-Coordinate")
(labels "Y-Coordinate" "dX-Velocity/dy")

((xy/key/label "line")
-1	73.5578
-0.999499	63.1824
-0.998922	57.2647
-0.998259	59.1019
-0.997497	47.8533
-0.99662	37.4406
-0.995612	29.5001
-0.994452	23.569
-0.993119	19.0849
-0.991585	15.6427
-0.989821	12.9633
-0.987793	10.8529
-0.985461	9.16769
-0.982808	7.81076
-0.980156	6.8161
-0.977503	6.04946
-0.97485	5.43894
-0.972198	4.94325
-0.969545	4.5335
-0.966892	4.18912
-0.96424	3.89548
-0.961587	3.64195
-0.958934	3.42054
-0.956282	3.22531
-0.953629	3.05179
-0.950977	2.89644
-0.948324	2.75652
-0.945671	2.62978
-0.943019	2.51442
-0.940366	2.40896
-0.937713	2.31217
-0.935061	2.22304
-0.932408	2.14066
-0.929755	2.06429
-0.927103	1.99336
-0.92445	1.92728
-0.921797	1.86548
-0.919145	1.80759
-0.916492	1.75333
-0.913839	1.70233
-0.911187	1.6543
-0.908534	1.60895
-0.905881	1.56605
-0.903229	1.52544
-0.900576	1.48699
-0.897923	1.45049
-0.895271	1.41573
-0.892618	1.38262
-0.889966	1.35109
-0.887313	1.32099
-0.88466	1.29227
-0.882008	1.26482
-0.879355	1.23848
-0.876702	1.21321
-0.87405	1.18898
-0.871397	1.16576
-0.868744	1.14345
-0.866092	1.122
-0.863439	1.10136
-0.860786	1.08145
-0.858134	1.06223
-0.855481	1.0437
-0.852828	1.02582
-0.850176	1.00858
-0.847523	0.991947
-0.84487	0.975823
-0.842218	0.960208
-0.839565	0.945072
-0.836912	0.930397
-0.83426	0.916199
-0.831607	0.902436
-0.828954	0.889112
-0.826302	0.876166
-0.823649	0.863588
-0.820997	0.851384
-0.818344	0.839465
-0.815691	0.827847
-0.813039	0.81655
-0.810386	0.805588
-0.807733	0.794914
-0.805081	0.784528
-0.802428	0.774434
-0.799775	0.764589
-0.797123	0.754987
-0.79447	0.745639
-0.791817	0.736458
-0.789165	0.727452
-0.786512	0.718699
-0.783859	0.710132
-0.781207	0.701752
-0.778554	0.693572
-0.775901	0.685602
-0.773249	0.677817
-0.770596	0.670195
-0.767943	0.662744
-0.765291	0.655417
-0.762638	0.648272
-0.759985	0.641294
-0.757333	0.634431
-0.75468	0.627698
-0.752028	0.621087
-0.749375	0.614583
-0.746722	0.608195
-0.74407	0.601946
-0.741417	0.595819
-0.738764	0.589816
-0.736112	0.58395
-0.733459	0.578175
-0.730806	0.572472
-0.728154	0.566907
-0.725501	0.561448
-0.722848	0.556076
-0.720196	0.550827
-0.717543	0.545646
-0.71489	0.540538
-0.712238	0.535519
-0.709585	0.530552
-0.706932	0.525654
-0.70428	0.520844
-0.701627	0.516102
-0.698974	0.51145
-0.696322	0.506853
-0.693669	0.502341
-0.691016	0.497935
-0.688364	0.493582
-0.685711	0.489281
-0.683059	0.485048
-0.680406	0.480888
-0.677753	0.476782
-0.675101	0.472762
-0.672448	0.468795
-0.669795	0.464845
-0.667143	0.460946
-0.66449	0.457137
-0.661837	0.453347
-0.659185	0.449572
-0.656532	0.445868
-0.653879	0.442199
-0.651227	0.438583
-0.648574	0.435035
-0.645921	0.431507
-0.643269	0.428033
-0.640616	0.424627
-0.637963	0.421239
-0.635311	0.417886
-0.632658	0.414602
-0.630005	0.411372
-0.627353	0.408144
-0.6247	0.404966
-0.622047	0.401824
-0.619395	0.398717
-0.616742	0.395662
-0.614089	0.392589
-0.611437	0.389569
-0.608784	0.386604
-0.606131	0.383637
-0.603479	0.380706
-0.600826	0.377809
-0.598174	0.374964
-0.595521	0.372138
-0.592868	0.369348
-0.590216	0.366574
-0.587563	0.363818
-0.58491	0.361115
-0.582258	0.358429
-0.579605	0.355742
-0.576952	0.353074
-0.5743	0.350459
-0.571647	0.347879
-0.568994	0.345298
-0.566342	0.342718
-0.563689	0.340206
-0.561036	0.337696
-0.558384	0.335204
-0.555731	0.332747
-0.553078	0.330307
-0.550426	0.327902
-0.547773	0.325479
-0.54512	0.32309
-0.542468	0.320738
-0.539815	0.318405
-0.537162	0.316105
-0.53451	0.313788
-0.531857	0.311488
-0.529205	0.309258
-0.526552	0.307011
-0.523899	0.304782
-0.521247	0.302588
-0.518594	0.300376
-0.515941	0.298182
-0.513289	0.296005
-0.510636	0.293845
-0.507983	0.291686
-0.505331	0.289527
-0.502678	0.287421
-0.500025	0.285314
-0.497373	0.283207
-0.49472	0.281153
-0.492067	0.279082
-0.489415	0.277028
-0.486762	0.275009
-0.484109	0.272973
-0.481457	0.270989
-0.478804	0.269023
-0.476151	0.267005
-0.473499	0.265021
-0.470846	0.263072
-0.468193	0.261107
-0.465541	0.259176
-0.462888	0.257262
-0.460236	0.255313
-0.457583	0.2534
-0.45493	0.251556
-0.452278	0.249678
-0.449625	0.247783
-0.446972	0.245939
-0.44432	0.244096
-0.441667	0.242235
-0.439014	0.240392
-0.436362	0.238566
-0.433709	0.236723
-0.431056	0.234898
-0.428404	0.233107
-0.425751	0.231298
-0.423098	0.229508
-0.420446	0.227752
-0.417793	0.225979
-0.41514	0.224207
-0.412488	0.222469
-0.409835	0.220731
-0.407182	0.219011
-0.40453	0.21729
-0.401877	0.215587
-0.399224	0.213902
-0.396572	0.2122
-0.393919	0.210514
-0.391266	0.208829
-0.388614	0.207144
-0.385961	0.205458
-0.383309	0.203773
-0.380656	0.202123
-0.378003	0.20049
-0.375351	0.19884
-0.372698	0.197208
-0.370045	0.195575
-0.367393	0.193942
-0.36474	0.192327
-0.362087	0.19073
-0.359435	0.189115
-0.356782	0.1875
-0.354129	0.185903
-0.351477	0.184323
-0.348824	0.182743
-0.346171	0.181163
-0.343519	0.179583
-0.340866	0.17802
-0.338213	0.176476
-0.335561	0.174931
-0.332908	0.173369
-0.330255	0.171806
-0.327603	0.170279
-0.32495	0.168769
-0.322297	0.167242
-0.319645	0.165715
-0.316992	0.164223
-0.31434	0.162713
-0.311687	0.161221
-0.309034	0.159729
-0.306382	0.158219
-0.303729	0.156745
-0.301076	0.155288
-0.298424	0.153813
-0.295771	0.152356
-0.293118	0.150917
-0.290466	0.149459
-0.287813	0.147985
-0.28516	0.146545
-0.282508	0.145123
-0.279855	0.143666
-0.277202	0.142192
-0.27455	0.14077
-0.271897	0.139383
-0.269244	0.137961
-0.266592	0.136522
-0.263939	0.1351
-0.261286	0.133695
-0.258634	0.132309
-0.255981	0.130887
-0.253328	0.129447
-0.250676	0.128078
-0.248023	0.126709
-0.245371	0.125322
-0.242718	0.123918
-0.240065	0.122531
-0.237413	0.121144
-0.23476	0.11974
-0.232107	0.118388
-0.229455	0.117054
-0.226802	0.115684
-0.224149	0.114298
-0.221497	0.112946
-0.218844	0.111594
-0.216191	0.110225
-0.213539	0.108891
-0.210886	0.107539
-0.208233	0.106187
-0.205581	0.104853
-0.202928	0.103501
-0.200275	0.102185
-0.197623	0.100833
-0.19497	0.0994816
-0.192317	0.098165
-0.189665	0.0968483
-0.187012	0.0954967
-0.184359	0.094145
-0.181707	0.0928108
-0.179054	0.0914943
-0.176402	0.0901952
-0.173749	0.0888611
-0.171096	0.0875445
-0.168444	0.0862278
-0.165791	0.0848762
-0.163138	0.0835596
-0.160486	0.082243
-0.157833	0.0809089
-0.15518	0.0796098
-0.152528	0.0782582
-0.149875	0.076924
-0.147222	0.0756249
-0.14457	0.0742733
-0.141917	0.0729567
-0.139264	0.0716576
-0.136612	0.0703235
-0.133959	0.0690068
-0.131306	0.0676903
-0.128654	0.0663562
-0.126001	0.0650396
-0.123348	0.0636879
-0.120696	0.0623537
-0.118043	0.0610722
-0.11539	0.0597381
-0.112738	0.0583864
-0.110085	0.0570698
-0.107432	0.0557708
-0.10478	0.0544366
-0.102127	0.0530849
-0.0994745	0.0517508
-0.0968219	0.0504342
-0.0941692	0.0491
-0.0915166	0.0477659
-0.0888639	0.0464318
-0.0862113	0.0450801
-0.0835586	0.0437284
-0.080906	0.0423766
-0.0782533	0.0410425
-0.0756006	0.0396733
-0.072948	0.038304
-0.0702953	0.0369699
-0.0676427	0.0356006
-0.06499	0.0342138
-0.0623374	0.032827
-0.0596847	0.0314226
-0.0570321	0.0300183
-0.0543794	0.0286139
-0.0517268	0.0271569
-0.0490741	0.0257174
-0.0464214	0.0242428
-0.0437688	0.0227156
-0.0411161	0.0212585
-0.0384635	0.0197664
-0.0358108	0.0181865
-0.0331582	0.0166242
-0.0305055	0.0150267
-0.0278529	0.0133941
-0.0252002	0.0117967
-0.0225476	0.0101641
-0.0198949	0.00851395
-0.0172423	0.00686383
-0.0145896	0.00528392
-0.0119369	0.00379178
-0.00928429	0.00240497
-0.00663164	0.00124637
-0.00397898	0.000456418
-0.00132633	8.77727e-05
0	0
)
