(title "Static Pressure vs. Y-Coordinate")
(labels "Y-Coordinate" "Static Pressure")

((xy/key/label "line")
-1	-0.000751685
-0.999499	-0.000621694
-0.998922	-0.000400832
-0.998259	-0.00034913
-0.997497	-0.000445836
-0.99662	-0.000571595
-0.995612	-0.000677997
-0.994452	-0.000765124
-0.993119	-0.000839796
-0.991585	-0.000903401
-0.989821	-0.000956481
-0.987793	-0.00100028
-0.985461	-0.00103599
-0.982808	-0.00106476
-0.980156	-0.00108566
-0.977503	-0.00110113
-0.97485	-0.00111279
-0.972198	-0.00112186
-0.969545	-0.00112916
-0.966892	-0.00113526
-0.96424	-0.00114052
-0.961587	-0.00114512
-0.958934	-0.00114912
-0.956282	-0.00115256
-0.953629	-0.00115549
-0.950977	-0.00115794
-0.948324	-0.00115996
-0.945671	-0.00116158
-0.943019	-0.00116283
-0.940366	-0.00116374
-0.937713	-0.00116435
-0.935061	-0.00116467
-0.932408	-0.00116474
-0.929755	-0.00116456
-0.927103	-0.00116415
-0.92445	-0.00116354
-0.921797	-0.00116275
-0.919145	-0.00116177
-0.916492	-0.00116063
-0.913839	-0.00115933
-0.911187	-0.00115789
-0.908534	-0.00115632
-0.905881	-0.00115461
-0.903229	-0.00115279
-0.900576	-0.00115086
-0.897923	-0.00114882
-0.895271	-0.00114667
-0.892618	-0.00114444
-0.889966	-0.00114211
-0.887313	-0.0011397
-0.88466	-0.00113721
-0.882008	-0.00113464
-0.879355	-0.001132
-0.876702	-0.00112928
-0.87405	-0.0011265
-0.871397	-0.00112366
-0.868744	-0.00112075
-0.866092	-0.00111779
-0.863439	-0.00111477
-0.860786	-0.00111169
-0.858134	-0.00110857
-0.855481	-0.00110539
-0.852828	-0.00110217
-0.850176	-0.0010989
-0.847523	-0.00109558
-0.84487	-0.00109223
-0.842218	-0.00108883
-0.839565	-0.00108539
-0.836912	-0.00108191
-0.83426	-0.0010784
-0.831607	-0.00107485
-0.828954	-0.00107126
-0.826302	-0.00106764
-0.823649	-0.00106399
-0.820997	-0.00106031
-0.818344	-0.0010566
-0.815691	-0.00105285
-0.813039	-0.00104908
-0.810386	-0.00104528
-0.807733	-0.00104145
-0.805081	-0.00103759
-0.802428	-0.00103371
-0.799775	-0.0010298
-0.797123	-0.00102587
-0.79447	-0.00102191
-0.791817	-0.00101793
-0.789165	-0.00101393
-0.786512	-0.0010099
-0.783859	-0.00100585
-0.781207	-0.00100178
-0.778554	-0.000997692
-0.775901	-0.000993581
-0.773249	-0.000989451
-0.770596	-0.000985302
-0.767943	-0.000981134
-0.765291	-0.000976949
-0.762638	-0.000972745
-0.759985	-0.000968525
-0.757333	-0.000964287
-0.75468	-0.000960033
-0.752028	-0.000955762
-0.749375	-0.000951475
-0.746722	-0.000947173
-0.74407	-0.000942856
-0.741417	-0.000938524
-0.738764	-0.000934178
-0.736112	-0.000929817
-0.733459	-0.000925443
-0.730806	-0.000921055
-0.728154	-0.000916654
-0.725501	-0.00091224
-0.722848	-0.000907813
-0.720196	-0.000903374
-0.717543	-0.000898922
-0.71489	-0.00089446
-0.712238	-0.000889986
-0.709585	-0.0008855
-0.706932	-0.000881004
-0.70428	-0.000876498
-0.701627	-0.000871981
-0.698974	-0.000867454
-0.696322	-0.000862917
-0.693669	-0.000858371
-0.691016	-0.000853815
-0.688364	-0.00084925
-0.685711	-0.000844677
-0.683059	-0.000840095
-0.680406	-0.000835505
-0.677753	-0.000830907
-0.675101	-0.0008263
-0.672448	-0.000821686
-0.669795	-0.000817064
-0.667143	-0.000812435
-0.66449	-0.000807799
-0.661837	-0.000803156
-0.659185	-0.000798507
-0.656532	-0.000793851
-0.653879	-0.00078919
-0.651227	-0.000784522
-0.648574	-0.000779849
-0.645921	-0.000775171
-0.643269	-0.000770487
-0.640616	-0.000765798
-0.637963	-0.000761105
-0.635311	-0.000756408
-0.632658	-0.000751705
-0.630005	-0.000746999
-0.627353	-0.000742289
-0.6247	-0.000737575
-0.622047	-0.000732858
-0.619395	-0.000728137
-0.616742	-0.000723412
-0.614089	-0.000718685
-0.611437	-0.000713955
-0.608784	-0.000709223
-0.606131	-0.000704487
-0.603479	-0.00069975
-0.600826	-0.000695011
-0.598174	-0.00069027
-0.595521	-0.000685528
-0.592868	-0.000680784
-0.590216	-0.000676039
-0.587563	-0.000671293
-0.58491	-0.000666546
-0.582258	-0.000661799
-0.579605	-0.000657051
-0.576952	-0.000652303
-0.5743	-0.000647556
-0.571647	-0.000642809
-0.568994	-0.000638062
-0.566342	-0.000633317
-0.563689	-0.000628572
-0.561036	-0.000623829
-0.558384	-0.000619087
-0.555731	-0.000614347
-0.553078	-0.00060961
-0.550426	-0.000604874
-0.547773	-0.000600141
-0.54512	-0.00059541
-0.542468	-0.000590682
-0.539815	-0.000585957
-0.537162	-0.000581235
-0.53451	-0.000576517
-0.531857	-0.000571803
-0.529205	-0.000567093
-0.526552	-0.000562386
-0.523899	-0.000557685
-0.521247	-0.000552988
-0.518594	-0.000548295
-0.515941	-0.000543608
-0.513289	-0.000538926
-0.510636	-0.000534249
-0.507983	-0.000529579
-0.505331	-0.000524913
-0.502678	-0.000520254
-0.500025	-0.000515602
-0.497373	-0.000510957
-0.49472	-0.000506317
-0.492067	-0.000501685
-0.489415	-0.00049706
-0.486762	-0.000492442
-0.484109	-0.000487832
-0.481457	-0.00048323
-0.478804	-0.000478636
-0.476151	-0.00047405
-0.473499	-0.000469474
-0.470846	-0.000464906
-0.468193	-0.000460347
-0.465541	-0.000455798
-0.462888	-0.000451258
-0.460236	-0.000446728
-0.457583	-0.000442209
-0.45493	-0.000437701
-0.452278	-0.000433203
-0.449625	-0.000428716
-0.446972	-0.000424241
-0.44432	-0.000419777
-0.441667	-0.000415324
-0.439014	-0.000410883
-0.436362	-0.000406454
-0.433709	-0.000402038
-0.431056	-0.000397634
-0.428404	-0.000393243
-0.425751	-0.000388866
-0.423098	-0.000384502
-0.420446	-0.000380151
-0.417793	-0.000375814
-0.41514	-0.00037149
-0.412488	-0.000367181
-0.409835	-0.000362887
-0.407182	-0.000358607
-0.40453	-0.000354343
-0.401877	-0.000350094
-0.399224	-0.00034586
-0.396572	-0.000341643
-0.393919	-0.000337442
-0.391266	-0.000333257
-0.388614	-0.000329089
-0.385961	-0.000324938
-0.383309	-0.000320805
-0.380656	-0.000316688
-0.378003	-0.00031259
-0.375351	-0.00030851
-0.372698	-0.000304448
-0.370045	-0.000300405
-0.367393	-0.00029638
-0.36474	-0.000292374
-0.362087	-0.000288388
-0.359435	-0.000284421
-0.356782	-0.000280473
-0.354129	-0.000276545
-0.351477	-0.000272638
-0.348824	-0.000268752
-0.346171	-0.000264886
-0.343519	-0.00026104
-0.340866	-0.000257216
-0.338213	-0.000253413
-0.335561	-0.000249632
-0.332908	-0.000245873
-0.330255	-0.000242135
-0.327603	-0.00023842
-0.32495	-0.000234729
-0.322297	-0.000231059
-0.319645	-0.000227411
-0.316992	-0.000223788
-0.31434	-0.000220187
-0.311687	-0.000216611
-0.309034	-0.000213058
-0.306382	-0.00020953
-0.303729	-0.000206026
-0.301076	-0.000202547
-0.298424	-0.000199092
-0.295771	-0.000195663
-0.293118	-0.000192259
-0.290466	-0.000188881
-0.287813	-0.000185528
-0.28516	-0.000182202
-0.282508	-0.000178902
-0.279855	-0.000175628
-0.277202	-0.00017238
-0.27455	-0.000169159
-0.271897	-0.000165964
-0.269244	-0.000162796
-0.266592	-0.000159655
-0.263939	-0.000156541
-0.261286	-0.000153455
-0.258634	-0.000150396
-0.255981	-0.000147366
-0.253328	-0.000144362
-0.250676	-0.000141387
-0.248023	-0.000138441
-0.245371	-0.000135523
-0.242718	-0.000132633
-0.240065	-0.000129773
-0.237413	-0.000126941
-0.23476	-0.000124139
-0.232107	-0.000121365
-0.229455	-0.000118621
-0.226802	-0.000115906
-0.224149	-0.000113221
-0.221497	-0.000110566
-0.218844	-0.000107941
-0.216191	-0.000105345
-0.213539	-0.000102779
-0.210886	-0.000100243
-0.208233	-9.77376e-05
-0.205581	-9.52629e-05
-0.202928	-9.28185e-05
-0.200275	-9.04046e-05
-0.197623	-8.80217e-05
-0.19497	-8.56694e-05
-0.192317	-8.33479e-05
-0.189665	-8.10571e-05
-0.187012	-7.87976e-05
-0.184359	-7.65695e-05
-0.181707	-7.43718e-05
-0.179054	-7.22057e-05
-0.176402	-7.00705e-05
-0.173749	-6.79666e-05
-0.171096	-6.58948e-05
-0.168444	-6.38544e-05
-0.165791	-6.18453e-05
-0.163138	-5.9868e-05
-0.160486	-5.79225e-05
-0.157833	-5.60089e-05
-0.15518	-5.41268e-05
-0.152528	-5.22762e-05
-0.149875	-5.04581e-05
-0.147222	-4.86723e-05
-0.14457	-4.69182e-05
-0.141917	-4.51962e-05
-0.139264	-4.35065e-05
-0.136612	-4.18489e-05
-0.133959	-4.02232e-05
-0.131306	-3.86297e-05
-0.128654	-3.70684e-05
-0.126001	-3.55395e-05
-0.123348	-3.40431e-05
-0.120696	-3.25789e-05
-0.118043	-3.11467e-05
-0.11539	-2.97469e-05
-0.112738	-2.83793e-05
-0.110085	-2.70444e-05
-0.107432	-2.57415e-05
-0.10478	-2.44712e-05
-0.102127	-2.32335e-05
-0.0994745	-2.20282e-05
-0.0968219	-2.08549e-05
-0.0941692	-1.97143e-05
-0.0915166	-1.86062e-05
-0.0888639	-1.75301e-05
-0.0862113	-1.64862e-05
-0.0835586	-1.54748e-05
-0.080906	-1.44956e-05
-0.0782533	-1.35484e-05
-0.0756006	-1.26341e-05
-0.072948	-1.17518e-05
-0.0702953	-1.09011e-05
-0.0676427	-1.00831e-05
-0.06499	-9.29758e-06
-0.0623374	-8.54364e-06
-0.0596847	-7.82173e-06
-0.0570321	-7.13169e-06
-0.0543794	-6.47369e-06
-0.0517268	-5.84823e-06
-0.0490741	-5.25479e-06
-0.0464214	-4.69309e-06
-0.0437688	-4.16301e-06
-0.0411161	-3.66539e-06
-0.0384635	-3.19976e-06
-0.0358108	-2.76566e-06
-0.0331582	-2.3637e-06
-0.0305055	-1.99305e-06
-0.0278529	-1.65444e-06
-0.0252002	-1.34754e-06
-0.0225476	-1.07208e-06
-0.0198949	-8.2846e-07
-0.0172423	-6.16508e-07
-0.0145896	-4.36268e-07
-0.0119369	-2.87571e-07
-0.00928429	-1.70474e-07
-0.00663164	-8.49521e-08
-0.00397898	-3.10378e-08
-0.00132633	-6.01564e-09
0	-5.53107e-09
)
