(title "VW Reynolds Stress vs. Y-Coordinate")
(labels "Y-Coordinate" "VW Reynolds Stress")

((xy/key/label "line")
-1	1.90974e-17
-0.999499	1.28567e-17
-0.998922	3.35542e-18
-0.998259	-6.76231e-19
-0.997497	-3.22914e-18
-0.99662	-3.99683e-18
-0.995612	-2.62619e-18
-0.994452	-1.41168e-18
-0.993119	-9.39422e-19
-0.991585	-2.2198e-19
-0.989821	4.89092e-19
-0.987793	1.18294e-18
-0.985461	1.91956e-18
-0.982808	2.76613e-18
-0.980156	3.86509e-18
-0.977503	4.47213e-18
-0.97485	3.76816e-18
-0.972198	2.6827e-18
-0.969545	1.8991e-18
-0.966892	1.24993e-18
-0.96424	6.64044e-19
-0.961587	4.74998e-20
-0.958934	-5.6618e-19
-0.956282	-1.15815e-18
-0.953629	-1.84188e-18
-0.950977	-2.16786e-18
-0.948324	-1.71093e-18
-0.945671	-1.00607e-18
-0.943019	-4.36356e-19
-0.940366	1.60022e-19
-0.937713	5.21428e-19
-0.935061	2.64743e-19
-0.932408	-2.46414e-19
-0.929755	-6.91181e-19
-0.927103	-1.15205e-18
-0.92445	-1.47634e-18
-0.921797	-1.52764e-18
-0.919145	-1.48976e-18
-0.916492	-1.51338e-18
-0.913839	-1.61737e-18
-0.911187	-1.45548e-18
-0.908534	-7.35053e-19
-0.905881	1.57478e-19
-0.903229	9.66709e-19
-0.900576	1.82241e-18
-0.897923	2.48557e-18
-0.895271	2.66905e-18
-0.892618	2.67484e-18
-0.889966	2.72082e-18
-0.887313	2.84063e-18
-0.88466	2.80625e-18
-0.882008	2.28626e-18
-0.879355	1.59389e-18
-0.876702	9.64193e-19
-0.87405	2.94605e-19
-0.871397	-1.93328e-19
-0.868744	-2.92484e-19
-0.866092	-2.52024e-19
-0.863439	-2.46442e-19
-0.860786	-2.41545e-19
-0.858134	-2.5145e-19
-0.855481	-2.59638e-19
-0.852828	-2.62794e-19
-0.850176	-2.73139e-19
-0.847523	-2.5462e-19
-0.84487	-3.01148e-19
-0.842218	-5.4383e-19
-0.839565	-8.93495e-19
-0.836912	-1.23454e-18
-0.83426	-1.58885e-18
-0.831607	-1.78758e-18
-0.828954	-1.61775e-18
-0.826302	-1.30181e-18
-0.823649	-1.02767e-18
-0.820997	-7.51329e-19
-0.818344	-5.36547e-19
-0.815691	-4.45046e-19
-0.813039	-3.96912e-19
-0.810386	-3.36799e-19
-0.807733	-2.80987e-19
-0.805081	-2.49523e-19
-0.802428	-2.58807e-19
-0.799775	-2.82102e-19
-0.797123	-3.01075e-19
-0.79447	-3.26275e-19
-0.791817	-3.468e-19
-0.789165	-3.39281e-19
-0.786512	-3.13278e-19
-0.783859	-2.86644e-19
-0.781207	-2.64535e-19
-0.778554	-2.53658e-19
-0.775901	-2.52896e-19
-0.773249	-2.5161e-19
-0.770596	-2.47266e-19
-0.767943	-2.47845e-19
-0.765291	-2.52428e-19
-0.762638	-2.51297e-19
-0.759985	-2.44409e-19
-0.757333	-2.37255e-19
-0.75468	-2.33441e-19
-0.752028	-2.32402e-19
-0.749375	-2.28991e-19
-0.746722	-2.22966e-19
-0.74407	-2.17367e-19
-0.741417	-2.14952e-19
-0.738764	-2.1472e-19
-0.736112	-2.11163e-19
-0.733459	-2.03717e-19
-0.730806	-1.94785e-19
-0.728154	-1.85574e-19
-0.725501	-1.77813e-19
-0.722848	-1.70964e-19
-0.720196	-1.6319e-19
-0.717543	-1.5466e-19
-0.71489	-1.46775e-19
-0.712238	-1.40318e-19
-0.709585	-1.34478e-19
-0.706932	-1.28182e-19
-0.70428	-1.21666e-19
-0.701627	-1.15906e-19
-0.698974	-1.12144e-19
-0.696322	-1.10126e-19
-0.693669	-1.0796e-19
-0.691016	-1.05146e-19
-0.688364	-1.02729e-19
-0.685711	-1.02129e-19
-0.683059	-1.03151e-19
-0.680406	-1.03894e-19
-0.677753	-1.04046e-19
-0.675101	-1.04023e-19
-0.672448	-1.04605e-19
-0.669795	-1.06551e-19
-0.667143	-1.08584e-19
-0.66449	-1.09966e-19
-0.661837	-1.11403e-19
-0.659185	-1.12977e-19
-0.656532	-1.14059e-19
-0.653879	-1.14477e-19
-0.651227	-1.14705e-19
-0.648574	-1.14583e-19
-0.645921	-1.13831e-19
-0.643269	-1.1287e-19
-0.640616	-1.11785e-19
-0.637963	-1.10671e-19
-0.635311	-1.09475e-19
-0.632658	-1.08371e-19
-0.630005	-1.0781e-19
-0.627353	-1.07306e-19
-0.6247	-1.06586e-19
-0.622047	-1.0615e-19
-0.619395	-1.06787e-19
-0.616742	-1.08389e-19
-0.614089	-1.10001e-19
-0.611437	-1.11353e-19
-0.608784	-1.13139e-19
-0.606131	-1.15659e-19
-0.603479	-1.18132e-19
-0.600826	-1.2043e-19
-0.598174	-1.22908e-19
-0.595521	-1.25908e-19
-0.592868	-1.30186e-19
-0.590216	-1.35483e-19
-0.587563	-1.40613e-19
-0.58491	-1.45417e-19
-0.582258	-1.49601e-19
-0.579605	-1.52919e-19
-0.576952	-1.56415e-19
-0.5743	-1.59926e-19
-0.571647	-1.62891e-19
-0.568994	-1.65312e-19
-0.566342	-1.67484e-19
-0.563689	-1.7032e-19
-0.561036	-1.73476e-19
-0.558384	-1.76301e-19
-0.555731	-1.78873e-19
-0.553078	-1.81644e-19
-0.550426	-1.84741e-19
-0.547773	-1.87377e-19
-0.54512	-1.89371e-19
-0.542468	-1.9093e-19
-0.539815	-1.926e-19
-0.537162	-1.95058e-19
-0.53451	-1.97681e-19
-0.531857	-1.99983e-19
-0.529205	-2.01399e-19
-0.526552	-2.01637e-19
-0.523899	-2.01795e-19
-0.521247	-2.01955e-19
-0.518594	-2.01893e-19
-0.515941	-2.01453e-19
-0.513289	-2.00753e-19
-0.510636	-2.00749e-19
-0.507983	-2.01032e-19
-0.505331	-2.00933e-19
-0.502678	-2.00078e-19
-0.500025	-1.98432e-19
-0.497373	-1.96985e-19
-0.49472	-1.95712e-19
-0.492067	-1.94147e-19
-0.489415	-1.92607e-19
-0.486762	-1.91602e-19
-0.484109	-1.91169e-19
-0.481457	-1.90803e-19
-0.478804	-1.90313e-19
-0.476151	-1.89871e-19
-0.473499	-1.89895e-19
-0.470846	-1.90452e-19
-0.468193	-1.91018e-19
-0.465541	-1.91501e-19
-0.462888	-1.91738e-19
-0.460236	-1.91584e-19
-0.457583	-1.91527e-19
-0.45493	-1.91601e-19
-0.452278	-1.91555e-19
-0.449625	-1.91481e-19
-0.446972	-1.91794e-19
-0.44432	-1.92632e-19
-0.441667	-1.93507e-19
-0.439014	-1.94253e-19
-0.436362	-1.94963e-19
-0.433709	-1.9571e-19
-0.431056	-1.96672e-19
-0.428404	-1.97638e-19
-0.425751	-1.98379e-19
-0.423098	-1.99107e-19
-0.420446	-2.00208e-19
-0.417793	-2.0177e-19
-0.41514	-2.0342e-19
-0.412488	-2.04988e-19
-0.409835	-2.06285e-19
-0.407182	-2.07196e-19
-0.40453	-2.08087e-19
-0.401877	-2.08895e-19
-0.399224	-2.09491e-19
-0.396572	-2.0971e-19
-0.393919	-2.09489e-19
-0.391266	-2.09319e-19
-0.388614	-2.09232e-19
-0.385961	-2.09159e-19
-0.383309	-2.08877e-19
-0.380656	-2.08198e-19
-0.378003	-2.07524e-19
-0.375351	-2.0674e-19
-0.372698	-2.05665e-19
-0.370045	-2.04384e-19
-0.367393	-2.02992e-19
-0.36474	-2.01743e-19
-0.362087	-2.00516e-19
-0.359435	-1.99164e-19
-0.356782	-1.97569e-19
-0.354129	-1.95671e-19
-0.351477	-1.93811e-19
-0.348824	-1.92043e-19
-0.346171	-1.90311e-19
-0.343519	-1.88689e-19
-0.340866	-1.87262e-19
-0.338213	-1.86084e-19
-0.335561	-1.84917e-19
-0.332908	-1.83619e-19
-0.330255	-1.82339e-19
-0.327603	-1.8124e-19
-0.32495	-1.80303e-19
-0.322297	-1.79316e-19
-0.319645	-1.78219e-19
-0.316992	-1.77064e-19
-0.31434	-1.75994e-19
-0.311687	-1.75126e-19
-0.309034	-1.74248e-19
-0.306382	-1.73267e-19
-0.303729	-1.7196e-19
-0.301076	-1.70135e-19
-0.298424	-1.68236e-19
-0.295771	-1.66254e-19
-0.293118	-1.63962e-19
-0.290466	-1.61366e-19
-0.287813	-1.58523e-19
-0.28516	-1.55772e-19
-0.282508	-1.52999e-19
-0.279855	-1.50008e-19
-0.277202	-1.4627e-19
-0.27455	-1.41347e-19
-0.271897	-1.35995e-19
-0.269244	-1.30505e-19
-0.266592	-1.24745e-19
-0.263939	-1.18753e-19
-0.261286	-1.12673e-19
-0.258634	-1.06672e-19
-0.255981	-1.00398e-19
-0.253328	-9.37442e-20
-0.250676	-8.67287e-20
-0.248023	-7.93053e-20
-0.245371	-7.17382e-20
-0.242718	-6.40915e-20
-0.240065	-5.63775e-20
-0.237413	-4.86485e-20
-0.23476	-4.09144e-20
-0.232107	-3.33374e-20
-0.229455	-2.59792e-20
-0.226802	-1.87364e-20
-0.224149	-1.16045e-20
-0.221497	-4.65183e-21
-0.218844	2.20893e-21
-0.216191	8.95271e-21
-0.213539	1.54686e-20
-0.210886	2.17326e-20
-0.208233	2.76991e-20
-0.205581	3.34172e-20
-0.202928	3.89671e-20
-0.200275	4.4484e-20
-0.197623	4.96419e-20
-0.19497	5.40719e-20
-0.192317	5.81164e-20
-0.189665	6.18811e-20
-0.187012	6.53343e-20
-0.184359	6.8516e-20
-0.181707	7.13824e-20
-0.179054	7.40722e-20
-0.176402	7.65254e-20
-0.173749	7.86945e-20
-0.171096	8.05547e-20
-0.168444	8.19732e-20
-0.165791	8.31217e-20
-0.163138	8.41955e-20
-0.160486	8.5218e-20
-0.157833	8.62206e-20
-0.15518	8.7298e-20
-0.152528	8.84223e-20
-0.149875	8.9442e-20
-0.147222	9.03423e-20
-0.14457	9.11149e-20
-0.141917	9.16737e-20
-0.139264	9.20384e-20
-0.136612	9.22852e-20
-0.133959	9.24866e-20
-0.131306	9.27195e-20
-0.128654	9.30121e-20
-0.126001	9.33423e-20
-0.123348	9.35628e-20
-0.120696	9.35918e-20
-0.118043	9.33538e-20
-0.11539	9.27143e-20
-0.112738	9.18045e-20
-0.110085	9.07321e-20
-0.107432	8.95695e-20
-0.10478	8.81538e-20
-0.102127	8.62629e-20
-0.0994745	8.42192e-20
-0.0968219	8.21881e-20
-0.0941692	8.00798e-20
-0.0915166	7.77644e-20
-0.0888639	7.5133e-20
-0.0862113	7.23343e-20
-0.0835586	6.94271e-20
-0.080906	6.6455e-20
-0.0782533	6.32466e-20
-0.0756006	5.95666e-20
-0.072948	5.56369e-20
-0.0702953	5.15817e-20
-0.0676427	4.74501e-20
-0.06499	4.32795e-20
-0.0623374	3.8967e-20
-0.0596847	3.45523e-20
-0.0570321	3.01193e-20
-0.0543794	2.57041e-20
-0.0517268	2.14209e-20
-0.0490741	1.7286e-20
-0.0464214	1.31525e-20
-0.0437688	9.0732e-21
-0.0411161	5.19072e-21
-0.0384635	1.41317e-21
-0.0358108	-2.43696e-21
-0.0331582	-6.3764e-21
-0.0305055	-1.03387e-20
-0.0278529	-1.4336e-20
-0.0252002	-1.81968e-20
-0.0225476	-2.17609e-20
-0.0198949	-2.52354e-20
-0.0172423	-2.87651e-20
-0.0145896	-3.23469e-20
-0.0119369	-3.59663e-20
-0.00928429	-3.96237e-20
-0.00663164	-4.33347e-20
-0.00397898	-4.70746e-20
-0.00132633	-5.08588e-20
0	-5.27413e-20
)
